key,start,end,epoch,tankl1,tankl2,deltal1,deltal2,hrs1,hrs2,deltahrs1,deltahrs2
UNHCR_OGOJA_OFFICE_DG1_and_DG2_1692571500,2023-08-20T22:45:00,2023-08-20T22:46:00,1692571500,161.39,159.85,0.0,0.0,19156.11,8454.7,0.0,0.0
UNHCR_OGOJA_OFFICE_DG1_and_DG2_1692571560,2023-08-20T22:46:00,2023-08-20T22:47:00,1692571560,161.39,159.85,0.0,0.0,19156.11,8454.7,0.0,0.0
UNHCR_OGOJA_OFFICE_DG1_and_DG2_1692571620,2023-08-20T22:47:00,2023-08-20T22:48:00,1692571620,161.39,159.85,0.0,0.0,19156.11,8454.7,0.0,0.0
UNHCR_OGOJA_OFFICE_DG1_and_DG2_1692571680,2023-08-20T22:48:00,2023-08-20T22:49:00,1692571680,161.39,159.85,0.0,0.0,19156.11,8454.7,0.0,0.0
UNHCR_OGOJA_OFFICE_DG1_and_DG2_1692571740,2023-08-20T22:49:00,2023-08-20T22:50:00,1692571740,161.39,159.85,0.0,0.0,19156.11,8454.7,0.0,0.0
UNHCR_OGOJA_OFFICE_DG1_and_DG2_1692571800,2023-08-20T22:50:00,2023-08-20T22:51:00,1692571800,161.39,159.85,0.0,0.0,19156.11,8454.7,0.0,0.0
UNHCR_OGOJA_OFFICE_DG1_and_DG2_1692571860,2023-08-20T22:51:00,2023-08-20T22:52:00,1692571860,161.39,159.85,0.0,0.0,19156.11,8454.7,0.0,0.0
UNHCR_OGOJA_OFFICE_DG1_and_DG2_1692571920,2023-08-20T22:52:00,2023-08-20T22:53:00,1692571920,161.39,159.85,0.0,0.0,19156.11,8454.7,0.0,0.0
UNHCR_OGOJA_OFFICE_DG1_and_DG2_1692571980,2023-08-20T22:53:00,2023-08-20T22:54:00,1692571980,161.39,159.85,0.0,0.0,19156.11,8454.7,0.0,0.0
UNHCR_OGOJA_OFFICE_DG1_and_DG2_1692572040,2023-08-20T22:54:00,2023-08-20T22:55:00,1692572040,161.39,159.85,0.0,0.0,19156.11,8454.7,0.0,0.0
UNHCR_OGOJA_OFFICE_DG1_and_DG2_1692572100,2023-08-20T22:55:00,2023-08-20T22:56:00,1692572100,161.39,159.85,0.0,0.0,19156.11,8454.7,0.0,0.0
UNHCR_OGOJA_OFFICE_DG1_and_DG2_1692572160,2023-08-20T22:56:00,2023-08-20T22:57:00,1692572160,161.39,159.85,0.0,0.0,19156.11,8454.7,0.0,0.0
UNHCR_OGOJA_OFFICE_DG1_and_DG2_1692572220,2023-08-20T22:57:00,2023-08-20T22:58:00,1692572220,161.39,159.85,0.0,0.0,19156.11,8454.7,0.0,0.0
UNHCR_OGOJA_OFFICE_DG1_and_DG2_1692572280,2023-08-20T22:58:00,2023-08-20T22:59:00,1692572280,161.39,159.85,0.0,0.0,19156.11,8454.7,0.0,0.0
UNHCR_OGOJA_OFFICE_DG1_and_DG2_1692572340,2023-08-20T22:59:00,2023-08-20T23:00:00,1692572340,161.39,159.85,0.0,0.0,19156.11,8454.7,0.0,0.0
UNHCR_OGOJA_OFFICE_DG1_and_DG2_1692572400,2023-08-20T23:00:00,2023-08-20T23:01:00,1692572400,161.39,159.85,0.0,0.0,19156.11,8454.7,0.0,0.0
UNHCR_OGOJA_OFFICE_DG1_and_DG2_1692572460,2023-08-20T23:01:00,2023-08-20T23:02:00,1692572460,161.39,159.85,0.0,0.0,19156.11,8454.7,0.0,0.0
UNHCR_OGOJA_OFFICE_DG1_and_DG2_1692572520,2023-08-20T23:02:00,2023-08-20T23:03:00,1692572520,161.39,159.85,0.0,0.0,19156.11,8454.7,0.0,0.0
UNHCR_OGOJA_OFFICE_DG1_and_DG2_1692572580,2023-08-20T23:03:00,2023-08-20T23:04:00,1692572580,161.39,159.85,0.0,0.0,19156.11,8454.7,0.0,0.0
UNHCR_OGOJA_OFFICE_DG1_and_DG2_1692572640,2023-08-20T23:04:00,2023-08-20T23:05:00,1692572640,161.39,159.85,0.0,0.0,19156.11,8454.7,0.0,0.0
UNHCR_OGOJA_OFFICE_DG1_and_DG2_1692572700,2023-08-20T23:05:00,2023-08-20T23:06:00,1692572700,161.39,159.85,0.0,0.0,19156.11,8454.7,0.0,0.0
UNHCR_OGOJA_OFFICE_DG1_and_DG2_1692572760,2023-08-20T23:06:00,2023-08-20T23:07:00,1692572760,161.39,159.85,0.0,0.0,19156.11,8454.7,0.0,0.0
UNHCR_OGOJA_OFFICE_DG1_and_DG2_1692572820,2023-08-20T23:07:00,2023-08-20T23:08:00,1692572820,161.39,159.85,0.0,0.0,19156.11,8454.7,0.0,0.0
UNHCR_OGOJA_OFFICE_DG1_and_DG2_1692572880,2023-08-20T23:08:00,2023-08-20T23:09:00,1692572880,161.39,159.85,0.0,0.0,19156.11,8454.7,0.0,0.0
UNHCR_OGOJA_OFFICE_DG1_and_DG2_1692572940,2023-08-20T23:09:00,2023-08-20T23:10:00,1692572940,161.39,159.85,0.0,0.0,19156.11,8454.7,0.0,0.0
UNHCR_OGOJA_OFFICE_DG1_and_DG2_1692573000,2023-08-20T23:10:00,2023-08-20T23:11:00,1692573000,161.39,159.85,0.0,0.0,19156.11,8454.7,0.0,0.0
UNHCR_OGOJA_OFFICE_DG1_and_DG2_1692573060,2023-08-20T23:11:00,2023-08-20T23:12:00,1692573060,161.39,159.85,0.0,0.0,19156.11,8454.7,0.0,0.0
UNHCR_OGOJA_OFFICE_DG1_and_DG2_1692573120,2023-08-20T23:12:00,2023-08-20T23:13:00,1692573120,161.39,159.85,0.0,0.0,19156.11,8454.7,0.0,0.0
UNHCR_OGOJA_OFFICE_DG1_and_DG2_1692573180,2023-08-20T23:13:00,2023-08-20T23:14:00,1692573180,161.39,159.85,0.0,0.0,19156.11,8454.7,0.0,0.0
UNHCR_OGOJA_OFFICE_DG1_and_DG2_1692573240,2023-08-20T23:14:00,2023-08-20T23:15:00,1692573240,161.39,159.85,0.0,0.0,19156.11,8454.7,0.0,0.0
UNHCR_OGOJA_OFFICE_DG1_and_DG2_1692573300,2023-08-20T23:15:00,2023-08-20T23:16:00,1692573300,161.39,159.85,0.0,0.0,19156.11,8454.7,0.0,0.0
UNHCR_OGOJA_OFFICE_DG1_and_DG2_1692573360,2023-08-20T23:16:00,2023-08-20T23:17:00,1692573360,161.39,159.85,0.0,0.0,19156.11,8454.7,0.0,0.0
UNHCR_OGOJA_OFFICE_DG1_and_DG2_1692573420,2023-08-20T23:17:00,2023-08-20T23:18:00,1692573420,161.39,159.85,0.0,0.0,19156.11,8454.7,0.0,0.0
UNHCR_OGOJA_OFFICE_DG1_and_DG2_1692573480,2023-08-20T23:18:00,2023-08-20T23:19:00,1692573480,161.39,159.85,0.0,0.0,19156.11,8454.7,0.0,0.0
UNHCR_OGOJA_OFFICE_DG1_and_DG2_1692573540,2023-08-20T23:19:00,2023-08-20T23:20:00,1692573540,161.39,159.85,0.0,0.0,19156.11,8454.7,0.0,0.0
UNHCR_OGOJA_OFFICE_DG1_and_DG2_1692573600,2023-08-20T23:20:00,2023-08-20T23:21:00,1692573600,161.39,159.85,0.0,0.0,19156.11,8454.7,0.0,0.0
UNHCR_OGOJA_OFFICE_DG1_and_DG2_1692573660,2023-08-20T23:21:00,2023-08-20T23:22:00,1692573660,161.39,159.85,0.0,0.0,19156.11,8454.7,0.0,0.0
UNHCR_OGOJA_OFFICE_DG1_and_DG2_1692573720,2023-08-20T23:22:00,2023-08-20T23:23:00,1692573720,161.39,159.85,0.0,0.0,19156.11,8454.7,0.0,0.0
UNHCR_OGOJA_OFFICE_DG1_and_DG2_1692573780,2023-08-20T23:23:00,2023-08-20T23:24:00,1692573780,161.39,159.85,0.0,0.0,19156.11,8454.7,0.0,0.0
UNHCR_OGOJA_OFFICE_DG1_and_DG2_1692573840,2023-08-20T23:24:00,2023-08-20T23:25:00,1692573840,161.39,159.85,0.0,0.0,19156.11,8454.7,0.0,0.0
UNHCR_OGOJA_OFFICE_DG1_and_DG2_1692573900,2023-08-20T23:25:00,2023-08-20T23:26:00,1692573900,161.39,159.85,0.0,0.0,19156.11,8454.7,0.0,0.0
UNHCR_OGOJA_OFFICE_DG1_and_DG2_1692573960,2023-08-20T23:26:00,2023-08-20T23:27:00,1692573960,161.39,159.85,0.0,0.0,19156.11,8454.7,0.0,0.0
UNHCR_OGOJA_OFFICE_DG1_and_DG2_1692574020,2023-08-20T23:27:00,2023-08-20T23:28:00,1692574020,161.39,159.85,0.0,0.0,19156.11,8454.7,0.0,0.0
UNHCR_OGOJA_OFFICE_DG1_and_DG2_1692574080,2023-08-20T23:28:00,2023-08-20T23:29:00,1692574080,161.39,159.85,0.0,0.0,19156.11,8454.7,0.0,0.0
UNHCR_OGOJA_OFFICE_DG1_and_DG2_1692574140,2023-08-20T23:29:00,2023-08-20T23:30:00,1692574140,161.39,159.85,0.0,0.0,19156.11,8454.7,0.0,0.0
UNHCR_OGOJA_OFFICE_DG1_and_DG2_1692574200,2023-08-20T23:30:00,2023-08-20T23:31:00,1692574200,161.39,159.85,0.0,0.0,19156.11,8454.7,0.0,0.0
UNHCR_OGOJA_OFFICE_DG1_and_DG2_1692574260,2023-08-20T23:31:00,2023-08-20T23:32:00,1692574260,161.39,159.85,0.0,0.0,19156.11,8454.7,0.0,0.0
UNHCR_OGOJA_OFFICE_DG1_and_DG2_1692574320,2023-08-20T23:32:00,2023-08-20T23:33:00,1692574320,161.39,159.85,0.0,0.0,19156.11,8454.7,0.0,0.0
UNHCR_OGOJA_OFFICE_DG1_and_DG2_1692574380,2023-08-20T23:33:00,2023-08-20T23:34:00,1692574380,161.39,159.85,0.0,0.0,19156.11,8454.7,0.0,0.0
UNHCR_OGOJA_OFFICE_DG1_and_DG2_1692574440,2023-08-20T23:34:00,2023-08-20T23:35:00,1692574440,161.39,159.85,0.0,0.0,19156.11,8454.7,0.0,0.0
UNHCR_OGOJA_OFFICE_DG1_and_DG2_1692574500,2023-08-20T23:35:00,2023-08-20T23:36:00,1692574500,161.39,159.85,0.0,0.0,19156.11,8454.7,0.0,0.0
UNHCR_OGOJA_OFFICE_DG1_and_DG2_1692574560,2023-08-20T23:36:00,2023-08-20T23:37:00,1692574560,161.39,159.85,0.0,0.0,19156.11,8454.7,0.0,0.0
UNHCR_OGOJA_OFFICE_DG1_and_DG2_1692574620,2023-08-20T23:37:00,2023-08-20T23:38:00,1692574620,161.39,159.85,0.0,0.0,19156.11,8454.7,0.0,0.0
UNHCR_OGOJA_OFFICE_DG1_and_DG2_1692574680,2023-08-20T23:38:00,2023-08-20T23:39:00,1692574680,161.39,159.85,0.0,0.0,19156.11,8454.7,0.0,0.0
UNHCR_OGOJA_OFFICE_DG1_and_DG2_1692574740,2023-08-20T23:39:00,2023-08-20T23:40:00,1692574740,161.39,159.85,0.0,0.0,19156.11,8454.7,0.0,0.0
UNHCR_OGOJA_OFFICE_DG1_and_DG2_1692574800,2023-08-20T23:40:00,2023-08-20T23:41:00,1692574800,161.39,159.85,0.0,0.0,19156.11,8454.7,0.0,0.0
UNHCR_OGOJA_OFFICE_DG1_and_DG2_1692574860,2023-08-20T23:41:00,2023-08-20T23:42:00,1692574860,161.39,159.85,0.0,0.0,19156.11,8454.7,0.0,0.0
UNHCR_OGOJA_OFFICE_DG1_and_DG2_1692574920,2023-08-20T23:42:00,2023-08-20T23:43:00,1692574920,161.39,159.85,0.0,0.0,19156.11,8454.7,0.0,0.0
UNHCR_OGOJA_OFFICE_DG1_and_DG2_1692574980,2023-08-20T23:43:00,2023-08-20T23:44:00,1692574980,161.39,159.85,0.0,0.0,19156.11,8454.7,0.0,0.0
UNHCR_OGOJA_OFFICE_DG1_and_DG2_1692575040,2023-08-20T23:44:00,2023-08-20T23:45:00,1692575040,161.39,159.85,0.0,0.0,19156.11,8454.7,0.0,0.0
UNHCR_OGOJA_OFFICE_DG1_and_DG2_1692575100,2023-08-20T23:45:00,2023-08-20T23:46:00,1692575100,161.39,159.85,0.0,0.0,19156.11,8454.7,0.0,0.0
UNHCR_OGOJA_OFFICE_DG1_and_DG2_1692575160,2023-08-20T23:46:00,2023-08-20T23:47:00,1692575160,161.39,159.85,0.0,0.0,19156.11,8454.7,0.0,0.0
UNHCR_OGOJA_OFFICE_DG1_and_DG2_1692575220,2023-08-20T23:47:00,2023-08-20T23:48:00,1692575220,161.39,159.85,0.0,0.0,19156.11,8454.7,0.0,0.0
UNHCR_OGOJA_OFFICE_DG1_and_DG2_1692575280,2023-08-20T23:48:00,2023-08-20T23:49:00,1692575280,161.39,159.85,0.0,0.0,19156.11,8454.7,0.0,0.0
UNHCR_OGOJA_OFFICE_DG1_and_DG2_1692575340,2023-08-20T23:49:00,2023-08-20T23:50:00,1692575340,161.39,159.85,0.0,0.0,19156.11,8454.7,0.0,0.0
UNHCR_OGOJA_OFFICE_DG1_and_DG2_1692575400,2023-08-20T23:50:00,2023-08-20T23:51:00,1692575400,161.39,159.85,0.0,0.0,19156.11,8454.7,0.0,0.0
UNHCR_OGOJA_OFFICE_DG1_and_DG2_1692575460,2023-08-20T23:51:00,2023-08-20T23:52:00,1692575460,161.39,159.85,0.0,0.0,19156.11,8454.7,0.0,0.0
UNHCR_OGOJA_OFFICE_DG1_and_DG2_1692575520,2023-08-20T23:52:00,2023-08-20T23:53:00,1692575520,161.39,159.85,0.0,0.0,19156.11,8454.7,0.0,0.0
UNHCR_OGOJA_OFFICE_DG1_and_DG2_1692575580,2023-08-20T23:53:00,2023-08-20T23:54:00,1692575580,161.39,159.85,0.0,0.0,19156.11,8454.7,0.0,0.0
UNHCR_OGOJA_OFFICE_DG1_and_DG2_1692575640,2023-08-20T23:54:00,2023-08-20T23:55:00,1692575640,161.39,159.85,0.0,0.0,19156.11,8454.7,0.0,0.0
UNHCR_OGOJA_OFFICE_DG1_and_DG2_1692575700,2023-08-20T23:55:00,2023-08-20T23:56:00,1692575700,161.39,159.85,0.0,0.0,19156.11,8454.7,0.0,0.0
UNHCR_OGOJA_OFFICE_DG1_and_DG2_1692575760,2023-08-20T23:56:00,2023-08-20T23:57:00,1692575760,161.39,159.85,0.0,0.0,19156.11,8454.7,0.0,0.0
UNHCR_OGOJA_OFFICE_DG1_and_DG2_1692575820,2023-08-20T23:57:00,2023-08-20T23:58:00,1692575820,161.39,159.85,0.0,0.0,19156.11,8454.7,0.0,0.0
UNHCR_OGOJA_OFFICE_DG1_and_DG2_1692575880,2023-08-20T23:58:00,2023-08-20T23:59:00,1692575880,161.39,159.85,0.0,0.0,19156.11,8454.7,0.0,0.0
UNHCR_OGOJA_OFFICE_DG1_and_DG2_1692575940,2023-08-20T23:59:00,2023-08-21T00:00:00,1692575940,161.39,159.85,0.0,0.0,19156.11,8454.7,0.0,0.0
UNHCR_OGOJA_OFFICE_DG1_and_DG2_1692576000,2023-08-21T00:00:00,2023-08-21T00:01:00,1692576000,161.39,159.85,0.0,0.0,19156.11,8454.7,0.0,0.0
UNHCR_OGOJA_OFFICE_DG1_and_DG2_1692576060,2023-08-21T00:01:00,2023-08-21T00:02:00,1692576060,161.39,159.85,0.0,0.0,19156.11,8454.7,0.0,0.0
UNHCR_OGOJA_OFFICE_DG1_and_DG2_1692576120,2023-08-21T00:02:00,2023-08-21T00:03:00,1692576120,161.39,159.85,0.0,0.0,19156.11,8454.7,0.0,0.0
UNHCR_OGOJA_OFFICE_DG1_and_DG2_1692576180,2023-08-21T00:03:00,2023-08-21T00:04:00,1692576180,161.39,159.85,0.0,0.0,19156.11,8454.7,0.0,0.0
UNHCR_OGOJA_OFFICE_DG1_and_DG2_1692576240,2023-08-21T00:04:00,2023-08-21T00:05:00,1692576240,161.39,159.85,0.0,0.0,19156.11,8454.7,0.0,0.0
UNHCR_OGOJA_OFFICE_DG1_and_DG2_1692576300,2023-08-21T00:05:00,2023-08-21T00:06:00,1692576300,161.39,159.85,0.0,0.0,19156.11,8454.7,0.0,0.0
UNHCR_OGOJA_OFFICE_DG1_and_DG2_1692576360,2023-08-21T00:06:00,2023-08-21T00:07:00,1692576360,161.39,159.85,0.0,0.0,19156.11,8454.7,0.0,0.0
UNHCR_OGOJA_OFFICE_DG1_and_DG2_1692576420,2023-08-21T00:07:00,2023-08-21T00:08:00,1692576420,161.39,159.85,0.0,0.0,19156.11,8454.7,0.0,0.0
UNHCR_OGOJA_OFFICE_DG1_and_DG2_1692576480,2023-08-21T00:08:00,2023-08-21T00:09:00,1692576480,161.39,159.85,0.0,0.0,19156.11,8454.7,0.0,0.0
UNHCR_OGOJA_OFFICE_DG1_and_DG2_1692576540,2023-08-21T00:09:00,2023-08-21T00:10:00,1692576540,161.39,159.85,0.0,0.0,19156.11,8454.7,0.0,0.0
UNHCR_OGOJA_OFFICE_DG1_and_DG2_1692576600,2023-08-21T00:10:00,2023-08-21T00:11:00,1692576600,161.39,159.85,0.0,0.0,19156.11,8454.7,0.0,0.0
UNHCR_OGOJA_OFFICE_DG1_and_DG2_1692576660,2023-08-21T00:11:00,2023-08-21T00:12:00,1692576660,161.39,159.85,0.0,0.0,19156.11,8454.7,0.0,0.0
UNHCR_OGOJA_OFFICE_DG1_and_DG2_1692576720,2023-08-21T00:12:00,2023-08-21T00:13:00,1692576720,161.39,159.85,0.0,0.0,19156.11,8454.7,0.0,0.0
UNHCR_OGOJA_OFFICE_DG1_and_DG2_1692576780,2023-08-21T00:13:00,2023-08-21T00:14:00,1692576780,161.39,159.85,0.0,0.0,19156.11,8454.7,0.0,0.0
UNHCR_OGOJA_OFFICE_DG1_and_DG2_1692576840,2023-08-21T00:14:00,2023-08-21T00:15:00,1692576840,161.39,159.85,0.0,0.0,19156.11,8454.7,0.0,0.0
UNHCR_OGOJA_OFFICE_DG1_and_DG2_1692576900,2023-08-21T00:15:00,2023-08-21T00:16:00,1692576900,161.39,159.85,0.0,0.0,19156.11,8454.7,0.0,0.0
UNHCR_OGOJA_OFFICE_DG1_and_DG2_1692576960,2023-08-21T00:16:00,2023-08-21T00:17:00,1692576960,161.39,159.85,0.0,0.0,19156.11,8454.7,0.0,0.0
UNHCR_OGOJA_OFFICE_DG1_and_DG2_1692577020,2023-08-21T00:17:00,2023-08-21T00:18:00,1692577020,161.39,159.85,0.0,0.0,19156.11,8454.7,0.0,0.0
UNHCR_OGOJA_OFFICE_DG1_and_DG2_1692577080,2023-08-21T00:18:00,2023-08-21T00:19:00,1692577080,161.39,159.85,0.0,0.0,19156.11,8454.7,0.0,0.0
UNHCR_OGOJA_OFFICE_DG1_and_DG2_1692577140,2023-08-21T00:19:00,2023-08-21T00:20:00,1692577140,161.39,159.85,0.0,0.0,19156.11,8454.7,0.0,0.0
UNHCR_OGOJA_OFFICE_DG1_and_DG2_1692577200,2023-08-21T00:20:00,2023-08-21T00:21:00,1692577200,161.39,159.85,0.0,0.0,19156.11,8454.7,0.0,0.0
UNHCR_OGOJA_OFFICE_DG1_and_DG2_1692577260,2023-08-21T00:21:00,2023-08-21T00:22:00,1692577260,161.39,159.85,0.0,0.0,19156.11,8454.7,0.0,0.0
UNHCR_OGOJA_OFFICE_DG1_and_DG2_1692577320,2023-08-21T00:22:00,2023-08-21T00:23:00,1692577320,161.39,159.85,0.0,0.0,19156.11,8454.7,0.0,0.0
UNHCR_OGOJA_OFFICE_DG1_and_DG2_1692577380,2023-08-21T00:23:00,2023-08-21T00:24:00,1692577380,161.39,159.85,0.0,0.0,19156.11,8454.7,0.0,0.0
UNHCR_OGOJA_OFFICE_DG1_and_DG2_1692577440,2023-08-21T00:24:00,2023-08-21T00:25:00,1692577440,161.39,159.85,0.0,0.0,19156.11,8454.7,0.0,0.0
UNHCR_OGOJA_OFFICE_DG1_and_DG2_1692577500,2023-08-21T00:25:00,2023-08-21T00:26:00,1692577500,161.39,159.85,0.0,0.0,19156.11,8454.7,0.0,0.0
UNHCR_OGOJA_OFFICE_DG1_and_DG2_1692577560,2023-08-21T00:26:00,2023-08-21T00:27:00,1692577560,161.39,159.85,0.0,0.0,19156.11,8454.7,0.0,0.0
UNHCR_OGOJA_OFFICE_DG1_and_DG2_1692577620,2023-08-21T00:27:00,2023-08-21T00:28:00,1692577620,161.39,159.85,0.0,0.0,19156.11,8454.7,0.0,0.0
UNHCR_OGOJA_OFFICE_DG1_and_DG2_1692577680,2023-08-21T00:28:00,2023-08-21T00:29:00,1692577680,161.39,159.85,0.0,0.0,19156.11,8454.7,0.0,0.0
UNHCR_OGOJA_OFFICE_DG1_and_DG2_1692577740,2023-08-21T00:29:00,2023-08-21T00:30:00,1692577740,161.39,159.85,0.0,0.0,19156.11,8454.7,0.0,0.0
UNHCR_OGOJA_OFFICE_DG1_and_DG2_1692577800,2023-08-21T00:30:00,2023-08-21T00:31:00,1692577800,161.39,159.85,0.0,0.0,19156.11,8454.7,0.0,0.0
UNHCR_OGOJA_OFFICE_DG1_and_DG2_1692577860,2023-08-21T00:31:00,2023-08-21T00:32:00,1692577860,161.39,159.85,0.0,0.0,19156.11,8454.7,0.0,0.0
UNHCR_OGOJA_OFFICE_DG1_and_DG2_1692577920,2023-08-21T00:32:00,2023-08-21T00:33:00,1692577920,161.39,159.85,0.0,0.0,19156.11,8454.7,0.0,0.0
UNHCR_OGOJA_OFFICE_DG1_and_DG2_1692577980,2023-08-21T00:33:00,2023-08-21T00:34:00,1692577980,161.39,159.85,0.0,0.0,19156.11,8454.7,0.0,0.0
UNHCR_OGOJA_OFFICE_DG1_and_DG2_1692578040,2023-08-21T00:34:00,2023-08-21T00:35:00,1692578040,161.39,159.85,0.0,0.0,19156.11,8454.7,0.0,0.0
UNHCR_OGOJA_OFFICE_DG1_and_DG2_1692578100,2023-08-21T00:35:00,2023-08-21T00:36:00,1692578100,161.39,159.85,0.0,0.0,19156.11,8454.7,0.0,0.0
UNHCR_OGOJA_OFFICE_DG1_and_DG2_1692578160,2023-08-21T00:36:00,2023-08-21T00:37:00,1692578160,161.39,159.85,0.0,0.0,19156.11,8454.7,0.0,0.0
UNHCR_OGOJA_OFFICE_DG1_and_DG2_1692578220,2023-08-21T00:37:00,2023-08-21T00:38:00,1692578220,161.39,159.85,0.0,0.0,19156.11,8454.7,0.0,0.0
UNHCR_OGOJA_OFFICE_DG1_and_DG2_1692578280,2023-08-21T00:38:00,2023-08-21T00:39:00,1692578280,161.39,159.85,0.0,0.0,19156.11,8454.7,0.0,0.0
UNHCR_OGOJA_OFFICE_DG1_and_DG2_1692578340,2023-08-21T00:39:00,2023-08-21T00:40:00,1692578340,161.39,159.85,0.0,0.0,19156.11,8454.7,0.0,0.0
UNHCR_OGOJA_OFFICE_DG1_and_DG2_1692578400,2023-08-21T00:40:00,2023-08-21T00:41:00,1692578400,161.39,159.85,0.0,0.0,19156.11,8454.7,0.0,0.0
UNHCR_OGOJA_OFFICE_DG1_and_DG2_1692578460,2023-08-21T00:41:00,2023-08-21T00:42:00,1692578460,161.39,159.85,0.0,0.0,19156.11,8454.7,0.0,0.0
UNHCR_OGOJA_OFFICE_DG1_and_DG2_1692578520,2023-08-21T00:42:00,2023-08-21T00:43:00,1692578520,161.39,159.85,0.0,0.0,19156.11,8454.7,0.0,0.0
UNHCR_OGOJA_OFFICE_DG1_and_DG2_1692578580,2023-08-21T00:43:00,2023-08-21T00:44:00,1692578580,161.39,159.85,0.0,0.0,19156.11,8454.7,0.0,0.0
UNHCR_OGOJA_OFFICE_DG1_and_DG2_1692578640,2023-08-21T00:44:00,2023-08-21T00:45:00,1692578640,161.39,159.85,0.0,0.0,19156.11,8454.7,0.0,0.0
UNHCR_OGOJA_OFFICE_DG1_and_DG2_1692578700,2023-08-21T00:45:00,2023-08-21T00:46:00,1692578700,161.39,159.85,0.0,0.0,19156.11,8454.7,0.0,0.0
UNHCR_OGOJA_OFFICE_DG1_and_DG2_1692578760,2023-08-21T00:46:00,2023-08-21T00:47:00,1692578760,161.39,159.85,0.0,0.0,19156.11,8454.7,0.0,0.0
UNHCR_OGOJA_OFFICE_DG1_and_DG2_1692578820,2023-08-21T00:47:00,2023-08-21T00:48:00,1692578820,161.39,159.85,0.0,0.0,19156.11,8454.7,0.0,0.0
UNHCR_OGOJA_OFFICE_DG1_and_DG2_1692578880,2023-08-21T00:48:00,2023-08-21T00:49:00,1692578880,161.39,159.85,0.0,0.0,19156.11,8454.7,0.0,0.0
UNHCR_OGOJA_OFFICE_DG1_and_DG2_1692578940,2023-08-21T00:49:00,2023-08-21T00:50:00,1692578940,161.39,159.85,0.0,0.0,19156.11,8454.7,0.0,0.0
UNHCR_OGOJA_OFFICE_DG1_and_DG2_1692579000,2023-08-21T00:50:00,2023-08-21T00:51:00,1692579000,161.39,159.85,0.0,0.0,19156.11,8454.7,0.0,0.0
UNHCR_OGOJA_OFFICE_DG1_and_DG2_1692579060,2023-08-21T00:51:00,2023-08-21T00:52:00,1692579060,161.39,159.85,0.0,0.0,19156.11,8454.7,0.0,0.0
UNHCR_OGOJA_OFFICE_DG1_and_DG2_1692579120,2023-08-21T00:52:00,2023-08-21T00:53:00,1692579120,161.39,159.85,0.0,0.0,19156.11,8454.7,0.0,0.0
UNHCR_OGOJA_OFFICE_DG1_and_DG2_1692579180,2023-08-21T00:53:00,2023-08-21T00:54:00,1692579180,161.39,159.85,0.0,0.0,19156.11,8454.7,0.0,0.0
UNHCR_OGOJA_OFFICE_DG1_and_DG2_1692579240,2023-08-21T00:54:00,2023-08-21T00:55:00,1692579240,161.39,159.85,0.0,0.0,19156.11,8454.7,0.0,0.0
UNHCR_OGOJA_OFFICE_DG1_and_DG2_1692579300,2023-08-21T00:55:00,2023-08-21T00:56:00,1692579300,161.39,159.85,0.0,0.0,19156.11,8454.7,0.0,0.0
UNHCR_OGOJA_OFFICE_DG1_and_DG2_1692579360,2023-08-21T00:56:00,2023-08-21T00:57:00,1692579360,161.39,159.85,0.0,0.0,19156.11,8454.7,0.0,0.0
UNHCR_OGOJA_OFFICE_DG1_and_DG2_1692579420,2023-08-21T00:57:00,2023-08-21T00:58:00,1692579420,161.39,159.85,0.0,0.0,19156.11,8454.7,0.0,0.0
UNHCR_OGOJA_OFFICE_DG1_and_DG2_1692579480,2023-08-21T00:58:00,2023-08-21T00:59:00,1692579480,161.39,159.85,0.0,0.0,19156.11,8454.7,0.0,0.0
UNHCR_OGOJA_OFFICE_DG1_and_DG2_1692579540,2023-08-21T00:59:00,2023-08-21T01:00:00,1692579540,161.39,159.85,0.0,0.0,19156.11,8454.7,0.0,0.0
UNHCR_OGOJA_OFFICE_DG1_and_DG2_1692579600,2023-08-21T01:00:00,2023-08-21T01:01:00,1692579600,161.39,159.85,0.0,0.0,19156.11,8454.7,0.0,0.0
UNHCR_OGOJA_OFFICE_DG1_and_DG2_1692579660,2023-08-21T01:01:00,2023-08-21T01:02:00,1692579660,161.39,159.85,0.0,0.0,19156.11,8454.7,0.0,0.0
UNHCR_OGOJA_OFFICE_DG1_and_DG2_1692579720,2023-08-21T01:02:00,2023-08-21T01:03:00,1692579720,161.39,159.85,0.0,0.0,19156.11,8454.7,0.0,0.0
UNHCR_OGOJA_OFFICE_DG1_and_DG2_1692579780,2023-08-21T01:03:00,2023-08-21T01:04:00,1692579780,161.39,159.85,0.0,0.0,19156.11,8454.7,0.0,0.0
UNHCR_OGOJA_OFFICE_DG1_and_DG2_1692579840,2023-08-21T01:04:00,2023-08-21T01:05:00,1692579840,161.39,159.85,0.0,0.0,19156.11,8454.7,0.0,0.0
UNHCR_OGOJA_OFFICE_DG1_and_DG2_1692579900,2023-08-21T01:05:00,2023-08-21T01:06:00,1692579900,161.39,159.85,0.0,0.0,19156.11,8454.7,0.0,0.0
UNHCR_OGOJA_OFFICE_DG1_and_DG2_1692579960,2023-08-21T01:06:00,2023-08-21T01:07:00,1692579960,161.39,159.85,0.0,0.0,19156.11,8454.7,0.0,0.0
UNHCR_OGOJA_OFFICE_DG1_and_DG2_1692580020,2023-08-21T01:07:00,2023-08-21T01:08:00,1692580020,161.39,159.85,0.0,0.0,19156.11,8454.7,0.0,0.0
UNHCR_OGOJA_OFFICE_DG1_and_DG2_1692580080,2023-08-21T01:08:00,2023-08-21T01:09:00,1692580080,161.39,159.85,0.0,0.0,19156.11,8454.7,0.0,0.0
UNHCR_OGOJA_OFFICE_DG1_and_DG2_1692580140,2023-08-21T01:09:00,2023-08-21T01:10:00,1692580140,161.39,159.85,0.0,0.0,19156.11,8454.7,0.0,0.0
UNHCR_OGOJA_OFFICE_DG1_and_DG2_1692580200,2023-08-21T01:10:00,2023-08-21T01:11:00,1692580200,161.39,159.85,0.0,0.0,19156.11,8454.7,0.0,0.0
UNHCR_OGOJA_OFFICE_DG1_and_DG2_1692580260,2023-08-21T01:11:00,2023-08-21T01:12:00,1692580260,161.39,159.85,0.0,0.0,19156.11,8454.7,0.0,0.0
UNHCR_OGOJA_OFFICE_DG1_and_DG2_1692580320,2023-08-21T01:12:00,2023-08-21T01:13:00,1692580320,161.39,159.85,0.0,0.0,19156.11,8454.7,0.0,0.0
UNHCR_OGOJA_OFFICE_DG1_and_DG2_1692580380,2023-08-21T01:13:00,2023-08-21T01:14:00,1692580380,161.39,159.85,0.0,0.0,19156.11,8454.7,0.0,0.0
UNHCR_OGOJA_OFFICE_DG1_and_DG2_1692580440,2023-08-21T01:14:00,2023-08-21T01:15:00,1692580440,161.39,159.85,0.0,0.0,19156.11,8454.7,0.0,0.0
UNHCR_OGOJA_OFFICE_DG1_and_DG2_1692580500,2023-08-21T01:15:00,2023-08-21T01:16:00,1692580500,161.39,159.85,0.0,0.0,19156.11,8454.7,0.0,0.0
UNHCR_OGOJA_OFFICE_DG1_and_DG2_1692580560,2023-08-21T01:16:00,2023-08-21T01:17:00,1692580560,161.39,159.85,0.0,0.0,19156.11,8454.7,0.0,0.0
UNHCR_OGOJA_OFFICE_DG1_and_DG2_1692580620,2023-08-21T01:17:00,2023-08-21T01:18:00,1692580620,161.39,159.85,0.0,0.0,19156.11,8454.7,0.0,0.0
UNHCR_OGOJA_OFFICE_DG1_and_DG2_1692580680,2023-08-21T01:18:00,2023-08-21T01:19:00,1692580680,161.39,159.85,0.0,0.0,19156.11,8454.7,0.0,0.0
UNHCR_OGOJA_OFFICE_DG1_and_DG2_1692580740,2023-08-21T01:19:00,2023-08-21T01:20:00,1692580740,161.39,159.85,0.0,0.0,19156.11,8454.7,0.0,0.0
UNHCR_OGOJA_OFFICE_DG1_and_DG2_1692580800,2023-08-21T01:20:00,2023-08-21T01:21:00,1692580800,161.39,159.85,0.0,0.0,19156.11,8454.7,0.0,0.0
UNHCR_OGOJA_OFFICE_DG1_and_DG2_1692580860,2023-08-21T01:21:00,2023-08-21T01:22:00,1692580860,161.39,159.85,0.0,0.0,19156.11,8454.7,0.0,0.0
UNHCR_OGOJA_OFFICE_DG1_and_DG2_1692580920,2023-08-21T01:22:00,2023-08-21T01:23:00,1692580920,161.39,159.85,0.0,0.0,19156.11,8454.7,0.0,0.0
UNHCR_OGOJA_OFFICE_DG1_and_DG2_1692580980,2023-08-21T01:23:00,2023-08-21T01:24:00,1692580980,161.39,159.85,0.0,0.0,19156.11,8454.7,0.0,0.0
UNHCR_OGOJA_OFFICE_DG1_and_DG2_1692581040,2023-08-21T01:24:00,2023-08-21T01:25:00,1692581040,161.39,159.85,0.0,0.0,19156.11,8454.7,0.0,0.0
UNHCR_OGOJA_OFFICE_DG1_and_DG2_1692581100,2023-08-21T01:25:00,2023-08-21T01:26:00,1692581100,161.39,159.85,0.0,0.0,19156.11,8454.7,0.0,0.0
UNHCR_OGOJA_OFFICE_DG1_and_DG2_1692581160,2023-08-21T01:26:00,2023-08-21T01:27:00,1692581160,161.39,159.85,0.0,0.0,19156.11,8454.7,0.0,0.0
UNHCR_OGOJA_OFFICE_DG1_and_DG2_1692581220,2023-08-21T01:27:00,2023-08-21T01:28:00,1692581220,161.39,159.85,0.0,0.0,19156.11,8454.7,0.0,0.0
UNHCR_OGOJA_OFFICE_DG1_and_DG2_1692581280,2023-08-21T01:28:00,2023-08-21T01:29:00,1692581280,161.39,159.85,0.0,0.0,19156.11,8454.7,0.0,0.0
UNHCR_OGOJA_OFFICE_DG1_and_DG2_1692581340,2023-08-21T01:29:00,2023-08-21T01:30:00,1692581340,161.39,159.85,0.0,0.0,19156.11,8454.7,0.0,0.0
UNHCR_OGOJA_OFFICE_DG1_and_DG2_1692581400,2023-08-21T01:30:00,2023-08-21T01:31:00,1692581400,161.39,159.85,0.0,0.0,19156.11,8454.7,0.0,0.0
UNHCR_OGOJA_OFFICE_DG1_and_DG2_1692581460,2023-08-21T01:31:00,2023-08-21T01:32:00,1692581460,161.39,159.85,0.0,0.0,19156.11,8454.7,0.0,0.0
UNHCR_OGOJA_OFFICE_DG1_and_DG2_1692581520,2023-08-21T01:32:00,2023-08-21T01:33:00,1692581520,161.39,159.85,0.0,0.0,19156.11,8454.7,0.0,0.0
UNHCR_OGOJA_OFFICE_DG1_and_DG2_1692581580,2023-08-21T01:33:00,2023-08-21T01:34:00,1692581580,161.39,159.85,0.0,0.0,19156.11,8454.7,0.0,0.0
UNHCR_OGOJA_OFFICE_DG1_and_DG2_1692581640,2023-08-21T01:34:00,2023-08-21T01:35:00,1692581640,161.39,159.85,0.0,0.0,19156.11,8454.7,0.0,0.0
UNHCR_OGOJA_OFFICE_DG1_and_DG2_1692581700,2023-08-21T01:35:00,2023-08-21T01:36:00,1692581700,161.39,159.85,0.0,0.0,19156.11,8454.7,0.0,0.0
UNHCR_OGOJA_OFFICE_DG1_and_DG2_1692581760,2023-08-21T01:36:00,2023-08-21T01:37:00,1692581760,161.39,159.85,0.0,0.0,19156.11,8454.7,0.0,0.0
UNHCR_OGOJA_OFFICE_DG1_and_DG2_1692581820,2023-08-21T01:37:00,2023-08-21T01:38:00,1692581820,161.39,159.85,0.0,0.0,19156.11,8454.7,0.0,0.0
UNHCR_OGOJA_OFFICE_DG1_and_DG2_1692581880,2023-08-21T01:38:00,2023-08-21T01:39:00,1692581880,161.39,159.85,0.0,0.0,19156.11,8454.7,0.0,0.0
UNHCR_OGOJA_OFFICE_DG1_and_DG2_1692581940,2023-08-21T01:39:00,2023-08-21T01:40:00,1692581940,161.39,159.85,0.0,0.0,19156.11,8454.7,0.0,0.0
UNHCR_OGOJA_OFFICE_DG1_and_DG2_1692582000,2023-08-21T01:40:00,2023-08-21T01:41:00,1692582000,161.39,159.85,0.0,0.0,19156.11,8454.7,0.0,0.0
UNHCR_OGOJA_OFFICE_DG1_and_DG2_1692582060,2023-08-21T01:41:00,2023-08-21T01:42:00,1692582060,161.39,159.85,0.0,0.0,19156.11,8454.7,0.0,0.0
UNHCR_OGOJA_OFFICE_DG1_and_DG2_1692582120,2023-08-21T01:42:00,2023-08-21T01:43:00,1692582120,161.39,159.85,0.0,0.0,19156.11,8454.7,0.0,0.0
UNHCR_OGOJA_OFFICE_DG1_and_DG2_1692582180,2023-08-21T01:43:00,2023-08-21T01:44:00,1692582180,161.39,159.85,0.0,0.0,19156.11,8454.7,0.0,0.0
UNHCR_OGOJA_OFFICE_DG1_and_DG2_1692582240,2023-08-21T01:44:00,2023-08-21T01:45:00,1692582240,161.39,159.85,0.0,0.0,19156.11,8454.7,0.0,0.0
UNHCR_OGOJA_OFFICE_DG1_and_DG2_1692582300,2023-08-21T01:45:00,2023-08-21T01:46:00,1692582300,161.39,159.85,0.0,0.0,19156.11,8454.7,0.0,0.0
UNHCR_OGOJA_OFFICE_DG1_and_DG2_1692582360,2023-08-21T01:46:00,2023-08-21T01:47:00,1692582360,161.39,159.85,0.0,0.0,19156.11,8454.7,0.0,0.0
UNHCR_OGOJA_OFFICE_DG1_and_DG2_1692582420,2023-08-21T01:47:00,2023-08-21T01:48:00,1692582420,161.39,159.85,0.0,0.0,19156.11,8454.7,0.0,0.0
UNHCR_OGOJA_OFFICE_DG1_and_DG2_1692582480,2023-08-21T01:48:00,2023-08-21T01:49:00,1692582480,161.39,159.85,0.0,0.0,19156.11,8454.7,0.0,0.0
UNHCR_OGOJA_OFFICE_DG1_and_DG2_1692582540,2023-08-21T01:49:00,2023-08-21T01:50:00,1692582540,161.39,159.85,0.0,0.0,19156.11,8454.7,0.0,0.0
UNHCR_OGOJA_OFFICE_DG1_and_DG2_1692582600,2023-08-21T01:50:00,2023-08-21T01:51:00,1692582600,161.39,159.85,0.0,0.0,19156.11,8454.7,0.0,0.0
UNHCR_OGOJA_OFFICE_DG1_and_DG2_1692582660,2023-08-21T01:51:00,2023-08-21T01:52:00,1692582660,161.39,159.85,0.0,0.0,19156.11,8454.7,0.0,0.0
UNHCR_OGOJA_OFFICE_DG1_and_DG2_1692582720,2023-08-21T01:52:00,2023-08-21T01:53:00,1692582720,161.39,159.85,0.0,0.0,19156.11,8454.7,0.0,0.0
UNHCR_OGOJA_OFFICE_DG1_and_DG2_1692582780,2023-08-21T01:53:00,2023-08-21T01:54:00,1692582780,161.39,159.85,0.0,0.0,19156.11,8454.7,0.0,0.0
UNHCR_OGOJA_OFFICE_DG1_and_DG2_1692582840,2023-08-21T01:54:00,2023-08-21T01:55:00,1692582840,161.39,159.85,0.0,0.0,19156.11,8454.7,0.0,0.0
UNHCR_OGOJA_OFFICE_DG1_and_DG2_1692582900,2023-08-21T01:55:00,2023-08-21T01:56:00,1692582900,161.39,159.85,0.0,0.0,19156.11,8454.7,0.0,0.0
UNHCR_OGOJA_OFFICE_DG1_and_DG2_1692582960,2023-08-21T01:56:00,2023-08-21T01:57:00,1692582960,161.39,159.85,0.0,0.0,19156.11,8454.7,0.0,0.0
UNHCR_OGOJA_OFFICE_DG1_and_DG2_1692583020,2023-08-21T01:57:00,2023-08-21T01:58:00,1692583020,161.39,159.85,0.0,0.0,19156.11,8454.7,0.0,0.0
UNHCR_OGOJA_OFFICE_DG1_and_DG2_1692583080,2023-08-21T01:58:00,2023-08-21T01:59:00,1692583080,161.39,159.85,0.0,0.0,19156.11,8454.7,0.0,0.0
UNHCR_OGOJA_OFFICE_DG1_and_DG2_1692583140,2023-08-21T01:59:00,2023-08-21T02:00:00,1692583140,161.39,159.85,0.0,0.0,19156.11,8454.7,0.0,0.0
UNHCR_OGOJA_OFFICE_DG1_and_DG2_1692583200,2023-08-21T02:00:00,2023-08-21T02:01:00,1692583200,161.39,159.85,0.0,0.0,19156.11,8454.7,0.0,0.0
UNHCR_OGOJA_OFFICE_DG1_and_DG2_1692583260,2023-08-21T02:01:00,2023-08-21T02:02:00,1692583260,161.39,159.85,0.0,0.0,19156.11,8454.7,0.0,0.0
UNHCR_OGOJA_OFFICE_DG1_and_DG2_1692583320,2023-08-21T02:02:00,2023-08-21T02:03:00,1692583320,161.39,159.85,0.0,0.0,19156.11,8454.7,0.0,0.0
UNHCR_OGOJA_OFFICE_DG1_and_DG2_1692583380,2023-08-21T02:03:00,2023-08-21T02:04:00,1692583380,161.39,159.85,0.0,0.0,19156.11,8454.7,0.0,0.0
UNHCR_OGOJA_OFFICE_DG1_and_DG2_1692583440,2023-08-21T02:04:00,2023-08-21T02:05:00,1692583440,161.39,159.85,0.0,0.0,19156.11,8454.7,0.0,0.0
UNHCR_OGOJA_OFFICE_DG1_and_DG2_1692583500,2023-08-21T02:05:00,2023-08-21T02:06:00,1692583500,161.39,159.85,0.0,0.0,19156.11,8454.7,0.0,0.0
UNHCR_OGOJA_OFFICE_DG1_and_DG2_1692583560,2023-08-21T02:06:00,2023-08-21T02:07:00,1692583560,161.39,159.85,0.0,0.0,19156.11,8454.7,0.0,0.0
UNHCR_OGOJA_OFFICE_DG1_and_DG2_1692583620,2023-08-21T02:07:00,2023-08-21T02:08:00,1692583620,161.39,159.85,0.0,0.0,19156.11,8454.7,0.0,0.0
UNHCR_OGOJA_OFFICE_DG1_and_DG2_1692583680,2023-08-21T02:08:00,2023-08-21T02:09:00,1692583680,161.39,159.85,0.0,0.0,19156.11,8454.7,0.0,0.0
UNHCR_OGOJA_OFFICE_DG1_and_DG2_1692583740,2023-08-21T02:09:00,2023-08-21T02:10:00,1692583740,161.39,159.85,0.0,0.0,19156.11,8454.7,0.0,0.0
UNHCR_OGOJA_OFFICE_DG1_and_DG2_1692583800,2023-08-21T02:10:00,2023-08-21T02:11:00,1692583800,161.39,159.85,0.0,0.0,19156.11,8454.7,0.0,0.0
UNHCR_OGOJA_OFFICE_DG1_and_DG2_1692583860,2023-08-21T02:11:00,2023-08-21T02:12:00,1692583860,161.39,159.85,0.0,0.0,19156.11,8454.7,0.0,0.0
UNHCR_OGOJA_OFFICE_DG1_and_DG2_1692583920,2023-08-21T02:12:00,2023-08-21T02:13:00,1692583920,161.39,159.85,0.0,0.0,19156.11,8454.7,0.0,0.0
UNHCR_OGOJA_OFFICE_DG1_and_DG2_1692583980,2023-08-21T02:13:00,2023-08-21T02:14:00,1692583980,161.39,159.85,0.0,0.0,19156.11,8454.7,0.0,0.0
UNHCR_OGOJA_OFFICE_DG1_and_DG2_1692584040,2023-08-21T02:14:00,2023-08-21T02:15:00,1692584040,161.39,159.85,0.0,0.0,19156.11,8454.7,0.0,0.0
UNHCR_OGOJA_OFFICE_DG1_and_DG2_1692584100,2023-08-21T02:15:00,2023-08-21T02:16:00,1692584100,161.39,159.85,0.0,0.0,19156.11,8454.7,0.0,0.0
UNHCR_OGOJA_OFFICE_DG1_and_DG2_1692584160,2023-08-21T02:16:00,2023-08-21T02:17:00,1692584160,161.39,159.85,0.0,0.0,19156.11,8454.7,0.0,0.0
UNHCR_OGOJA_OFFICE_DG1_and_DG2_1692584220,2023-08-21T02:17:00,2023-08-21T02:18:00,1692584220,161.39,159.85,0.0,0.0,19156.11,8454.7,0.0,0.0
UNHCR_OGOJA_OFFICE_DG1_and_DG2_1692584280,2023-08-21T02:18:00,2023-08-21T02:19:00,1692584280,161.39,159.85,0.0,0.0,19156.11,8454.7,0.0,0.0
UNHCR_OGOJA_OFFICE_DG1_and_DG2_1692584340,2023-08-21T02:19:00,2023-08-21T02:20:00,1692584340,161.39,159.85,0.0,0.0,19156.11,8454.7,0.0,0.0
UNHCR_OGOJA_OFFICE_DG1_and_DG2_1692584400,2023-08-21T02:20:00,2023-08-21T02:21:00,1692584400,161.39,159.85,0.0,0.0,19156.11,8454.7,0.0,0.0
UNHCR_OGOJA_OFFICE_DG1_and_DG2_1692584460,2023-08-21T02:21:00,2023-08-21T02:22:00,1692584460,161.39,159.85,0.0,0.0,19156.11,8454.7,0.0,0.0
UNHCR_OGOJA_OFFICE_DG1_and_DG2_1692584520,2023-08-21T02:22:00,2023-08-21T02:23:00,1692584520,161.39,159.85,0.0,0.0,19156.11,8454.7,0.0,0.0
UNHCR_OGOJA_OFFICE_DG1_and_DG2_1692584580,2023-08-21T02:23:00,2023-08-21T02:24:00,1692584580,161.39,159.85,0.0,0.0,19156.11,8454.7,0.0,0.0
UNHCR_OGOJA_OFFICE_DG1_and_DG2_1692584640,2023-08-21T02:24:00,2023-08-21T02:25:00,1692584640,161.39,159.85,0.0,0.0,19156.11,8454.7,0.0,0.0
UNHCR_OGOJA_OFFICE_DG1_and_DG2_1692584700,2023-08-21T02:25:00,2023-08-21T02:26:00,1692584700,161.39,159.85,0.0,0.0,19156.11,8454.7,0.0,0.0
UNHCR_OGOJA_OFFICE_DG1_and_DG2_1692584760,2023-08-21T02:26:00,2023-08-21T02:27:00,1692584760,161.39,159.85,0.0,0.0,19156.11,8454.7,0.0,0.0
UNHCR_OGOJA_OFFICE_DG1_and_DG2_1692584820,2023-08-21T02:27:00,2023-08-21T02:28:00,1692584820,161.39,159.85,0.0,0.0,19156.11,8454.7,0.0,0.0
UNHCR_OGOJA_OFFICE_DG1_and_DG2_1692584880,2023-08-21T02:28:00,2023-08-21T02:29:00,1692584880,161.39,159.85,0.0,0.0,19156.11,8454.7,0.0,0.0
UNHCR_OGOJA_OFFICE_DG1_and_DG2_1692584940,2023-08-21T02:29:00,2023-08-21T02:30:00,1692584940,161.39,159.85,0.0,0.0,19156.11,8454.7,0.0,0.0
UNHCR_OGOJA_OFFICE_DG1_and_DG2_1692585000,2023-08-21T02:30:00,2023-08-21T02:31:00,1692585000,161.39,159.85,0.0,0.0,19156.11,8454.7,0.0,0.0
UNHCR_OGOJA_OFFICE_DG1_and_DG2_1692585060,2023-08-21T02:31:00,2023-08-21T02:32:00,1692585060,161.39,159.85,0.0,0.0,19156.11,8454.7,0.0,0.0
UNHCR_OGOJA_OFFICE_DG1_and_DG2_1692585120,2023-08-21T02:32:00,2023-08-21T02:33:00,1692585120,161.39,159.85,0.0,0.0,19156.11,8454.7,0.0,0.0
UNHCR_OGOJA_OFFICE_DG1_and_DG2_1692585180,2023-08-21T02:33:00,2023-08-21T02:34:00,1692585180,161.39,159.85,0.0,0.0,19156.11,8454.7,0.0,0.0
UNHCR_OGOJA_OFFICE_DG1_and_DG2_1692585240,2023-08-21T02:34:00,2023-08-21T02:35:00,1692585240,161.39,159.85,0.0,0.0,19156.11,8454.7,0.0,0.0
UNHCR_OGOJA_OFFICE_DG1_and_DG2_1692585300,2023-08-21T02:35:00,2023-08-21T02:36:00,1692585300,161.39,159.85,0.0,0.0,19156.11,8454.7,0.0,0.0
UNHCR_OGOJA_OFFICE_DG1_and_DG2_1692585360,2023-08-21T02:36:00,2023-08-21T02:37:00,1692585360,161.39,159.85,0.0,0.0,19156.11,8454.7,0.0,0.0
UNHCR_OGOJA_OFFICE_DG1_and_DG2_1692585420,2023-08-21T02:37:00,2023-08-21T02:38:00,1692585420,161.39,159.85,0.0,0.0,19156.11,8454.7,0.0,0.0
UNHCR_OGOJA_OFFICE_DG1_and_DG2_1692585480,2023-08-21T02:38:00,2023-08-21T02:39:00,1692585480,161.39,159.85,0.0,0.0,19156.11,8454.7,0.0,0.0
UNHCR_OGOJA_OFFICE_DG1_and_DG2_1692585540,2023-08-21T02:39:00,2023-08-21T02:40:00,1692585540,161.39,159.85,0.0,0.0,19156.11,8454.7,0.0,0.0
UNHCR_OGOJA_OFFICE_DG1_and_DG2_1692585600,2023-08-21T02:40:00,2023-08-21T02:41:00,1692585600,161.39,159.85,0.0,0.0,19156.11,8454.7,0.0,0.0
UNHCR_OGOJA_OFFICE_DG1_and_DG2_1692585660,2023-08-21T02:41:00,2023-08-21T02:42:00,1692585660,161.39,159.85,0.0,0.0,19156.11,8454.7,0.0,0.0
UNHCR_OGOJA_OFFICE_DG1_and_DG2_1692585720,2023-08-21T02:42:00,2023-08-21T02:43:00,1692585720,161.39,159.85,0.0,0.0,19156.11,8454.7,0.0,0.0
UNHCR_OGOJA_OFFICE_DG1_and_DG2_1692585780,2023-08-21T02:43:00,2023-08-21T02:44:00,1692585780,161.39,159.85,0.0,0.0,19156.11,8454.7,0.0,0.0
UNHCR_OGOJA_OFFICE_DG1_and_DG2_1692585840,2023-08-21T02:44:00,2023-08-21T02:45:00,1692585840,161.39,159.85,0.0,0.0,19156.11,8454.7,0.0,0.0
UNHCR_OGOJA_OFFICE_DG1_and_DG2_1692585900,2023-08-21T02:45:00,2023-08-21T02:46:00,1692585900,161.39,159.85,0.0,0.0,19156.11,8454.7,0.0,0.0
UNHCR_OGOJA_OFFICE_DG1_and_DG2_1692585960,2023-08-21T02:46:00,2023-08-21T02:47:00,1692585960,161.39,159.85,0.0,0.0,19156.11,8454.7,0.0,0.0
UNHCR_OGOJA_OFFICE_DG1_and_DG2_1692586020,2023-08-21T02:47:00,2023-08-21T02:48:00,1692586020,161.39,159.85,0.0,0.0,19156.11,8454.7,0.0,0.0
UNHCR_OGOJA_OFFICE_DG1_and_DG2_1692586080,2023-08-21T02:48:00,2023-08-21T02:49:00,1692586080,161.39,159.85,0.0,0.0,19156.11,8454.7,0.0,0.0
UNHCR_OGOJA_OFFICE_DG1_and_DG2_1692586140,2023-08-21T02:49:00,2023-08-21T02:50:00,1692586140,161.39,159.85,0.0,0.0,19156.11,8454.7,0.0,0.0
UNHCR_OGOJA_OFFICE_DG1_and_DG2_1692586200,2023-08-21T02:50:00,2023-08-21T02:51:00,1692586200,161.39,159.85,0.0,0.0,19156.11,8454.7,0.0,0.0
UNHCR_OGOJA_OFFICE_DG1_and_DG2_1692586260,2023-08-21T02:51:00,2023-08-21T02:52:00,1692586260,161.39,159.85,0.0,0.0,19156.11,8454.7,0.0,0.0
UNHCR_OGOJA_OFFICE_DG1_and_DG2_1692586320,2023-08-21T02:52:00,2023-08-21T02:53:00,1692586320,161.39,159.85,0.0,0.0,19156.11,8454.7,0.0,0.0
UNHCR_OGOJA_OFFICE_DG1_and_DG2_1692586380,2023-08-21T02:53:00,2023-08-21T02:54:00,1692586380,161.39,159.85,0.0,0.0,19156.11,8454.7,0.0,0.0
UNHCR_OGOJA_OFFICE_DG1_and_DG2_1692586440,2023-08-21T02:54:00,2023-08-21T02:55:00,1692586440,161.39,159.85,0.0,0.0,19156.11,8454.7,0.0,0.0
UNHCR_OGOJA_OFFICE_DG1_and_DG2_1692586500,2023-08-21T02:55:00,2023-08-21T02:56:00,1692586500,161.39,159.85,0.0,0.0,19156.11,8454.7,0.0,0.0
UNHCR_OGOJA_OFFICE_DG1_and_DG2_1692586560,2023-08-21T02:56:00,2023-08-21T02:57:00,1692586560,161.39,159.85,0.0,0.0,19156.11,8454.7,0.0,0.0
UNHCR_OGOJA_OFFICE_DG1_and_DG2_1692586620,2023-08-21T02:57:00,2023-08-21T02:58:00,1692586620,161.39,159.85,0.0,0.0,19156.11,8454.7,0.0,0.0
UNHCR_OGOJA_OFFICE_DG1_and_DG2_1692586680,2023-08-21T02:58:00,2023-08-21T02:59:00,1692586680,161.39,159.85,0.0,0.0,19156.11,8454.7,0.0,0.0
UNHCR_OGOJA_OFFICE_DG1_and_DG2_1692586740,2023-08-21T02:59:00,2023-08-21T03:00:00,1692586740,161.39,159.85,0.0,0.0,19156.11,8454.7,0.0,0.0
UNHCR_OGOJA_OFFICE_DG1_and_DG2_1692586800,2023-08-21T03:00:00,2023-08-21T03:01:00,1692586800,161.39,159.85,0.0,0.0,19156.11,8454.7,0.0,0.0
UNHCR_OGOJA_OFFICE_DG1_and_DG2_1692586860,2023-08-21T03:01:00,2023-08-21T03:02:00,1692586860,161.39,159.85,0.0,0.0,19156.11,8454.7,0.0,0.0
UNHCR_OGOJA_OFFICE_DG1_and_DG2_1692586920,2023-08-21T03:02:00,2023-08-21T03:03:00,1692586920,161.39,159.85,0.0,0.0,19156.11,8454.7,0.0,0.0
UNHCR_OGOJA_OFFICE_DG1_and_DG2_1692586980,2023-08-21T03:03:00,2023-08-21T03:04:00,1692586980,161.39,159.85,0.0,0.0,19156.11,8454.7,0.0,0.0
UNHCR_OGOJA_OFFICE_DG1_and_DG2_1692587040,2023-08-21T03:04:00,2023-08-21T03:05:00,1692587040,161.39,159.85,0.0,0.0,19156.11,8454.7,0.0,0.0
UNHCR_OGOJA_OFFICE_DG1_and_DG2_1692587100,2023-08-21T03:05:00,2023-08-21T03:06:00,1692587100,161.39,159.85,0.0,0.0,19156.11,8454.7,0.0,0.0
UNHCR_OGOJA_OFFICE_DG1_and_DG2_1692587160,2023-08-21T03:06:00,2023-08-21T03:07:00,1692587160,161.39,159.85,0.0,0.0,19156.11,8454.7,0.0,0.0
UNHCR_OGOJA_OFFICE_DG1_and_DG2_1692587220,2023-08-21T03:07:00,2023-08-21T03:08:00,1692587220,161.39,159.85,0.0,0.0,19156.11,8454.7,0.0,0.0
UNHCR_OGOJA_OFFICE_DG1_and_DG2_1692587280,2023-08-21T03:08:00,2023-08-21T03:09:00,1692587280,161.39,159.85,0.0,0.0,19156.11,8454.7,0.0,0.0
UNHCR_OGOJA_OFFICE_DG1_and_DG2_1692587340,2023-08-21T03:09:00,2023-08-21T03:10:00,1692587340,161.39,159.85,0.0,0.0,19156.11,8454.7,0.0,0.0
UNHCR_OGOJA_OFFICE_DG1_and_DG2_1692587400,2023-08-21T03:10:00,2023-08-21T03:11:00,1692587400,161.39,159.85,0.0,0.0,19156.11,8454.7,0.0,0.0
UNHCR_OGOJA_OFFICE_DG1_and_DG2_1692587460,2023-08-21T03:11:00,2023-08-21T03:12:00,1692587460,161.39,159.85,0.0,0.0,19156.11,8454.7,0.0,0.0
UNHCR_OGOJA_OFFICE_DG1_and_DG2_1692587520,2023-08-21T03:12:00,2023-08-21T03:13:00,1692587520,161.39,159.85,0.0,0.0,19156.11,8454.7,0.0,0.0
UNHCR_OGOJA_OFFICE_DG1_and_DG2_1692587580,2023-08-21T03:13:00,2023-08-21T03:14:00,1692587580,161.39,159.85,0.0,0.0,19156.11,8454.7,0.0,0.0
UNHCR_OGOJA_OFFICE_DG1_and_DG2_1692587640,2023-08-21T03:14:00,2023-08-21T03:15:00,1692587640,161.39,159.85,0.0,0.0,19156.11,8454.7,0.0,0.0
UNHCR_OGOJA_OFFICE_DG1_and_DG2_1692587700,2023-08-21T03:15:00,2023-08-21T03:16:00,1692587700,161.39,159.85,0.0,0.0,19156.11,8454.7,0.0,0.0
UNHCR_OGOJA_OFFICE_DG1_and_DG2_1692587760,2023-08-21T03:16:00,2023-08-21T03:17:00,1692587760,161.39,159.85,0.0,0.0,19156.11,8454.7,0.0,0.0
UNHCR_OGOJA_OFFICE_DG1_and_DG2_1692587820,2023-08-21T03:17:00,2023-08-21T03:18:00,1692587820,161.39,159.85,0.0,0.0,19156.11,8454.7,0.0,0.0
UNHCR_OGOJA_OFFICE_DG1_and_DG2_1692587880,2023-08-21T03:18:00,2023-08-21T03:19:00,1692587880,161.39,159.85,0.0,0.0,19156.11,8454.7,0.0,0.0
UNHCR_OGOJA_OFFICE_DG1_and_DG2_1692587940,2023-08-21T03:19:00,2023-08-21T03:20:00,1692587940,161.39,159.85,0.0,0.0,19156.11,8454.7,0.0,0.0
UNHCR_OGOJA_OFFICE_DG1_and_DG2_1692588000,2023-08-21T03:20:00,2023-08-21T03:21:00,1692588000,161.39,159.85,0.0,0.0,19156.11,8454.7,0.0,0.0
UNHCR_OGOJA_OFFICE_DG1_and_DG2_1692588060,2023-08-21T03:21:00,2023-08-21T03:22:00,1692588060,161.39,159.85,0.0,0.0,19156.11,8454.7,0.0,0.0
UNHCR_OGOJA_OFFICE_DG1_and_DG2_1692588120,2023-08-21T03:22:00,2023-08-21T03:23:00,1692588120,161.39,159.85,0.0,0.0,19156.11,8454.7,0.0,0.0
UNHCR_OGOJA_OFFICE_DG1_and_DG2_1692588180,2023-08-21T03:23:00,2023-08-21T03:24:00,1692588180,161.39,159.85,0.0,0.0,19156.11,8454.7,0.0,0.0
UNHCR_OGOJA_OFFICE_DG1_and_DG2_1692588240,2023-08-21T03:24:00,2023-08-21T03:25:00,1692588240,161.39,159.85,0.0,0.0,19156.11,8454.7,0.0,0.0
UNHCR_OGOJA_OFFICE_DG1_and_DG2_1692588300,2023-08-21T03:25:00,2023-08-21T03:26:00,1692588300,161.39,159.85,0.0,0.0,19156.11,8454.7,0.0,0.0
UNHCR_OGOJA_OFFICE_DG1_and_DG2_1692588360,2023-08-21T03:26:00,2023-08-21T03:27:00,1692588360,161.39,159.85,0.0,0.0,19156.11,8454.7,0.0,0.0
UNHCR_OGOJA_OFFICE_DG1_and_DG2_1692588420,2023-08-21T03:27:00,2023-08-21T03:28:00,1692588420,161.39,159.85,0.0,0.0,19156.11,8454.7,0.0,0.0
UNHCR_OGOJA_OFFICE_DG1_and_DG2_1692588480,2023-08-21T03:28:00,2023-08-21T03:29:00,1692588480,161.39,159.85,0.0,0.0,19156.11,8454.7,0.0,0.0
UNHCR_OGOJA_OFFICE_DG1_and_DG2_1692588540,2023-08-21T03:29:00,2023-08-21T03:30:00,1692588540,161.39,159.85,0.0,0.0,19156.11,8454.7,0.0,0.0
UNHCR_OGOJA_OFFICE_DG1_and_DG2_1692588600,2023-08-21T03:30:00,2023-08-21T03:31:00,1692588600,161.39,159.85,0.0,0.0,19156.11,8454.7,0.0,0.0
UNHCR_OGOJA_OFFICE_DG1_and_DG2_1692588660,2023-08-21T03:31:00,2023-08-21T03:32:00,1692588660,161.39,159.85,0.0,0.0,19156.11,8454.7,0.0,0.0
UNHCR_OGOJA_OFFICE_DG1_and_DG2_1692588720,2023-08-21T03:32:00,2023-08-21T03:33:00,1692588720,161.39,159.85,0.0,0.0,19156.11,8454.7,0.0,0.0
UNHCR_OGOJA_OFFICE_DG1_and_DG2_1692588780,2023-08-21T03:33:00,2023-08-21T03:34:00,1692588780,161.39,159.85,0.0,0.0,19156.11,8454.7,0.0,0.0
UNHCR_OGOJA_OFFICE_DG1_and_DG2_1692588840,2023-08-21T03:34:00,2023-08-21T03:35:00,1692588840,161.39,159.85,0.0,0.0,19156.11,8454.7,0.0,0.0
UNHCR_OGOJA_OFFICE_DG1_and_DG2_1692588900,2023-08-21T03:35:00,2023-08-21T03:36:00,1692588900,161.39,159.85,0.0,0.0,19156.11,8454.7,0.0,0.0
UNHCR_OGOJA_OFFICE_DG1_and_DG2_1692588960,2023-08-21T03:36:00,2023-08-21T03:37:00,1692588960,161.39,159.85,0.0,0.0,19156.11,8454.7,0.0,0.0
UNHCR_OGOJA_OFFICE_DG1_and_DG2_1692589020,2023-08-21T03:37:00,2023-08-21T03:38:00,1692589020,161.39,159.85,0.0,0.0,19156.11,8454.7,0.0,0.0
UNHCR_OGOJA_OFFICE_DG1_and_DG2_1692589080,2023-08-21T03:38:00,2023-08-21T03:39:00,1692589080,161.39,159.85,0.0,0.0,19156.11,8454.7,0.0,0.0
UNHCR_OGOJA_OFFICE_DG1_and_DG2_1692589140,2023-08-21T03:39:00,2023-08-21T03:40:00,1692589140,161.39,159.85,0.0,0.0,19156.11,8454.7,0.0,0.0
UNHCR_OGOJA_OFFICE_DG1_and_DG2_1692589200,2023-08-21T03:40:00,2023-08-21T03:41:00,1692589200,161.39,159.85,0.0,0.0,19156.11,8454.7,0.0,0.0
UNHCR_OGOJA_OFFICE_DG1_and_DG2_1692589260,2023-08-21T03:41:00,2023-08-21T03:42:00,1692589260,161.39,159.85,0.0,0.0,19156.11,8454.7,0.0,0.0
UNHCR_OGOJA_OFFICE_DG1_and_DG2_1692589320,2023-08-21T03:42:00,2023-08-21T03:43:00,1692589320,161.39,159.85,0.0,0.0,19156.11,8454.7,0.0,0.0
UNHCR_OGOJA_OFFICE_DG1_and_DG2_1692589380,2023-08-21T03:43:00,2023-08-21T03:44:00,1692589380,161.02,159.85,0.3699999999999761,0.0,19156.11,8454.7,0.0,0.0
UNHCR_OGOJA_OFFICE_DG1_and_DG2_1692589440,2023-08-21T03:44:00,2023-08-21T03:45:00,1692589440,161.02,159.85,0.0,0.0,19156.11,8454.7,0.0,0.0
UNHCR_OGOJA_OFFICE_DG1_and_DG2_1692589500,2023-08-21T03:45:00,2023-08-21T03:46:00,1692589500,161.02,159.85,0.0,0.0,19156.11,8454.7,0.0,0.0
UNHCR_OGOJA_OFFICE_DG1_and_DG2_1692589560,2023-08-21T03:46:00,2023-08-21T03:47:00,1692589560,161.02,159.85,0.0,0.0,19156.11,8454.7,0.0,0.0
UNHCR_OGOJA_OFFICE_DG1_and_DG2_1692589620,2023-08-21T03:47:00,2023-08-21T03:48:00,1692589620,161.02,159.85,0.0,0.0,19156.11,8454.7,0.0,0.0
UNHCR_OGOJA_OFFICE_DG1_and_DG2_1692589680,2023-08-21T03:48:00,2023-08-21T03:49:00,1692589680,161.02,159.85,0.0,0.0,19156.11,8454.7,0.0,0.0
UNHCR_OGOJA_OFFICE_DG1_and_DG2_1692589740,2023-08-21T03:49:00,2023-08-21T03:50:00,1692589740,161.02,159.85,0.0,0.0,19156.11,8454.7,0.0,0.0
UNHCR_OGOJA_OFFICE_DG1_and_DG2_1692589800,2023-08-21T03:50:00,2023-08-21T03:51:00,1692589800,160.66,159.85,0.36000000000001364,0.0,19156.11,8454.7,0.0,0.0
UNHCR_OGOJA_OFFICE_DG1_and_DG2_1692589860,2023-08-21T03:51:00,2023-08-21T03:52:00,1692589860,160.66,159.85,0.0,0.0,19156.11,8454.7,0.0,0.0
UNHCR_OGOJA_OFFICE_DG1_and_DG2_1692589920,2023-08-21T03:52:00,2023-08-21T03:53:00,1692589920,160.3,159.85,0.3599999999999852,0.0,19156.11,8454.7,0.0,0.0
UNHCR_OGOJA_OFFICE_DG1_and_DG2_1692589980,2023-08-21T03:53:00,2023-08-21T03:54:00,1692589980,159.57,159.85,0.7300000000000182,0.0,19156.11,8454.7,0.0,0.0
UNHCR_OGOJA_OFFICE_DG1_and_DG2_1692590040,2023-08-21T03:54:00,2023-08-21T03:55:00,1692590040,159.57,159.85,0.0,0.0,19156.11,8454.7,0.0,0.0
UNHCR_OGOJA_OFFICE_DG1_and_DG2_1692590100,2023-08-21T03:55:00,2023-08-21T03:56:00,1692590100,159.57,159.85,0.0,0.0,19156.11,8454.7,0.0,0.0
UNHCR_OGOJA_OFFICE_DG1_and_DG2_1692590160,2023-08-21T03:56:00,2023-08-21T03:57:00,1692590160,159.21,159.85,0.3599999999999852,0.0,19156.11,8454.7,0.0,0.0
UNHCR_OGOJA_OFFICE_DG1_and_DG2_1692590220,2023-08-21T03:57:00,2023-08-21T03:58:00,1692590220,159.21,159.85,0.0,0.0,19156.11,8454.7,0.0,0.0
UNHCR_OGOJA_OFFICE_DG1_and_DG2_1692590280,2023-08-21T03:58:00,2023-08-21T03:59:00,1692590280,159.21,159.85,0.0,0.0,19156.11,8454.7,0.0,0.0
UNHCR_OGOJA_OFFICE_DG1_and_DG2_1692590340,2023-08-21T03:59:00,2023-08-21T04:00:00,1692590340,159.21,159.85,0.0,0.0,19156.11,8454.7,0.0,0.0
UNHCR_OGOJA_OFFICE_DG1_and_DG2_1692590400,2023-08-21T04:00:00,2023-08-21T04:01:00,1692590400,159.21,159.85,0.0,0.0,19156.11,8454.7,0.0,0.0
UNHCR_OGOJA_OFFICE_DG1_and_DG2_1692590460,2023-08-21T04:01:00,2023-08-21T04:02:00,1692590460,159.21,159.85,0.0,0.0,19156.11,8454.7,0.0,0.0
UNHCR_OGOJA_OFFICE_DG1_and_DG2_1692590520,2023-08-21T04:02:00,2023-08-21T04:03:00,1692590520,159.21,159.85,0.0,0.0,19156.11,8454.7,0.0,0.0
UNHCR_OGOJA_OFFICE_DG1_and_DG2_1692590580,2023-08-21T04:03:00,2023-08-21T04:04:00,1692590580,159.21,159.85,0.0,0.0,19156.11,8454.7,0.0,0.0
UNHCR_OGOJA_OFFICE_DG1_and_DG2_1692590640,2023-08-21T04:04:00,2023-08-21T04:05:00,1692590640,158.85,159.85,0.36000000000001364,0.0,19156.11,8454.7,0.0,0.0
UNHCR_OGOJA_OFFICE_DG1_and_DG2_1692590700,2023-08-21T04:05:00,2023-08-21T04:06:00,1692590700,158.85,159.85,0.0,0.0,19156.11,8454.7,0.0,0.0
UNHCR_OGOJA_OFFICE_DG1_and_DG2_1692590760,2023-08-21T04:06:00,2023-08-21T04:07:00,1692590760,158.48,159.85,0.37000000000000455,0.0,19156.11,8454.7,0.0,0.0
UNHCR_OGOJA_OFFICE_DG1_and_DG2_1692590820,2023-08-21T04:07:00,2023-08-21T04:08:00,1692590820,158.48,159.85,0.0,0.0,19156.11,8454.7,0.0,0.0
UNHCR_OGOJA_OFFICE_DG1_and_DG2_1692590880,2023-08-21T04:08:00,2023-08-21T04:09:00,1692590880,158.48,159.85,0.0,0.0,19156.11,8454.7,0.0,0.0
UNHCR_OGOJA_OFFICE_DG1_and_DG2_1692590940,2023-08-21T04:09:00,2023-08-21T04:10:00,1692590940,158.48,159.85,0.0,0.0,19156.11,8454.7,0.0,0.0
UNHCR_OGOJA_OFFICE_DG1_and_DG2_1692591000,2023-08-21T04:10:00,2023-08-21T04:11:00,1692591000,158.48,159.85,0.0,0.0,19156.11,8454.7,0.0,0.0
UNHCR_OGOJA_OFFICE_DG1_and_DG2_1692591060,2023-08-21T04:11:00,2023-08-21T04:12:00,1692591060,158.48,159.85,0.0,0.0,19156.11,8454.7,0.0,0.0
UNHCR_OGOJA_OFFICE_DG1_and_DG2_1692591120,2023-08-21T04:12:00,2023-08-21T04:13:00,1692591120,158.48,159.85,0.0,0.0,19156.11,8454.7,0.0,0.0
UNHCR_OGOJA_OFFICE_DG1_and_DG2_1692591180,2023-08-21T04:13:00,2023-08-21T04:14:00,1692591180,158.48,159.85,0.0,0.0,19156.11,8454.7,0.0,0.0
UNHCR_OGOJA_OFFICE_DG1_and_DG2_1692591240,2023-08-21T04:14:00,2023-08-21T04:15:00,1692591240,158.48,159.85,0.0,0.0,19156.11,8454.7,0.0,0.0
UNHCR_OGOJA_OFFICE_DG1_and_DG2_1692591300,2023-08-21T04:15:00,2023-08-21T04:16:00,1692591300,158.48,159.85,0.0,0.0,19156.11,8454.7,0.0,0.0
UNHCR_OGOJA_OFFICE_DG1_and_DG2_1692591360,2023-08-21T04:16:00,2023-08-21T04:17:00,1692591360,158.48,159.85,0.0,0.0,19156.11,8454.7,0.0,0.0
UNHCR_OGOJA_OFFICE_DG1_and_DG2_1692591420,2023-08-21T04:17:00,2023-08-21T04:18:00,1692591420,158.48,159.85,0.0,0.0,19156.11,8454.7,0.0,0.0
UNHCR_OGOJA_OFFICE_DG1_and_DG2_1692591480,2023-08-21T04:18:00,2023-08-21T04:19:00,1692591480,158.48,159.85,0.0,0.0,19156.11,8454.7,0.0,0.0
UNHCR_OGOJA_OFFICE_DG1_and_DG2_1692591540,2023-08-21T04:19:00,2023-08-21T04:20:00,1692591540,158.12,159.85,0.3599999999999852,0.0,19156.11,8454.7,0.0,0.0
UNHCR_OGOJA_OFFICE_DG1_and_DG2_1692591600,2023-08-21T04:20:00,2023-08-21T04:21:00,1692591600,158.12,159.85,0.0,0.0,19156.11,8454.7,0.0,0.0
UNHCR_OGOJA_OFFICE_DG1_and_DG2_1692591660,2023-08-21T04:21:00,2023-08-21T04:22:00,1692591660,158.12,159.85,0.0,0.0,19156.11,8454.7,0.0,0.0
UNHCR_OGOJA_OFFICE_DG1_and_DG2_1692591720,2023-08-21T04:22:00,2023-08-21T04:23:00,1692591720,158.12,159.85,0.0,0.0,19156.11,8454.7,0.0,0.0
UNHCR_OGOJA_OFFICE_DG1_and_DG2_1692591780,2023-08-21T04:23:00,2023-08-21T04:24:00,1692591780,158.12,159.85,0.0,0.0,19156.11,8454.7,0.0,0.0
UNHCR_OGOJA_OFFICE_DG1_and_DG2_1692591840,2023-08-21T04:24:00,2023-08-21T04:25:00,1692591840,158.12,159.85,0.0,0.0,19156.11,8454.7,0.0,0.0
UNHCR_OGOJA_OFFICE_DG1_and_DG2_1692591900,2023-08-21T04:25:00,2023-08-21T04:26:00,1692591900,158.12,159.85,0.0,0.0,19156.11,8454.7,0.0,0.0
UNHCR_OGOJA_OFFICE_DG1_and_DG2_1692591960,2023-08-21T04:26:00,2023-08-21T04:27:00,1692591960,157.76,159.85,0.36000000000001364,0.0,19156.11,8454.7,0.0,0.0
UNHCR_OGOJA_OFFICE_DG1_and_DG2_1692592020,2023-08-21T04:27:00,2023-08-21T04:28:00,1692592020,156.67,159.85,1.0900000000000034,0.0,19156.11,8454.7,0.0,0.0
UNHCR_OGOJA_OFFICE_DG1_and_DG2_1692592080,2023-08-21T04:28:00,2023-08-21T04:29:00,1692592080,156.67,159.85,0.0,0.0,19156.11,8454.7,0.0,0.0
UNHCR_OGOJA_OFFICE_DG1_and_DG2_1692592140,2023-08-21T04:29:00,2023-08-21T04:30:00,1692592140,156.67,159.85,0.0,0.0,19156.11,8454.7,0.0,0.0
UNHCR_OGOJA_OFFICE_DG1_and_DG2_1692592200,2023-08-21T04:30:00,2023-08-21T04:31:00,1692592200,156.67,159.85,0.0,0.0,19156.11,8454.7,0.0,0.0
UNHCR_OGOJA_OFFICE_DG1_and_DG2_1692592260,2023-08-21T04:31:00,2023-08-21T04:32:00,1692592260,156.67,159.85,0.0,0.0,19156.11,8454.7,0.0,0.0
UNHCR_OGOJA_OFFICE_DG1_and_DG2_1692592320,2023-08-21T04:32:00,2023-08-21T04:33:00,1692592320,156.67,159.85,0.0,0.0,19156.11,8454.7,0.0,0.0
UNHCR_OGOJA_OFFICE_DG1_and_DG2_1692592380,2023-08-21T04:33:00,2023-08-21T04:34:00,1692592380,156.67,159.85,0.0,0.0,19156.11,8454.7,0.0,0.0
UNHCR_OGOJA_OFFICE_DG1_and_DG2_1692592440,2023-08-21T04:34:00,2023-08-21T04:35:00,1692592440,156.67,159.85,0.0,0.0,19156.11,8454.7,0.0,0.0
UNHCR_OGOJA_OFFICE_DG1_and_DG2_1692592500,2023-08-21T04:35:00,2023-08-21T04:36:00,1692592500,156.67,159.85,0.0,0.0,19156.11,8454.7,0.0,0.0
UNHCR_OGOJA_OFFICE_DG1_and_DG2_1692592560,2023-08-21T04:36:00,2023-08-21T04:37:00,1692592560,156.67,159.85,0.0,0.0,19156.11,8454.7,0.0,0.0
UNHCR_OGOJA_OFFICE_DG1_and_DG2_1692592620,2023-08-21T04:37:00,2023-08-21T04:38:00,1692592620,156.67,159.85,0.0,0.0,19156.11,8454.7,0.0,0.0
UNHCR_OGOJA_OFFICE_DG1_and_DG2_1692592680,2023-08-21T04:38:00,2023-08-21T04:39:00,1692592680,156.67,159.85,0.0,0.0,19156.11,8454.7,0.0,0.0
UNHCR_OGOJA_OFFICE_DG1_and_DG2_1692592740,2023-08-21T04:39:00,2023-08-21T04:40:00,1692592740,156.31,159.85,0.3599999999999852,0.0,19156.11,8454.7,0.0,0.0
UNHCR_OGOJA_OFFICE_DG1_and_DG2_1692592800,2023-08-21T04:40:00,2023-08-21T04:41:00,1692592800,155.94,159.85,0.37000000000000455,0.0,19156.11,8454.7,0.0,0.0
UNHCR_OGOJA_OFFICE_DG1_and_DG2_1692592860,2023-08-21T04:41:00,2023-08-21T04:42:00,1692592860,155.94,159.85,0.0,0.0,19156.11,8454.7,0.0,0.0
UNHCR_OGOJA_OFFICE_DG1_and_DG2_1692592920,2023-08-21T04:42:00,2023-08-21T04:43:00,1692592920,155.94,159.85,0.0,0.0,19156.11,8454.7,0.0,0.0
UNHCR_OGOJA_OFFICE_DG1_and_DG2_1692592980,2023-08-21T04:43:00,2023-08-21T04:44:00,1692592980,155.94,159.85,0.0,0.0,19156.11,8454.7,0.0,0.0
UNHCR_OGOJA_OFFICE_DG1_and_DG2_1692593040,2023-08-21T04:44:00,2023-08-21T04:45:00,1692593040,155.94,159.85,0.0,0.0,19156.11,8454.7,0.0,0.0
UNHCR_OGOJA_OFFICE_DG1_and_DG2_1692593100,2023-08-21T04:45:00,2023-08-21T04:46:00,1692593100,155.94,159.85,0.0,0.0,19156.11,8454.7,0.0,0.0
UNHCR_OGOJA_OFFICE_DG1_and_DG2_1692593160,2023-08-21T04:46:00,2023-08-21T04:47:00,1692593160,155.94,159.85,0.0,0.0,19156.11,8454.7,0.0,0.0
UNHCR_OGOJA_OFFICE_DG1_and_DG2_1692593220,2023-08-21T04:47:00,2023-08-21T04:48:00,1692593220,155.94,159.85,0.0,0.0,19156.11,8454.7,0.0,0.0
UNHCR_OGOJA_OFFICE_DG1_and_DG2_1692593280,2023-08-21T04:48:00,2023-08-21T04:49:00,1692593280,155.94,159.85,0.0,0.0,19156.11,8454.7,0.0,0.0
UNHCR_OGOJA_OFFICE_DG1_and_DG2_1692593340,2023-08-21T04:49:00,2023-08-21T04:50:00,1692593340,155.94,159.85,0.0,0.0,19156.11,8454.7,0.0,0.0
UNHCR_OGOJA_OFFICE_DG1_and_DG2_1692593400,2023-08-21T04:50:00,2023-08-21T04:51:00,1692593400,155.94,159.85,0.0,0.0,19156.11,8454.7,0.0,0.0
UNHCR_OGOJA_OFFICE_DG1_and_DG2_1692593460,2023-08-21T04:51:00,2023-08-21T04:52:00,1692593460,155.94,159.85,0.0,0.0,19156.11,8454.7,0.0,0.0
UNHCR_OGOJA_OFFICE_DG1_and_DG2_1692593520,2023-08-21T04:52:00,2023-08-21T04:53:00,1692593520,155.94,159.85,0.0,0.0,19156.11,8454.7,0.0,0.0
UNHCR_OGOJA_OFFICE_DG1_and_DG2_1692593580,2023-08-21T04:53:00,2023-08-21T04:54:00,1692593580,155.94,159.85,0.0,0.0,19156.11,8454.7,0.0,0.0
UNHCR_OGOJA_OFFICE_DG1_and_DG2_1692593640,2023-08-21T04:54:00,2023-08-21T04:55:00,1692593640,155.94,159.85,0.0,0.0,19156.11,8454.7,0.0,0.0
UNHCR_OGOJA_OFFICE_DG1_and_DG2_1692593700,2023-08-21T04:55:00,2023-08-21T04:56:00,1692593700,155.22,159.85,0.7199999999999989,0.0,19156.11,8454.7,0.0,0.0
UNHCR_OGOJA_OFFICE_DG1_and_DG2_1692593760,2023-08-21T04:56:00,2023-08-21T04:57:00,1692593760,155.22,159.85,0.0,0.0,19156.11,8454.7,0.0,0.0
UNHCR_OGOJA_OFFICE_DG1_and_DG2_1692593820,2023-08-21T04:57:00,2023-08-21T04:58:00,1692593820,155.22,159.85,0.0,0.0,19156.11,8454.7,0.0,0.0
UNHCR_OGOJA_OFFICE_DG1_and_DG2_1692593880,2023-08-21T04:58:00,2023-08-21T04:59:00,1692593880,155.22,159.85,0.0,0.0,19156.11,8454.7,0.0,0.0
UNHCR_OGOJA_OFFICE_DG1_and_DG2_1692593940,2023-08-21T04:59:00,2023-08-21T05:00:00,1692593940,155.22,159.85,0.0,0.0,19156.11,8454.7,0.0,0.0
UNHCR_OGOJA_OFFICE_DG1_and_DG2_1692594000,2023-08-21T05:00:00,2023-08-21T05:01:00,1692594000,155.22,159.85,0.0,0.0,19156.11,8454.7,0.0,0.0
UNHCR_OGOJA_OFFICE_DG1_and_DG2_1692594060,2023-08-21T05:01:00,2023-08-21T05:02:00,1692594060,155.22,159.85,0.0,0.0,19156.11,8454.7,0.0,0.0
UNHCR_OGOJA_OFFICE_DG1_and_DG2_1692594120,2023-08-21T05:02:00,2023-08-21T05:03:00,1692594120,154.85,159.85,0.37000000000000455,0.0,19156.11,8454.7,0.0,0.0
UNHCR_OGOJA_OFFICE_DG1_and_DG2_1692594180,2023-08-21T05:03:00,2023-08-21T05:04:00,1692594180,154.85,159.85,0.0,0.0,19156.11,8454.7,0.0,0.0
UNHCR_OGOJA_OFFICE_DG1_and_DG2_1692594240,2023-08-21T05:04:00,2023-08-21T05:05:00,1692594240,154.85,159.85,0.0,0.0,19156.11,8454.7,0.0,0.0
UNHCR_OGOJA_OFFICE_DG1_and_DG2_1692594300,2023-08-21T05:05:00,2023-08-21T05:06:00,1692594300,154.85,159.85,0.0,0.0,19156.11,8454.7,0.0,0.0
UNHCR_OGOJA_OFFICE_DG1_and_DG2_1692594360,2023-08-21T05:06:00,2023-08-21T05:07:00,1692594360,154.85,159.85,0.0,0.0,19156.11,8454.7,0.0,0.0
UNHCR_OGOJA_OFFICE_DG1_and_DG2_1692594420,2023-08-21T05:07:00,2023-08-21T05:08:00,1692594420,154.85,159.85,0.0,0.0,19156.11,8454.7,0.0,0.0
UNHCR_OGOJA_OFFICE_DG1_and_DG2_1692594480,2023-08-21T05:08:00,2023-08-21T05:09:00,1692594480,154.85,159.85,0.0,0.0,19156.11,8454.7,0.0,0.0
UNHCR_OGOJA_OFFICE_DG1_and_DG2_1692594540,2023-08-21T05:09:00,2023-08-21T05:10:00,1692594540,154.85,159.85,0.0,0.0,19156.11,8454.7,0.0,0.0
UNHCR_OGOJA_OFFICE_DG1_and_DG2_1692594600,2023-08-21T05:10:00,2023-08-21T05:11:00,1692594600,154.85,159.85,0.0,0.0,19156.11,8454.7,0.0,0.0
UNHCR_OGOJA_OFFICE_DG1_and_DG2_1692594660,2023-08-21T05:11:00,2023-08-21T05:12:00,1692594660,153.77,159.85,1.079999999999984,0.0,19156.11,8454.7,0.0,0.0
UNHCR_OGOJA_OFFICE_DG1_and_DG2_1692594720,2023-08-21T05:12:00,2023-08-21T05:13:00,1692594720,153.77,159.85,0.0,0.0,19156.11,8454.7,0.0,0.0
UNHCR_OGOJA_OFFICE_DG1_and_DG2_1692594780,2023-08-21T05:13:00,2023-08-21T05:14:00,1692594780,153.77,159.85,0.0,0.0,19156.11,8454.7,0.0,0.0
UNHCR_OGOJA_OFFICE_DG1_and_DG2_1692594840,2023-08-21T05:14:00,2023-08-21T05:15:00,1692594840,153.77,159.85,0.0,0.0,19156.11,8454.7,0.0,0.0
UNHCR_OGOJA_OFFICE_DG1_and_DG2_1692594900,2023-08-21T05:15:00,2023-08-21T05:16:00,1692594900,153.77,159.85,0.0,0.0,19156.11,8454.7,0.0,0.0
UNHCR_OGOJA_OFFICE_DG1_and_DG2_1692594960,2023-08-21T05:16:00,2023-08-21T05:17:00,1692594960,153.77,159.85,0.0,0.0,19156.11,8454.7,0.0,0.0
UNHCR_OGOJA_OFFICE_DG1_and_DG2_1692595020,2023-08-21T05:17:00,2023-08-21T05:18:00,1692595020,153.77,159.85,0.0,0.0,19156.11,8454.7,0.0,0.0
UNHCR_OGOJA_OFFICE_DG1_and_DG2_1692595080,2023-08-21T05:18:00,2023-08-21T05:19:00,1692595080,153.77,159.85,0.0,0.0,19156.11,8454.7,0.0,0.0
UNHCR_OGOJA_OFFICE_DG1_and_DG2_1692595140,2023-08-21T05:19:00,2023-08-21T05:20:00,1692595140,153.77,159.85,0.0,0.0,19156.11,8454.7,0.0,0.0
UNHCR_OGOJA_OFFICE_DG1_and_DG2_1692595200,2023-08-21T05:20:00,2023-08-21T05:21:00,1692595200,153.77,159.85,0.0,0.0,19156.11,8454.7,0.0,0.0
UNHCR_OGOJA_OFFICE_DG1_and_DG2_1692595260,2023-08-21T05:21:00,2023-08-21T05:22:00,1692595260,153.77,159.85,0.0,0.0,19156.11,8454.7,0.0,0.0
UNHCR_OGOJA_OFFICE_DG1_and_DG2_1692595320,2023-08-21T05:22:00,2023-08-21T05:23:00,1692595320,153.77,159.85,0.0,0.0,19156.11,8454.7,0.0,0.0
UNHCR_OGOJA_OFFICE_DG1_and_DG2_1692595380,2023-08-21T05:23:00,2023-08-21T05:24:00,1692595380,153.77,159.85,0.0,0.0,19156.11,8454.7,0.0,0.0
UNHCR_OGOJA_OFFICE_DG1_and_DG2_1692595440,2023-08-21T05:24:00,2023-08-21T05:25:00,1692595440,153.4,159.85,0.37000000000000455,0.0,19156.11,8454.7,0.0,0.0
UNHCR_OGOJA_OFFICE_DG1_and_DG2_1692595500,2023-08-21T05:25:00,2023-08-21T05:26:00,1692595500,153.04,159.85,0.36000000000001364,0.0,19156.11,8454.7,0.0,0.0
UNHCR_OGOJA_OFFICE_DG1_and_DG2_1692595560,2023-08-21T05:26:00,2023-08-21T05:27:00,1692595560,153.04,159.85,0.0,0.0,19156.11,8454.7,0.0,0.0
UNHCR_OGOJA_OFFICE_DG1_and_DG2_1692595620,2023-08-21T05:27:00,2023-08-21T05:28:00,1692595620,153.04,159.85,0.0,0.0,19156.11,8454.7,0.0,0.0
UNHCR_OGOJA_OFFICE_DG1_and_DG2_1692595680,2023-08-21T05:28:00,2023-08-21T05:29:00,1692595680,153.04,159.85,0.0,0.0,19156.11,8454.7,0.0,0.0
UNHCR_OGOJA_OFFICE_DG1_and_DG2_1692595740,2023-08-21T05:29:00,2023-08-21T05:30:00,1692595740,153.04,159.85,0.0,0.0,19156.11,8454.7,0.0,0.0
UNHCR_OGOJA_OFFICE_DG1_and_DG2_1692595800,2023-08-21T05:30:00,2023-08-21T05:31:00,1692595800,153.04,159.85,0.0,0.0,19156.11,8454.7,0.0,0.0
UNHCR_OGOJA_OFFICE_DG1_and_DG2_1692595860,2023-08-21T05:31:00,2023-08-21T05:32:00,1692595860,153.04,159.85,0.0,0.0,19156.11,8454.7,0.0,0.0
UNHCR_OGOJA_OFFICE_DG1_and_DG2_1692595920,2023-08-21T05:32:00,2023-08-21T05:33:00,1692595920,153.04,159.85,0.0,0.0,19156.11,8454.7,0.0,0.0
UNHCR_OGOJA_OFFICE_DG1_and_DG2_1692595980,2023-08-21T05:33:00,2023-08-21T05:34:00,1692595980,153.04,159.85,0.0,0.0,19156.11,8454.7,0.0,0.0
UNHCR_OGOJA_OFFICE_DG1_and_DG2_1692596040,2023-08-21T05:34:00,2023-08-21T05:35:00,1692596040,153.04,159.85,0.0,0.0,19156.11,8454.7,0.0,0.0
UNHCR_OGOJA_OFFICE_DG1_and_DG2_1692596100,2023-08-21T05:35:00,2023-08-21T05:36:00,1692596100,153.04,159.85,0.0,0.0,19156.11,8454.7,0.0,0.0
UNHCR_OGOJA_OFFICE_DG1_and_DG2_1692596160,2023-08-21T05:36:00,2023-08-21T05:37:00,1692596160,153.04,159.85,0.0,0.0,19156.11,8454.7,0.0,0.0
UNHCR_OGOJA_OFFICE_DG1_and_DG2_1692596220,2023-08-21T05:37:00,2023-08-21T05:38:00,1692596220,152.31,159.85,0.7299999999999898,0.0,19156.11,8454.7,0.0,0.0
UNHCR_OGOJA_OFFICE_DG1_and_DG2_1692596280,2023-08-21T05:38:00,2023-08-21T05:39:00,1692596280,151.95,159.85,0.36000000000001364,0.0,19156.11,8454.7,0.0,0.0
UNHCR_OGOJA_OFFICE_DG1_and_DG2_1692596340,2023-08-21T05:39:00,2023-08-21T05:40:00,1692596340,151.95,159.85,0.0,0.0,19156.11,8454.7,0.0,0.0
UNHCR_OGOJA_OFFICE_DG1_and_DG2_1692596400,2023-08-21T05:40:00,2023-08-21T05:41:00,1692596400,151.95,159.85,0.0,0.0,19156.11,8454.7,0.0,0.0
UNHCR_OGOJA_OFFICE_DG1_and_DG2_1692596460,2023-08-21T05:41:00,2023-08-21T05:42:00,1692596460,151.95,159.85,0.0,0.0,19156.11,8454.7,0.0,0.0
UNHCR_OGOJA_OFFICE_DG1_and_DG2_1692596520,2023-08-21T05:42:00,2023-08-21T05:43:00,1692596520,151.95,159.85,0.0,0.0,19156.11,8454.7,0.0,0.0
UNHCR_OGOJA_OFFICE_DG1_and_DG2_1692596580,2023-08-21T05:43:00,2023-08-21T05:44:00,1692596580,151.95,159.85,0.0,0.0,19156.11,8454.7,0.0,0.0
UNHCR_OGOJA_OFFICE_DG1_and_DG2_1692596640,2023-08-21T05:44:00,2023-08-21T05:45:00,1692596640,151.95,159.85,0.0,0.0,19156.11,8454.7,0.0,0.0
UNHCR_OGOJA_OFFICE_DG1_and_DG2_1692596700,2023-08-21T05:45:00,2023-08-21T05:46:00,1692596700,151.95,159.85,0.0,0.0,19156.11,8454.7,0.0,0.0
UNHCR_OGOJA_OFFICE_DG1_and_DG2_1692596760,2023-08-21T05:46:00,2023-08-21T05:47:00,1692596760,151.59,159.85,0.3599999999999852,0.0,19156.11,8454.7,0.0,0.0
UNHCR_OGOJA_OFFICE_DG1_and_DG2_1692596820,2023-08-21T05:47:00,2023-08-21T05:48:00,1692596820,151.59,159.85,0.0,0.0,19156.11,8454.7,0.0,0.0
UNHCR_OGOJA_OFFICE_DG1_and_DG2_1692596880,2023-08-21T05:48:00,2023-08-21T05:49:00,1692596880,151.59,159.85,0.0,0.0,19156.11,8454.7,0.0,0.0
UNHCR_OGOJA_OFFICE_DG1_and_DG2_1692596940,2023-08-21T05:49:00,2023-08-21T05:50:00,1692596940,151.59,159.85,0.0,0.0,19156.11,8454.7,0.0,0.0
UNHCR_OGOJA_OFFICE_DG1_and_DG2_1692597000,2023-08-21T05:50:00,2023-08-21T05:51:00,1692597000,151.59,159.85,0.0,0.0,19156.11,8454.7,0.0,0.0
UNHCR_OGOJA_OFFICE_DG1_and_DG2_1692597060,2023-08-21T05:51:00,2023-08-21T05:52:00,1692597060,151.59,159.85,0.0,0.0,19156.11,8454.7,0.0,0.0
UNHCR_OGOJA_OFFICE_DG1_and_DG2_1692597120,2023-08-21T05:52:00,2023-08-21T05:53:00,1692597120,151.59,159.85,0.0,0.0,19156.11,8454.7,0.0,0.0
UNHCR_OGOJA_OFFICE_DG1_and_DG2_1692597180,2023-08-21T05:53:00,2023-08-21T05:54:00,1692597180,151.59,159.85,0.0,0.0,19156.11,8454.7,0.0,0.0
UNHCR_OGOJA_OFFICE_DG1_and_DG2_1692597240,2023-08-21T05:54:00,2023-08-21T05:55:00,1692597240,150.86,159.85,0.7299999999999898,0.0,19156.11,8454.7,0.0,0.0
UNHCR_OGOJA_OFFICE_DG1_and_DG2_1692597300,2023-08-21T05:55:00,2023-08-21T05:56:00,1692597300,150.5,159.85,0.36000000000001364,0.0,19156.11,8454.7,0.0,0.0
UNHCR_OGOJA_OFFICE_DG1_and_DG2_1692597360,2023-08-21T05:56:00,2023-08-21T05:57:00,1692597360,150.5,159.85,0.0,0.0,19156.11,8454.7,0.0,0.0
UNHCR_OGOJA_OFFICE_DG1_and_DG2_1692597420,2023-08-21T05:57:00,2023-08-21T05:58:00,1692597420,150.5,159.85,0.0,0.0,19156.11,8454.7,0.0,0.0
UNHCR_OGOJA_OFFICE_DG1_and_DG2_1692597480,2023-08-21T05:58:00,2023-08-21T05:59:00,1692597480,150.5,159.85,0.0,0.0,19156.11,8454.7,0.0,0.0
UNHCR_OGOJA_OFFICE_DG1_and_DG2_1692597540,2023-08-21T05:59:00,2023-08-21T06:00:00,1692597540,150.5,159.85,0.0,0.0,19156.11,8454.7,0.0,0.0
UNHCR_OGOJA_OFFICE_DG1_and_DG2_1692597600,2023-08-21T06:00:00,2023-08-21T06:01:00,1692597600,150.5,159.85,0.0,0.0,19156.11,8454.7,0.0,0.0
UNHCR_OGOJA_OFFICE_DG1_and_DG2_1692597660,2023-08-21T06:01:00,2023-08-21T06:02:00,1692597660,150.5,159.85,0.0,0.0,19156.11,8454.7,0.0,0.0
UNHCR_OGOJA_OFFICE_DG1_and_DG2_1692597720,2023-08-21T06:02:00,2023-08-21T06:03:00,1692597720,150.5,159.85,0.0,0.0,19156.11,8454.7,0.0,0.0
UNHCR_OGOJA_OFFICE_DG1_and_DG2_1692597780,2023-08-21T06:03:00,2023-08-21T06:04:00,1692597780,150.5,159.85,0.0,0.0,19156.11,8454.7,0.0,0.0
UNHCR_OGOJA_OFFICE_DG1_and_DG2_1692597840,2023-08-21T06:04:00,2023-08-21T06:05:00,1692597840,149.77,159.85,0.7299999999999898,0.0,19156.11,8454.7,0.0,0.0
UNHCR_OGOJA_OFFICE_DG1_and_DG2_1692597900,2023-08-21T06:05:00,2023-08-21T06:06:00,1692597900,149.41,159.85,0.36000000000001364,0.0,19156.11,8454.7,0.0,0.0
UNHCR_OGOJA_OFFICE_DG1_and_DG2_1692597960,2023-08-21T06:06:00,2023-08-21T06:07:00,1692597960,149.41,159.85,0.0,0.0,19156.11,8454.7,0.0,0.0
UNHCR_OGOJA_OFFICE_DG1_and_DG2_1692598020,2023-08-21T06:07:00,2023-08-21T06:08:00,1692598020,149.41,159.85,0.0,0.0,19156.11,8454.7,0.0,0.0
UNHCR_OGOJA_OFFICE_DG1_and_DG2_1692598080,2023-08-21T06:08:00,2023-08-21T06:09:00,1692598080,149.41,159.85,0.0,0.0,19156.11,8454.7,0.0,0.0
UNHCR_OGOJA_OFFICE_DG1_and_DG2_1692598140,2023-08-21T06:09:00,2023-08-21T06:10:00,1692598140,149.41,159.85,0.0,0.0,19156.11,8454.7,0.0,0.0
UNHCR_OGOJA_OFFICE_DG1_and_DG2_1692598200,2023-08-21T06:10:00,2023-08-21T06:11:00,1692598200,149.41,159.85,0.0,0.0,19156.11,8454.7,0.0,0.0
UNHCR_OGOJA_OFFICE_DG1_and_DG2_1692598260,2023-08-21T06:11:00,2023-08-21T06:12:00,1692598260,149.41,159.85,0.0,0.0,19156.11,8454.7,0.0,0.0
UNHCR_OGOJA_OFFICE_DG1_and_DG2_1692598320,2023-08-21T06:12:00,2023-08-21T06:13:00,1692598320,149.41,159.85,0.0,0.0,19156.11,8454.7,0.0,0.0
UNHCR_OGOJA_OFFICE_DG1_and_DG2_1692598380,2023-08-21T06:13:00,2023-08-21T06:14:00,1692598380,149.41,159.85,0.0,0.0,19156.11,8454.7,0.0,0.0
UNHCR_OGOJA_OFFICE_DG1_and_DG2_1692598440,2023-08-21T06:14:00,2023-08-21T06:15:00,1692598440,149.41,159.85,0.0,0.0,19156.11,8454.7,0.0,0.0
UNHCR_OGOJA_OFFICE_DG1_and_DG2_1692598500,2023-08-21T06:15:00,2023-08-21T06:16:00,1692598500,149.41,159.85,0.0,0.0,19156.11,8454.7,0.0,0.0
UNHCR_OGOJA_OFFICE_DG1_and_DG2_1692598560,2023-08-21T06:16:00,2023-08-21T06:17:00,1692598560,149.41,159.85,0.0,0.0,19156.11,8454.7,0.0,0.0
UNHCR_OGOJA_OFFICE_DG1_and_DG2_1692598620,2023-08-21T06:17:00,2023-08-21T06:18:00,1692598620,149.05,159.85,0.3599999999999852,0.0,19156.11,8454.7,0.0,0.0
UNHCR_OGOJA_OFFICE_DG1_and_DG2_1692598680,2023-08-21T06:18:00,2023-08-21T06:19:00,1692598680,148.32,159.85,0.7300000000000182,0.0,19156.11,8454.7,0.0,0.0
UNHCR_OGOJA_OFFICE_DG1_and_DG2_1692598740,2023-08-21T06:19:00,2023-08-21T06:20:00,1692598740,147.6,159.85,0.7199999999999989,0.0,19156.11,8454.7,0.0,0.0
UNHCR_OGOJA_OFFICE_DG1_and_DG2_1692598800,2023-08-21T06:20:00,2023-08-21T06:21:00,1692598800,147.6,159.85,0.0,0.0,19156.11,8454.7,0.0,0.0
UNHCR_OGOJA_OFFICE_DG1_and_DG2_1692598860,2023-08-21T06:21:00,2023-08-21T06:22:00,1692598860,147.6,159.85,0.0,0.0,19156.11,8454.7,0.0,0.0
UNHCR_OGOJA_OFFICE_DG1_and_DG2_1692598920,2023-08-21T06:22:00,2023-08-21T06:23:00,1692598920,147.6,159.85,0.0,0.0,19156.11,8454.7,0.0,0.0
UNHCR_OGOJA_OFFICE_DG1_and_DG2_1692598980,2023-08-21T06:23:00,2023-08-21T06:24:00,1692598980,147.6,159.85,0.0,0.0,19156.11,8454.7,0.0,0.0
UNHCR_OGOJA_OFFICE_DG1_and_DG2_1692599040,2023-08-21T06:24:00,2023-08-21T06:25:00,1692599040,147.6,159.85,0.0,0.0,19156.11,8454.7,0.0,0.0
UNHCR_OGOJA_OFFICE_DG1_and_DG2_1692599100,2023-08-21T06:25:00,2023-08-21T06:26:00,1692599100,147.6,159.85,0.0,0.0,19156.11,8454.7,0.0,0.0
UNHCR_OGOJA_OFFICE_DG1_and_DG2_1692599160,2023-08-21T06:26:00,2023-08-21T06:27:00,1692599160,147.6,159.85,0.0,0.0,19156.11,8454.7,0.0,0.0
UNHCR_OGOJA_OFFICE_DG1_and_DG2_1692599220,2023-08-21T06:27:00,2023-08-21T06:28:00,1692599220,147.6,159.85,0.0,0.0,19156.11,8454.7,0.0,0.0
UNHCR_OGOJA_OFFICE_DG1_and_DG2_1692599280,2023-08-21T06:28:00,2023-08-21T06:29:00,1692599280,169.01,159.85,0.0,0.0,19156.11,8454.7,0.0,0.0
UNHCR_OGOJA_OFFICE_DG1_and_DG2_1692599340,2023-08-21T06:29:00,2023-08-21T06:30:00,1692599340,180.98,159.85,0.0,0.0,19156.11,8454.7,0.0,0.0
UNHCR_OGOJA_OFFICE_DG1_and_DG2_1692599400,2023-08-21T06:30:00,2023-08-21T06:31:00,1692599400,191.15,159.85,0.0,0.0,19156.11,8454.7,0.0,0.0
UNHCR_OGOJA_OFFICE_DG1_and_DG2_1692599460,2023-08-21T06:31:00,2023-08-21T06:32:00,1692599460,195.14,159.85,0.0,0.0,19156.11,8454.7,0.0,0.0
UNHCR_OGOJA_OFFICE_DG1_and_DG2_1692599520,2023-08-21T06:32:00,2023-08-21T06:33:00,1692599520,194.77,159.85,0.3699999999999761,0.0,19156.11,8454.7,0.0,0.0
UNHCR_OGOJA_OFFICE_DG1_and_DG2_1692599580,2023-08-21T06:33:00,2023-08-21T06:34:00,1692599580,194.05,159.85,0.7199999999999989,0.0,19156.11,8454.7,0.0,0.0
UNHCR_OGOJA_OFFICE_DG1_and_DG2_1692599640,2023-08-21T06:34:00,2023-08-21T06:35:00,1692599640,193.32,159.85,0.7300000000000182,0.0,19156.11,8454.7,0.0,0.0
UNHCR_OGOJA_OFFICE_DG1_and_DG2_1692599700,2023-08-21T06:35:00,2023-08-21T06:36:00,1692599700,192.6,159.85,0.7199999999999989,0.0,19156.11,8454.7,0.0,0.0
UNHCR_OGOJA_OFFICE_DG1_and_DG2_1692599760,2023-08-21T06:36:00,2023-08-21T06:37:00,1692599760,191.87,159.85,0.7299999999999898,0.0,19156.11,8454.7,0.0,0.0
UNHCR_OGOJA_OFFICE_DG1_and_DG2_1692599820,2023-08-21T06:37:00,2023-08-21T06:38:00,1692599820,191.87,159.85,0.0,0.0,19156.11,8454.7,0.0,0.0
UNHCR_OGOJA_OFFICE_DG1_and_DG2_1692599880,2023-08-21T06:38:00,2023-08-21T06:39:00,1692599880,191.87,159.85,0.0,0.0,19156.11,8454.7,0.0,0.0
UNHCR_OGOJA_OFFICE_DG1_and_DG2_1692599940,2023-08-21T06:39:00,2023-08-21T06:40:00,1692599940,191.87,159.85,0.0,0.0,19156.11,8454.7,0.0,0.0
UNHCR_OGOJA_OFFICE_DG1_and_DG2_1692600000,2023-08-21T06:40:00,2023-08-21T06:41:00,1692600000,191.87,159.85,0.0,0.0,19156.11,8454.7,0.0,0.0
UNHCR_OGOJA_OFFICE_DG1_and_DG2_1692600060,2023-08-21T06:41:00,2023-08-21T06:42:00,1692600060,191.51,159.85,0.36000000000001364,0.0,19156.11,8454.7,0.0,0.0
UNHCR_OGOJA_OFFICE_DG1_and_DG2_1692600120,2023-08-21T06:42:00,2023-08-21T06:43:00,1692600120,191.15,159.85,0.3599999999999852,0.0,19156.11,8454.7,0.0,0.0
UNHCR_OGOJA_OFFICE_DG1_and_DG2_1692600180,2023-08-21T06:43:00,2023-08-21T06:44:00,1692600180,191.15,159.85,0.0,0.0,19156.11,8454.7,0.0,0.0
UNHCR_OGOJA_OFFICE_DG1_and_DG2_1692600240,2023-08-21T06:44:00,2023-08-21T06:45:00,1692600240,190.42,159.85,0.7300000000000182,0.0,19156.11,8454.7,0.0,0.0
UNHCR_OGOJA_OFFICE_DG1_and_DG2_1692600300,2023-08-21T06:45:00,2023-08-21T06:46:00,1692600300,190.42,159.85,0.0,0.0,19156.11,8454.7,0.0,0.0
UNHCR_OGOJA_OFFICE_DG1_and_DG2_1692600360,2023-08-21T06:46:00,2023-08-21T06:47:00,1692600360,190.06,159.85,0.3599999999999852,0.0,19156.11,8454.7,0.0,0.0
UNHCR_OGOJA_OFFICE_DG1_and_DG2_1692600420,2023-08-21T06:47:00,2023-08-21T06:48:00,1692600420,189.33,159.85,0.7299999999999898,0.0,19156.11,8454.7,0.0,0.0
UNHCR_OGOJA_OFFICE_DG1_and_DG2_1692600480,2023-08-21T06:48:00,2023-08-21T06:49:00,1692600480,189.33,159.85,0.0,0.0,19156.11,8454.7,0.0,0.0
UNHCR_OGOJA_OFFICE_DG1_and_DG2_1692600540,2023-08-21T06:49:00,2023-08-21T06:50:00,1692600540,189.33,159.85,0.0,0.0,19156.11,8454.7,0.0,0.0
UNHCR_OGOJA_OFFICE_DG1_and_DG2_1692600600,2023-08-21T06:50:00,2023-08-21T06:51:00,1692600600,189.33,159.85,0.0,0.0,19156.11,8454.7,0.0,0.0
UNHCR_OGOJA_OFFICE_DG1_and_DG2_1692600660,2023-08-21T06:51:00,2023-08-21T06:52:00,1692600660,189.33,159.85,0.0,0.0,19156.11,8454.7,0.0,0.0
UNHCR_OGOJA_OFFICE_DG1_and_DG2_1692600720,2023-08-21T06:52:00,2023-08-21T06:53:00,1692600720,189.33,159.85,0.0,0.0,19156.11,8454.7,0.0,0.0
UNHCR_OGOJA_OFFICE_DG1_and_DG2_1692600780,2023-08-21T06:53:00,2023-08-21T06:54:00,1692600780,189.33,159.85,0.0,0.0,19156.11,8454.7,0.0,0.0
UNHCR_OGOJA_OFFICE_DG1_and_DG2_1692600840,2023-08-21T06:54:00,2023-08-21T06:55:00,1692600840,189.33,159.85,0.0,0.0,19156.11,8454.7,0.0,0.0
UNHCR_OGOJA_OFFICE_DG1_and_DG2_1692600900,2023-08-21T06:55:00,2023-08-21T06:56:00,1692600900,188.97,159.85,0.36000000000001364,0.0,19156.11,8454.7,0.0,0.0
UNHCR_OGOJA_OFFICE_DG1_and_DG2_1692600960,2023-08-21T06:56:00,2023-08-21T06:57:00,1692600960,188.97,159.85,0.0,0.0,19156.11,8454.7,0.0,0.0
UNHCR_OGOJA_OFFICE_DG1_and_DG2_1692601020,2023-08-21T06:57:00,2023-08-21T06:58:00,1692601020,188.97,159.85,0.0,0.0,19156.11,8454.7,0.0,0.0
UNHCR_OGOJA_OFFICE_DG1_and_DG2_1692601080,2023-08-21T06:58:00,2023-08-21T06:59:00,1692601080,188.97,159.85,0.0,0.0,19156.11,8454.7,0.0,0.0
UNHCR_OGOJA_OFFICE_DG1_and_DG2_1692601140,2023-08-21T06:59:00,2023-08-21T07:00:00,1692601140,188.97,159.85,0.0,0.0,19156.11,8454.7,0.0,0.0
UNHCR_OGOJA_OFFICE_DG1_and_DG2_1692601200,2023-08-21T07:00:00,2023-08-21T07:01:00,1692601200,188.97,159.85,0.0,0.0,19156.11,8454.7,0.0,0.0
UNHCR_OGOJA_OFFICE_DG1_and_DG2_1692601260,2023-08-21T07:01:00,2023-08-21T07:02:00,1692601260,188.97,159.85,0.0,0.0,19156.11,8454.7,0.0,0.0
UNHCR_OGOJA_OFFICE_DG1_and_DG2_1692601320,2023-08-21T07:02:00,2023-08-21T07:03:00,1692601320,188.97,159.85,0.0,0.0,19156.11,8454.7,0.0,0.0
UNHCR_OGOJA_OFFICE_DG1_and_DG2_1692601380,2023-08-21T07:03:00,2023-08-21T07:04:00,1692601380,188.97,159.85,0.0,0.0,19156.11,8454.7,0.0,0.0
UNHCR_OGOJA_OFFICE_DG1_and_DG2_1692601440,2023-08-21T07:04:00,2023-08-21T07:05:00,1692601440,188.97,159.85,0.0,0.0,19156.11,8454.7,0.0,0.0
UNHCR_OGOJA_OFFICE_DG1_and_DG2_1692601500,2023-08-21T07:05:00,2023-08-21T07:06:00,1692601500,188.97,159.85,0.0,0.0,19156.11,8454.7,0.0,0.0
UNHCR_OGOJA_OFFICE_DG1_and_DG2_1692601560,2023-08-21T07:06:00,2023-08-21T07:07:00,1692601560,188.6,159.85,0.37000000000000455,0.0,19156.11,8454.7,0.0,0.0
UNHCR_OGOJA_OFFICE_DG1_and_DG2_1692601620,2023-08-21T07:07:00,2023-08-21T07:08:00,1692601620,187.52,159.85,1.079999999999984,0.0,19156.11,8454.7,0.0,0.0
UNHCR_OGOJA_OFFICE_DG1_and_DG2_1692601680,2023-08-21T07:08:00,2023-08-21T07:09:00,1692601680,187.15,159.85,0.37000000000000455,0.0,19156.11,8454.7,0.0,0.0
UNHCR_OGOJA_OFFICE_DG1_and_DG2_1692601740,2023-08-21T07:09:00,2023-08-21T07:10:00,1692601740,187.15,159.85,0.0,0.0,19156.11,8454.7,0.0,0.0
UNHCR_OGOJA_OFFICE_DG1_and_DG2_1692601800,2023-08-21T07:10:00,2023-08-21T07:11:00,1692601800,187.15,159.85,0.0,0.0,19156.11,8454.7,0.0,0.0
UNHCR_OGOJA_OFFICE_DG1_and_DG2_1692601860,2023-08-21T07:11:00,2023-08-21T07:12:00,1692601860,187.15,159.85,0.0,0.0,19156.11,8454.7,0.0,0.0
UNHCR_OGOJA_OFFICE_DG1_and_DG2_1692601920,2023-08-21T07:12:00,2023-08-21T07:13:00,1692601920,186.79,159.85,0.36000000000001364,0.0,19156.11,8454.7,0.0,0.0
UNHCR_OGOJA_OFFICE_DG1_and_DG2_1692601980,2023-08-21T07:13:00,2023-08-21T07:14:00,1692601980,186.79,159.85,0.0,0.0,19156.11,8454.7,0.0,0.0
UNHCR_OGOJA_OFFICE_DG1_and_DG2_1692602040,2023-08-21T07:14:00,2023-08-21T07:15:00,1692602040,186.79,159.85,0.0,0.0,19156.11,8454.7,0.0,0.0
UNHCR_OGOJA_OFFICE_DG1_and_DG2_1692602100,2023-08-21T07:15:00,2023-08-21T07:16:00,1692602100,186.79,159.85,0.0,0.0,19156.11,8454.7,0.0,0.0
UNHCR_OGOJA_OFFICE_DG1_and_DG2_1692602160,2023-08-21T07:16:00,2023-08-21T07:17:00,1692602160,186.79,159.85,0.0,0.0,19156.11,8454.7,0.0,0.0
UNHCR_OGOJA_OFFICE_DG1_and_DG2_1692602220,2023-08-21T07:17:00,2023-08-21T07:18:00,1692602220,186.79,159.85,0.0,0.0,19156.11,8454.7,0.0,0.0
UNHCR_OGOJA_OFFICE_DG1_and_DG2_1692602280,2023-08-21T07:18:00,2023-08-21T07:19:00,1692602280,186.06,159.85,0.7299999999999898,0.0,19156.11,8454.7,0.0,0.0
UNHCR_OGOJA_OFFICE_DG1_and_DG2_1692602340,2023-08-21T07:19:00,2023-08-21T07:20:00,1692602340,186.06,159.85,0.0,0.0,19156.11,8454.7,0.0,0.0
UNHCR_OGOJA_OFFICE_DG1_and_DG2_1692602400,2023-08-21T07:20:00,2023-08-21T07:21:00,1692602400,186.06,159.85,0.0,0.0,19156.11,8454.7,0.0,0.0
UNHCR_OGOJA_OFFICE_DG1_and_DG2_1692602460,2023-08-21T07:21:00,2023-08-21T07:22:00,1692602460,185.34,159.85,0.7199999999999989,0.0,19156.11,8454.7,0.0,0.0
UNHCR_OGOJA_OFFICE_DG1_and_DG2_1692602520,2023-08-21T07:22:00,2023-08-21T07:23:00,1692602520,185.34,159.85,0.0,0.0,19156.11,8454.7,0.0,0.0
UNHCR_OGOJA_OFFICE_DG1_and_DG2_1692602580,2023-08-21T07:23:00,2023-08-21T07:24:00,1692602580,184.61,159.85,0.7299999999999898,0.0,19156.11,8454.7,0.0,0.0
UNHCR_OGOJA_OFFICE_DG1_and_DG2_1692602640,2023-08-21T07:24:00,2023-08-21T07:25:00,1692602640,184.61,159.85,0.0,0.0,19156.11,8454.7,0.0,0.0
UNHCR_OGOJA_OFFICE_DG1_and_DG2_1692602700,2023-08-21T07:25:00,2023-08-21T07:26:00,1692602700,184.61,159.85,0.0,0.0,19156.11,8454.7,0.0,0.0
UNHCR_OGOJA_OFFICE_DG1_and_DG2_1692602760,2023-08-21T07:26:00,2023-08-21T07:27:00,1692602760,183.89,159.85,0.7200000000000273,0.0,19156.11,8454.7,0.0,0.0
UNHCR_OGOJA_OFFICE_DG1_and_DG2_1692602820,2023-08-21T07:27:00,2023-08-21T07:28:00,1692602820,183.89,159.85,0.0,0.0,19156.11,8454.7,0.0,0.0
UNHCR_OGOJA_OFFICE_DG1_and_DG2_1692602880,2023-08-21T07:28:00,2023-08-21T07:29:00,1692602880,183.89,159.85,0.0,0.0,19156.11,8454.7,0.0,0.0
UNHCR_OGOJA_OFFICE_DG1_and_DG2_1692602940,2023-08-21T07:29:00,2023-08-21T07:30:00,1692602940,183.89,159.85,0.0,0.0,19156.11,8454.7,0.0,0.0
UNHCR_OGOJA_OFFICE_DG1_and_DG2_1692603000,2023-08-21T07:30:00,2023-08-21T07:31:00,1692603000,183.89,159.85,0.0,0.0,19156.11,8454.7,0.0,0.0
UNHCR_OGOJA_OFFICE_DG1_and_DG2_1692603060,2023-08-21T07:31:00,2023-08-21T07:32:00,1692603060,183.89,159.85,0.0,0.0,19156.11,8454.7,0.0,0.0
UNHCR_OGOJA_OFFICE_DG1_and_DG2_1692603120,2023-08-21T07:32:00,2023-08-21T07:33:00,1692603120,183.89,159.85,0.0,0.0,19156.11,8454.7,0.0,0.0
UNHCR_OGOJA_OFFICE_DG1_and_DG2_1692603180,2023-08-21T07:33:00,2023-08-21T07:34:00,1692603180,183.52,159.85,0.3699999999999761,0.0,19156.11,8454.7,0.0,0.0
UNHCR_OGOJA_OFFICE_DG1_and_DG2_1692603240,2023-08-21T07:34:00,2023-08-21T07:35:00,1692603240,182.44,159.85,1.0800000000000125,0.0,19156.11,8454.7,0.0,0.0
UNHCR_OGOJA_OFFICE_DG1_and_DG2_1692603300,2023-08-21T07:35:00,2023-08-21T07:36:00,1692603300,182.44,159.85,0.0,0.0,19156.11,8454.7,0.0,0.0
UNHCR_OGOJA_OFFICE_DG1_and_DG2_1692603360,2023-08-21T07:36:00,2023-08-21T07:37:00,1692603360,182.44,159.85,0.0,0.0,19156.11,8454.7,0.0,0.0
UNHCR_OGOJA_OFFICE_DG1_and_DG2_1692603420,2023-08-21T07:37:00,2023-08-21T07:38:00,1692603420,182.44,159.85,0.0,0.0,19156.11,8454.7,0.0,0.0
UNHCR_OGOJA_OFFICE_DG1_and_DG2_1692603480,2023-08-21T07:38:00,2023-08-21T07:39:00,1692603480,182.44,159.85,0.0,0.0,19156.11,8454.7,0.0,0.0
UNHCR_OGOJA_OFFICE_DG1_and_DG2_1692603540,2023-08-21T07:39:00,2023-08-21T07:40:00,1692603540,182.44,159.85,0.0,0.0,19156.11,8454.7,0.0,0.0
UNHCR_OGOJA_OFFICE_DG1_and_DG2_1692603600,2023-08-21T07:40:00,2023-08-21T07:41:00,1692603600,182.44,159.85,0.0,0.0,19156.11,8454.7,0.0,0.0
UNHCR_OGOJA_OFFICE_DG1_and_DG2_1692603660,2023-08-21T07:41:00,2023-08-21T07:42:00,1692603660,182.44,159.85,0.0,0.0,19156.11,8454.7,0.0,0.0
UNHCR_OGOJA_OFFICE_DG1_and_DG2_1692603720,2023-08-21T07:42:00,2023-08-21T07:43:00,1692603720,182.44,159.85,0.0,0.0,19156.11,8454.7,0.0,0.0
UNHCR_OGOJA_OFFICE_DG1_and_DG2_1692603780,2023-08-21T07:43:00,2023-08-21T07:44:00,1692603780,182.44,159.85,0.0,0.0,19156.11,8454.7,0.0,0.0
UNHCR_OGOJA_OFFICE_DG1_and_DG2_1692603840,2023-08-21T07:44:00,2023-08-21T07:45:00,1692603840,182.44,159.85,0.0,0.0,19156.11,8454.7,0.0,0.0
UNHCR_OGOJA_OFFICE_DG1_and_DG2_1692603900,2023-08-21T07:45:00,2023-08-21T07:46:00,1692603900,182.07,159.85,0.37000000000000455,0.0,19156.11,8454.7,0.0,0.0
UNHCR_OGOJA_OFFICE_DG1_and_DG2_1692603960,2023-08-21T07:46:00,2023-08-21T07:47:00,1692603960,181.35,159.85,0.7199999999999989,0.0,19156.11,8454.7,0.0,0.0
UNHCR_OGOJA_OFFICE_DG1_and_DG2_1692604020,2023-08-21T07:47:00,2023-08-21T07:48:00,1692604020,180.98,159.85,0.37000000000000455,0.0,19156.11,8454.7,0.0,0.0
UNHCR_OGOJA_OFFICE_DG1_and_DG2_1692604080,2023-08-21T07:48:00,2023-08-21T07:49:00,1692604080,180.62,159.85,0.3599999999999852,0.0,19156.11,8454.7,0.0,0.0
UNHCR_OGOJA_OFFICE_DG1_and_DG2_1692604140,2023-08-21T07:49:00,2023-08-21T07:50:00,1692604140,180.62,159.85,0.0,0.0,19156.11,8454.7,0.0,0.0
UNHCR_OGOJA_OFFICE_DG1_and_DG2_1692604200,2023-08-21T07:50:00,2023-08-21T07:51:00,1692604200,180.62,159.85,0.0,0.0,19156.11,8454.7,0.0,0.0
UNHCR_OGOJA_OFFICE_DG1_and_DG2_1692604260,2023-08-21T07:51:00,2023-08-21T07:52:00,1692604260,180.62,159.85,0.0,0.0,19156.11,8454.7,0.0,0.0
UNHCR_OGOJA_OFFICE_DG1_and_DG2_1692604320,2023-08-21T07:52:00,2023-08-21T07:53:00,1692604320,180.26,159.85,0.36000000000001364,0.0,19156.11,8454.7,0.0,0.0
UNHCR_OGOJA_OFFICE_DG1_and_DG2_1692604380,2023-08-21T07:53:00,2023-08-21T07:54:00,1692604380,180.26,159.85,0.0,0.0,19156.11,8454.7,0.0,0.0
UNHCR_OGOJA_OFFICE_DG1_and_DG2_1692604440,2023-08-21T07:54:00,2023-08-21T07:55:00,1692604440,180.26,159.85,0.0,0.0,19156.11,8454.7,0.0,0.0
UNHCR_OGOJA_OFFICE_DG1_and_DG2_1692604500,2023-08-21T07:55:00,2023-08-21T07:56:00,1692604500,179.9,159.85,0.3599999999999852,0.0,19156.11,8454.7,0.0,0.0
UNHCR_OGOJA_OFFICE_DG1_and_DG2_1692604560,2023-08-21T07:56:00,2023-08-21T07:57:00,1692604560,179.9,159.85,0.0,0.0,19156.11,8454.7,0.0,0.0
UNHCR_OGOJA_OFFICE_DG1_and_DG2_1692604620,2023-08-21T07:57:00,2023-08-21T07:58:00,1692604620,179.17,159.85,0.7300000000000182,0.0,19156.11,8454.7,0.0,0.0
UNHCR_OGOJA_OFFICE_DG1_and_DG2_1692604680,2023-08-21T07:58:00,2023-08-21T07:59:00,1692604680,178.81,159.85,0.3599999999999852,0.0,19156.11,8454.7,0.0,0.0
UNHCR_OGOJA_OFFICE_DG1_and_DG2_1692604740,2023-08-21T07:59:00,2023-08-21T08:00:00,1692604740,178.08,159.85,0.7299999999999898,0.0,19156.11,8454.7,0.0,0.0
UNHCR_OGOJA_OFFICE_DG1_and_DG2_1692604800,2023-08-21T08:00:00,2023-08-21T08:01:00,1692604800,177.72,159.85,0.36000000000001364,0.0,19156.11,8454.7,0.0,0.0
UNHCR_OGOJA_OFFICE_DG1_and_DG2_1692604920,2023-08-21 08:01,2023-08-21 08:02,1692626460.0,177.35,159.85,0.37000000000000455,0.0,19156.11,8454.7,0.0,0.0
UNHCR_OGOJA_OFFICE_DG1_and_DG2_1692604920,2023-08-21T08:02:00,2023-08-21T08:03:00,1692604920,177.35,159.85,0.37000000000000455,0.0,19156.11,8454.7,0.0,0.0
UNHCR_OGOJA_OFFICE_DG1_and_DG2_1692604980,2023-08-21T08:03:00,2023-08-21T08:04:00,1692604980,177.35,159.85,0.0,0.0,19156.11,8454.7,0.0,0.0
UNHCR_OGOJA_OFFICE_DG1_and_DG2_1692605040,2023-08-21T08:04:00,2023-08-21T08:05:00,1692605040,177.35,159.85,0.0,0.0,19156.11,8454.7,0.0,0.0
UNHCR_OGOJA_OFFICE_DG1_and_DG2_1692605100,2023-08-21T08:05:00,2023-08-21T08:06:00,1692605100,177.35,159.85,0.0,0.0,19156.11,8454.7,0.0,0.0
UNHCR_OGOJA_OFFICE_DG1_and_DG2_1692605160,2023-08-21T08:06:00,2023-08-21T08:07:00,1692605160,177.35,159.85,0.0,0.0,19156.11,8454.7,0.0,0.0
UNHCR_OGOJA_OFFICE_DG1_and_DG2_1692605220,2023-08-21T08:07:00,2023-08-21T08:08:00,1692605220,177.35,159.85,0.0,0.0,19156.11,8454.7,0.0,0.0
UNHCR_OGOJA_OFFICE_DG1_and_DG2_1692605280,2023-08-21T08:08:00,2023-08-21T08:09:00,1692605280,177.35,159.85,0.0,0.0,19156.11,8454.7,0.0,0.0
UNHCR_OGOJA_OFFICE_DG1_and_DG2_1692605340,2023-08-21T08:09:00,2023-08-21T08:10:00,1692605340,177.35,159.85,0.0,0.0,19156.11,8454.7,0.0,0.0
UNHCR_OGOJA_OFFICE_DG1_and_DG2_1692605400,2023-08-21T08:10:00,2023-08-21T08:11:00,1692605400,177.35,159.85,0.0,0.0,19156.11,8454.7,0.0,0.0
UNHCR_OGOJA_OFFICE_DG1_and_DG2_1692605460,2023-08-21T08:11:00,2023-08-21T08:12:00,1692605460,177.35,159.85,0.0,0.0,19156.11,8454.7,0.0,0.0
UNHCR_OGOJA_OFFICE_DG1_and_DG2_1692605520,2023-08-21T08:12:00,2023-08-21T08:13:00,1692605520,177.35,159.85,0.0,0.0,19156.11,8454.7,0.0,0.0
UNHCR_OGOJA_OFFICE_DG1_and_DG2_1692605580,2023-08-21T08:13:00,2023-08-21T08:14:00,1692605580,177.35,159.85,0.0,0.0,19156.11,8454.7,0.0,0.0
UNHCR_OGOJA_OFFICE_DG1_and_DG2_1692605640,2023-08-21T08:14:00,2023-08-21T08:15:00,1692605640,176.99,159.85,0.3599999999999852,0.0,19156.11,8454.7,0.0,0.0
UNHCR_OGOJA_OFFICE_DG1_and_DG2_1692605700,2023-08-21T08:15:00,2023-08-21T08:16:00,1692605700,176.27,159.85,0.7199999999999989,0.0,19156.11,8454.7,0.0,0.0
UNHCR_OGOJA_OFFICE_DG1_and_DG2_1692605760,2023-08-21T08:16:00,2023-08-21T08:17:00,1692605760,175.9,159.85,0.37000000000000455,0.0,19156.11,8454.7,0.0,0.0
UNHCR_OGOJA_OFFICE_DG1_and_DG2_1692605820,2023-08-21T08:17:00,2023-08-21T08:18:00,1692605820,175.9,159.85,0.0,0.0,19156.11,8454.7,0.0,0.0
UNHCR_OGOJA_OFFICE_DG1_and_DG2_1692605880,2023-08-21T08:18:00,2023-08-21T08:19:00,1692605880,175.9,159.85,0.0,0.0,19156.11,8454.7,0.0,0.0
UNHCR_OGOJA_OFFICE_DG1_and_DG2_1692605940,2023-08-21T08:19:00,2023-08-21T08:20:00,1692605940,175.9,159.85,0.0,0.0,19156.11,8454.7,0.0,0.0
UNHCR_OGOJA_OFFICE_DG1_and_DG2_1692606000,2023-08-21T08:20:00,2023-08-21T08:21:00,1692606000,175.9,159.85,0.0,0.0,19156.11,8454.7,0.0,0.0
UNHCR_OGOJA_OFFICE_DG1_and_DG2_1692606060,2023-08-21T08:21:00,2023-08-21T08:22:00,1692606060,175.9,159.85,0.0,0.0,19156.11,8454.7,0.0,0.0
UNHCR_OGOJA_OFFICE_DG1_and_DG2_1692606120,2023-08-21T08:22:00,2023-08-21T08:23:00,1692606120,175.9,159.85,0.0,0.0,19156.11,8454.7,0.0,0.0
UNHCR_OGOJA_OFFICE_DG1_and_DG2_1692606180,2023-08-21T08:23:00,2023-08-21T08:24:00,1692606180,175.9,159.85,0.0,0.0,19156.11,8454.7,0.0,0.0
UNHCR_OGOJA_OFFICE_DG1_and_DG2_1692606240,2023-08-21T08:24:00,2023-08-21T08:25:00,1692606240,175.9,159.85,0.0,0.0,19156.11,8454.7,0.0,0.0
UNHCR_OGOJA_OFFICE_DG1_and_DG2_1692606300,2023-08-21T08:25:00,2023-08-21T08:26:00,1692606300,175.9,159.85,0.0,0.0,19156.11,8454.7,0.0,0.0
UNHCR_OGOJA_OFFICE_DG1_and_DG2_1692606360,2023-08-21T08:26:00,2023-08-21T08:27:00,1692606360,175.9,159.85,0.0,0.0,19156.11,8454.7,0.0,0.0
UNHCR_OGOJA_OFFICE_DG1_and_DG2_1692606420,2023-08-21T08:27:00,2023-08-21T08:28:00,1692606420,175.9,159.85,0.0,0.0,19156.11,8454.7,0.0,0.0
UNHCR_OGOJA_OFFICE_DG1_and_DG2_1692606480,2023-08-21T08:28:00,2023-08-21T08:29:00,1692606480,175.9,159.85,0.0,0.0,19156.11,8454.7,0.0,0.0
UNHCR_OGOJA_OFFICE_DG1_and_DG2_1692606540,2023-08-21T08:29:00,2023-08-21T08:30:00,1692606540,175.54,159.85,0.36000000000001364,0.0,19156.11,8454.7,0.0,0.0
UNHCR_OGOJA_OFFICE_DG1_and_DG2_1692606600,2023-08-21T08:30:00,2023-08-21T08:31:00,1692606600,175.54,159.85,0.0,0.0,19156.11,8454.7,0.0,0.0
UNHCR_OGOJA_OFFICE_DG1_and_DG2_1692606660,2023-08-21T08:31:00,2023-08-21T08:32:00,1692606660,174.81,159.85,0.7299999999999898,0.0,19156.11,8454.7,0.0,0.0
UNHCR_OGOJA_OFFICE_DG1_and_DG2_1692606720,2023-08-21T08:32:00,2023-08-21T08:33:00,1692606720,174.45,159.85,0.36000000000001364,0.0,19156.11,8454.7,0.0,0.0
UNHCR_OGOJA_OFFICE_DG1_and_DG2_1692606780,2023-08-21T08:33:00,2023-08-21T08:34:00,1692606780,174.45,159.85,0.0,0.0,19156.11,8454.7,0.0,0.0
UNHCR_OGOJA_OFFICE_DG1_and_DG2_1692606840,2023-08-21T08:34:00,2023-08-21T08:35:00,1692606840,174.45,159.85,0.0,0.0,19156.11,8454.7,0.0,0.0
UNHCR_OGOJA_OFFICE_DG1_and_DG2_1692606900,2023-08-21T08:35:00,2023-08-21T08:36:00,1692606900,174.45,159.85,0.0,0.0,19156.11,8454.7,0.0,0.0
UNHCR_OGOJA_OFFICE_DG1_and_DG2_1692606960,2023-08-21T08:36:00,2023-08-21T08:37:00,1692606960,174.45,159.85,0.0,0.0,19156.11,8454.7,0.0,0.0
UNHCR_OGOJA_OFFICE_DG1_and_DG2_1692607020,2023-08-21T08:37:00,2023-08-21T08:38:00,1692607020,174.45,159.85,0.0,0.0,19156.11,8454.7,0.0,0.0
UNHCR_OGOJA_OFFICE_DG1_and_DG2_1692607080,2023-08-21T08:38:00,2023-08-21T08:39:00,1692607080,173.73,159.85,0.7199999999999989,0.0,19156.11,8454.7,0.0,0.0
UNHCR_OGOJA_OFFICE_DG1_and_DG2_1692607140,2023-08-21T08:39:00,2023-08-21T08:40:00,1692607140,173.73,159.85,0.0,0.0,19156.11,8454.7,0.0,0.0
UNHCR_OGOJA_OFFICE_DG1_and_DG2_1692607200,2023-08-21T08:40:00,2023-08-21T08:41:00,1692607200,173.73,159.85,0.0,0.0,19156.11,8454.7,0.0,0.0
UNHCR_OGOJA_OFFICE_DG1_and_DG2_1692607260,2023-08-21T08:41:00,2023-08-21T08:42:00,1692607260,173.73,159.85,0.0,0.0,19156.11,8454.7,0.0,0.0
UNHCR_OGOJA_OFFICE_DG1_and_DG2_1692607320,2023-08-21T08:42:00,2023-08-21T08:43:00,1692607320,173.73,159.85,0.0,0.0,19156.11,8454.7,0.0,0.0
UNHCR_OGOJA_OFFICE_DG1_and_DG2_1692607380,2023-08-21T08:43:00,2023-08-21T08:44:00,1692607380,173.36,159.85,0.3699999999999761,0.0,19156.11,8454.7,0.0,0.0
UNHCR_OGOJA_OFFICE_DG1_and_DG2_1692607440,2023-08-21T08:44:00,2023-08-21T08:45:00,1692607440,172.64,159.85,0.7200000000000273,0.0,19156.11,8454.7,0.0,0.0
UNHCR_OGOJA_OFFICE_DG1_and_DG2_1692607500,2023-08-21T08:45:00,2023-08-21T08:46:00,1692607500,172.64,159.85,0.0,0.0,19156.11,8454.7,0.0,0.0
UNHCR_OGOJA_OFFICE_DG1_and_DG2_1692607560,2023-08-21T08:46:00,2023-08-21T08:47:00,1692607560,172.27,159.85,0.3699999999999761,0.0,19156.11,8454.7,0.0,0.0
UNHCR_OGOJA_OFFICE_DG1_and_DG2_1692607620,2023-08-21T08:47:00,2023-08-21T08:48:00,1692607620,171.91,159.85,0.36000000000001364,0.0,19156.11,8454.7,0.0,0.0
UNHCR_OGOJA_OFFICE_DG1_and_DG2_1692607680,2023-08-21T08:48:00,2023-08-21T08:49:00,1692607680,171.91,159.85,0.0,0.0,19156.11,8454.7,0.0,0.0
UNHCR_OGOJA_OFFICE_DG1_and_DG2_1692607740,2023-08-21T08:49:00,2023-08-21T08:50:00,1692607740,171.91,159.85,0.0,0.0,19156.11,8454.7,0.0,0.0
UNHCR_OGOJA_OFFICE_DG1_and_DG2_1692607800,2023-08-21T08:50:00,2023-08-21T08:51:00,1692607800,171.91,159.85,0.0,0.0,19156.11,8454.7,0.0,0.0
UNHCR_OGOJA_OFFICE_DG1_and_DG2_1692607860,2023-08-21T08:51:00,2023-08-21T08:52:00,1692607860,171.91,159.85,0.0,0.0,19156.11,8454.7,0.0,0.0
UNHCR_OGOJA_OFFICE_DG1_and_DG2_1692607920,2023-08-21T08:52:00,2023-08-21T08:53:00,1692607920,171.55,159.85,0.3599999999999852,0.0,19156.11,8454.7,0.0,0.0
UNHCR_OGOJA_OFFICE_DG1_and_DG2_1692607980,2023-08-21T08:53:00,2023-08-21T08:54:00,1692607980,170.82,159.85,0.7300000000000182,0.0,19156.11,8454.7,0.0,0.0
UNHCR_OGOJA_OFFICE_DG1_and_DG2_1692608040,2023-08-21T08:54:00,2023-08-21T08:55:00,1692608040,170.46,159.85,0.3599999999999852,0.0,19156.11,8454.7,0.0,0.0
UNHCR_OGOJA_OFFICE_DG1_and_DG2_1692608100,2023-08-21T08:55:00,2023-08-21T08:56:00,1692608100,170.46,159.85,0.0,0.0,19156.11,8454.7,0.0,0.0
UNHCR_OGOJA_OFFICE_DG1_and_DG2_1692608160,2023-08-21T08:56:00,2023-08-21T08:57:00,1692608160,170.46,159.85,0.0,0.0,19156.11,8454.7,0.0,0.0
UNHCR_OGOJA_OFFICE_DG1_and_DG2_1692608220,2023-08-21T08:57:00,2023-08-21T08:58:00,1692608220,170.46,159.85,0.0,0.0,19156.11,8454.7,0.0,0.0
UNHCR_OGOJA_OFFICE_DG1_and_DG2_1692608280,2023-08-21T08:58:00,2023-08-21T08:59:00,1692608280,170.46,159.85,0.0,0.0,19156.11,8454.7,0.0,0.0
UNHCR_OGOJA_OFFICE_DG1_and_DG2_1692608340,2023-08-21T08:59:00,2023-08-21T09:00:00,1692608340,170.46,159.85,0.0,0.0,19156.11,8454.7,0.0,0.0
UNHCR_OGOJA_OFFICE_DG1_and_DG2_1692608400,2023-08-21T09:00:00,2023-08-21T09:01:00,1692608400,170.1,159.85,0.36000000000001364,0.0,19156.11,8454.7,0.0,0.0
UNHCR_OGOJA_OFFICE_DG1_and_DG2_1692608460,2023-08-21T09:01:00,2023-08-21T09:02:00,1692608460,170.1,159.85,0.0,0.0,19156.11,8454.7,0.0,0.0
UNHCR_OGOJA_OFFICE_DG1_and_DG2_1692608520,2023-08-21T09:02:00,2023-08-21T09:03:00,1692608520,169.37,159.85,0.7299999999999898,0.0,19156.11,8454.7,0.0,0.0
UNHCR_OGOJA_OFFICE_DG1_and_DG2_1692608580,2023-08-21T09:03:00,2023-08-21T09:04:00,1692608580,169.37,159.85,0.0,0.0,19156.11,8454.7,0.0,0.0
UNHCR_OGOJA_OFFICE_DG1_and_DG2_1692608640,2023-08-21T09:04:00,2023-08-21T09:05:00,1692608640,169.37,159.85,0.0,0.0,19156.11,8454.7,0.0,0.0
UNHCR_OGOJA_OFFICE_DG1_and_DG2_1692608700,2023-08-21T09:05:00,2023-08-21T09:06:00,1692608700,169.37,159.85,0.0,0.0,19156.11,8454.7,0.0,0.0
UNHCR_OGOJA_OFFICE_DG1_and_DG2_1692608760,2023-08-21T09:06:00,2023-08-21T09:07:00,1692608760,169.37,159.85,0.0,0.0,19156.11,8454.7,0.0,0.0
UNHCR_OGOJA_OFFICE_DG1_and_DG2_1692608820,2023-08-21T09:07:00,2023-08-21T09:08:00,1692608820,169.37,159.85,0.0,0.0,19156.11,8454.7,0.0,0.0
UNHCR_OGOJA_OFFICE_DG1_and_DG2_1692608880,2023-08-21T09:08:00,2023-08-21T09:09:00,1692608880,169.37,159.85,0.0,0.0,19156.11,8454.7,0.0,0.0
UNHCR_OGOJA_OFFICE_DG1_and_DG2_1692608940,2023-08-21T09:09:00,2023-08-21T09:10:00,1692608940,169.01,159.85,0.36000000000001364,0.0,19156.11,8454.7,0.0,0.0
UNHCR_OGOJA_OFFICE_DG1_and_DG2_1692609000,2023-08-21T09:10:00,2023-08-21T09:11:00,1692609000,169.01,159.85,0.0,0.0,19156.11,8454.7,0.0,0.0
UNHCR_OGOJA_OFFICE_DG1_and_DG2_1692609060,2023-08-21T09:11:00,2023-08-21T09:12:00,1692609060,169.01,159.85,0.0,0.0,19156.11,8454.7,0.0,0.0
UNHCR_OGOJA_OFFICE_DG1_and_DG2_1692609120,2023-08-21T09:12:00,2023-08-21T09:13:00,1692609120,168.65,159.85,0.3599999999999852,0.0,19156.11,8454.7,0.0,0.0
UNHCR_OGOJA_OFFICE_DG1_and_DG2_1692609180,2023-08-21T09:13:00,2023-08-21T09:14:00,1692609180,168.65,159.85,0.0,0.0,19156.11,8454.7,0.0,0.0
UNHCR_OGOJA_OFFICE_DG1_and_DG2_1692609240,2023-08-21T09:14:00,2023-08-21T09:15:00,1692609240,168.65,159.85,0.0,0.0,19156.11,8454.7,0.0,0.0
UNHCR_OGOJA_OFFICE_DG1_and_DG2_1692609300,2023-08-21T09:15:00,2023-08-21T09:16:00,1692609300,167.92,159.85,0.7300000000000182,0.0,19156.11,8454.7,0.0,0.0
UNHCR_OGOJA_OFFICE_DG1_and_DG2_1692609360,2023-08-21T09:16:00,2023-08-21T09:17:00,1692609360,167.92,159.85,0.0,0.0,19156.11,8454.7,0.0,0.0
UNHCR_OGOJA_OFFICE_DG1_and_DG2_1692609420,2023-08-21T09:17:00,2023-08-21T09:18:00,1692609420,167.19,159.85,0.7299999999999898,0.0,19156.11,8454.7,0.0,0.0
UNHCR_OGOJA_OFFICE_DG1_and_DG2_1692609480,2023-08-21T09:18:00,2023-08-21T09:19:00,1692609480,166.83,159.85,0.3599999999999852,0.0,19156.11,8454.7,0.0,0.0
UNHCR_OGOJA_OFFICE_DG1_and_DG2_1692609540,2023-08-21T09:19:00,2023-08-21T09:20:00,1692609540,166.83,159.85,0.0,0.0,19156.11,8454.7,0.0,0.0
UNHCR_OGOJA_OFFICE_DG1_and_DG2_1692609600,2023-08-21T09:20:00,2023-08-21T09:21:00,1692609600,166.83,159.85,0.0,0.0,19156.11,8454.7,0.0,0.0
UNHCR_OGOJA_OFFICE_DG1_and_DG2_1692609660,2023-08-21T09:21:00,2023-08-21T09:22:00,1692609660,166.83,159.85,0.0,0.0,19156.11,8454.7,0.0,0.0
UNHCR_OGOJA_OFFICE_DG1_and_DG2_1692609720,2023-08-21T09:22:00,2023-08-21T09:23:00,1692609720,166.83,159.85,0.0,0.0,19156.11,8454.7,0.0,0.0
UNHCR_OGOJA_OFFICE_DG1_and_DG2_1692609780,2023-08-21T09:23:00,2023-08-21T09:24:00,1692609780,166.83,159.85,0.0,0.0,19156.11,8454.7,0.0,0.0
UNHCR_OGOJA_OFFICE_DG1_and_DG2_1692609840,2023-08-21T09:24:00,2023-08-21T09:25:00,1692609840,166.83,159.85,0.0,0.0,19156.11,8454.7,0.0,0.0
UNHCR_OGOJA_OFFICE_DG1_and_DG2_1692609900,2023-08-21T09:25:00,2023-08-21T09:26:00,1692609900,166.47,159.85,0.36000000000001364,0.0,19156.11,8454.7,0.0,0.0
UNHCR_OGOJA_OFFICE_DG1_and_DG2_1692609960,2023-08-21T09:26:00,2023-08-21T09:27:00,1692609960,166.1,159.85,0.37000000000000455,0.0,19156.11,8454.7,0.0,0.0
UNHCR_OGOJA_OFFICE_DG1_and_DG2_1692610020,2023-08-21T09:27:00,2023-08-21T09:28:00,1692610020,166.1,159.85,0.0,0.0,19156.11,8454.7,0.0,0.0
UNHCR_OGOJA_OFFICE_DG1_and_DG2_1692610080,2023-08-21T09:28:00,2023-08-21T09:29:00,1692610080,166.1,159.85,0.0,0.0,19156.11,8454.7,0.0,0.0
UNHCR_OGOJA_OFFICE_DG1_and_DG2_1692610140,2023-08-21T09:29:00,2023-08-21T09:30:00,1692610140,166.1,159.85,0.0,0.0,19156.11,8454.7,0.0,0.0
UNHCR_OGOJA_OFFICE_DG1_and_DG2_1692610200,2023-08-21T09:30:00,2023-08-21T09:31:00,1692610200,166.1,159.85,0.0,0.0,19156.11,8454.7,0.0,0.0
UNHCR_OGOJA_OFFICE_DG1_and_DG2_1692610260,2023-08-21T09:31:00,2023-08-21T09:32:00,1692610260,166.1,159.85,0.0,0.0,19156.11,8454.7,0.0,0.0
UNHCR_OGOJA_OFFICE_DG1_and_DG2_1692610320,2023-08-21T09:32:00,2023-08-21T09:33:00,1692610320,166.1,159.85,0.0,0.0,19156.11,8454.7,0.0,0.0
UNHCR_OGOJA_OFFICE_DG1_and_DG2_1692610380,2023-08-21T09:33:00,2023-08-21T09:34:00,1692610380,165.38,159.85,0.7199999999999989,0.0,19156.11,8454.7,0.0,0.0
UNHCR_OGOJA_OFFICE_DG1_and_DG2_1692610440,2023-08-21T09:34:00,2023-08-21T09:35:00,1692610440,165.38,159.85,0.0,0.0,19156.11,8454.7,0.0,0.0
UNHCR_OGOJA_OFFICE_DG1_and_DG2_1692610500,2023-08-21T09:35:00,2023-08-21T09:36:00,1692610500,165.02,159.85,0.3599999999999852,0.0,19156.11,8454.7,0.0,0.0
UNHCR_OGOJA_OFFICE_DG1_and_DG2_1692610560,2023-08-21T09:36:00,2023-08-21T09:37:00,1692610560,164.65,159.85,0.37000000000000455,0.0,19156.11,8454.7,0.0,0.0
UNHCR_OGOJA_OFFICE_DG1_and_DG2_1692610620,2023-08-21T09:37:00,2023-08-21T09:38:00,1692610620,164.65,159.85,0.0,0.0,19156.11,8454.7,0.0,0.0
UNHCR_OGOJA_OFFICE_DG1_and_DG2_1692610680,2023-08-21T09:38:00,2023-08-21T09:39:00,1692610680,164.65,159.85,0.0,0.0,19156.11,8454.7,0.0,0.0
UNHCR_OGOJA_OFFICE_DG1_and_DG2_1692610740,2023-08-21T09:39:00,2023-08-21T09:40:00,1692610740,164.65,159.85,0.0,0.0,19156.11,8454.7,0.0,0.0
UNHCR_OGOJA_OFFICE_DG1_and_DG2_1692610800,2023-08-21T09:40:00,2023-08-21T09:41:00,1692610800,164.29,159.85,0.36000000000001364,0.0,19156.11,8454.7,0.0,0.0
UNHCR_OGOJA_OFFICE_DG1_and_DG2_1692610860,2023-08-21T09:41:00,2023-08-21T09:42:00,1692610860,163.56,159.85,0.7299999999999898,0.0,19156.11,8454.7,0.0,0.0
UNHCR_OGOJA_OFFICE_DG1_and_DG2_1692610920,2023-08-21T09:42:00,2023-08-21T09:43:00,1692610920,163.56,159.85,0.0,0.0,19156.11,8454.7,0.0,0.0
UNHCR_OGOJA_OFFICE_DG1_and_DG2_1692610980,2023-08-21T09:43:00,2023-08-21T09:44:00,1692610980,163.2,159.85,0.36000000000001364,0.0,19156.11,8454.7,0.0,0.0
UNHCR_OGOJA_OFFICE_DG1_and_DG2_1692611040,2023-08-21T09:44:00,2023-08-21T09:45:00,1692611040,163.2,159.85,0.0,0.0,19156.11,8454.7,0.0,0.0
UNHCR_OGOJA_OFFICE_DG1_and_DG2_1692611100,2023-08-21T09:45:00,2023-08-21T09:46:00,1692611100,163.2,159.85,0.0,0.0,19156.11,8454.7,0.0,0.0
UNHCR_OGOJA_OFFICE_DG1_and_DG2_1692611160,2023-08-21T09:46:00,2023-08-21T09:47:00,1692611160,163.2,159.85,0.0,0.0,19156.11,8454.7,0.0,0.0
UNHCR_OGOJA_OFFICE_DG1_and_DG2_1692611220,2023-08-21T09:47:00,2023-08-21T09:48:00,1692611220,163.2,159.85,0.0,0.0,19156.11,8454.7,0.0,0.0
UNHCR_OGOJA_OFFICE_DG1_and_DG2_1692611280,2023-08-21T09:48:00,2023-08-21T09:49:00,1692611280,162.48,159.85,0.7199999999999989,0.0,19156.11,8454.7,0.0,0.0
UNHCR_OGOJA_OFFICE_DG1_and_DG2_1692611340,2023-08-21T09:49:00,2023-08-21T09:50:00,1692611340,161.75,159.85,0.7299999999999898,0.0,19156.11,8454.7,0.0,0.0
UNHCR_OGOJA_OFFICE_DG1_and_DG2_1692611400,2023-08-21T09:50:00,2023-08-21T09:51:00,1692611400,161.75,159.85,0.0,0.0,19156.11,8454.7,0.0,0.0
UNHCR_OGOJA_OFFICE_DG1_and_DG2_1692611460,2023-08-21T09:51:00,2023-08-21T09:52:00,1692611460,161.75,159.85,0.0,0.0,19156.11,8454.7,0.0,0.0
UNHCR_OGOJA_OFFICE_DG1_and_DG2_1692611520,2023-08-21T09:52:00,2023-08-21T09:53:00,1692611520,161.75,159.85,0.0,0.0,19156.11,8454.7,0.0,0.0
UNHCR_OGOJA_OFFICE_DG1_and_DG2_1692611580,2023-08-21T09:53:00,2023-08-21T09:54:00,1692611580,161.75,159.85,0.0,0.0,19156.11,8454.7,0.0,0.0
UNHCR_OGOJA_OFFICE_DG1_and_DG2_1692611640,2023-08-21T09:54:00,2023-08-21T09:55:00,1692611640,161.39,159.85,0.36000000000001364,0.0,19156.11,8454.7,0.0,0.0
UNHCR_OGOJA_OFFICE_DG1_and_DG2_1692611700,2023-08-21T09:55:00,2023-08-21T09:56:00,1692611700,161.39,159.85,0.0,0.0,19156.11,8454.7,0.0,0.0
UNHCR_OGOJA_OFFICE_DG1_and_DG2_1692611760,2023-08-21T09:56:00,2023-08-21T09:57:00,1692611760,161.39,159.85,0.0,0.0,19156.11,8454.7,0.0,0.0
UNHCR_OGOJA_OFFICE_DG1_and_DG2_1692611820,2023-08-21T09:57:00,2023-08-21T09:58:00,1692611820,161.02,159.85,0.3699999999999761,0.0,19156.11,8454.7,0.0,0.0
UNHCR_OGOJA_OFFICE_DG1_and_DG2_1692611880,2023-08-21T09:58:00,2023-08-21T09:59:00,1692611880,161.02,159.85,0.0,0.0,19156.11,8454.7,0.0,0.0
UNHCR_OGOJA_OFFICE_DG1_and_DG2_1692611940,2023-08-21T09:59:00,2023-08-21T10:00:00,1692611940,160.3,159.85,0.7199999999999989,0.0,19156.11,8454.7,0.0,0.0
UNHCR_OGOJA_OFFICE_DG1_and_DG2_1692612000,2023-08-21T10:00:00,2023-08-21T10:01:00,1692612000,160.3,159.85,0.0,0.0,19156.11,8454.7,0.0,0.0
UNHCR_OGOJA_OFFICE_DG1_and_DG2_1692612060,2023-08-21T10:01:00,2023-08-21T10:02:00,1692612060,160.3,159.85,0.0,0.0,19156.11,8454.7,0.0,0.0
UNHCR_OGOJA_OFFICE_DG1_and_DG2_1692612120,2023-08-21T10:02:00,2023-08-21T10:03:00,1692612120,160.3,159.85,0.0,0.0,19156.11,8454.7,0.0,0.0
UNHCR_OGOJA_OFFICE_DG1_and_DG2_1692612180,2023-08-21T10:03:00,2023-08-21T10:04:00,1692612180,160.3,159.85,0.0,0.0,19156.11,8454.7,0.0,0.0
UNHCR_OGOJA_OFFICE_DG1_and_DG2_1692612240,2023-08-21T10:04:00,2023-08-21T10:05:00,1692612240,160.3,159.85,0.0,0.0,19156.11,8454.7,0.0,0.0
UNHCR_OGOJA_OFFICE_DG1_and_DG2_1692612300,2023-08-21T10:05:00,2023-08-21T10:06:00,1692612300,160.3,159.85,0.0,0.0,19156.11,8454.7,0.0,0.0
UNHCR_OGOJA_OFFICE_DG1_and_DG2_1692612360,2023-08-21T10:06:00,2023-08-21T10:07:00,1692612360,159.94,159.85,0.36000000000001364,0.0,19156.11,8454.7,0.0,0.0
UNHCR_OGOJA_OFFICE_DG1_and_DG2_1692612420,2023-08-21T10:07:00,2023-08-21T10:08:00,1692612420,159.94,159.85,0.0,0.0,19156.11,8454.7,0.0,0.0
UNHCR_OGOJA_OFFICE_DG1_and_DG2_1692612480,2023-08-21T10:08:00,2023-08-21T10:09:00,1692612480,159.21,159.85,0.7299999999999898,0.0,19156.11,8454.7,0.0,0.0
UNHCR_OGOJA_OFFICE_DG1_and_DG2_1692612540,2023-08-21T10:09:00,2023-08-21T10:10:00,1692612540,159.21,159.85,0.0,0.0,19156.11,8454.7,0.0,0.0
UNHCR_OGOJA_OFFICE_DG1_and_DG2_1692612600,2023-08-21T10:10:00,2023-08-21T10:11:00,1692612600,159.21,159.85,0.0,0.0,19156.11,8454.7,0.0,0.0
UNHCR_OGOJA_OFFICE_DG1_and_DG2_1692612660,2023-08-21T10:11:00,2023-08-21T10:12:00,1692612660,159.21,159.85,0.0,0.0,19156.11,8454.7,0.0,0.0
UNHCR_OGOJA_OFFICE_DG1_and_DG2_1692612720,2023-08-21T10:12:00,2023-08-21T10:13:00,1692612720,159.21,159.85,0.0,0.0,19156.11,8454.7,0.0,0.0
UNHCR_OGOJA_OFFICE_DG1_and_DG2_1692612780,2023-08-21T10:13:00,2023-08-21T10:14:00,1692612780,158.85,159.85,0.36000000000001364,0.0,19156.11,8454.7,0.0,0.0
UNHCR_OGOJA_OFFICE_DG1_and_DG2_1692612840,2023-08-21T10:14:00,2023-08-21T10:15:00,1692612840,158.85,159.85,0.0,0.0,19156.11,8454.7,0.0,0.0
UNHCR_OGOJA_OFFICE_DG1_and_DG2_1692612900,2023-08-21T10:15:00,2023-08-21T10:16:00,1692612900,158.48,159.85,0.37000000000000455,0.0,19156.11,8454.7,0.0,0.0
UNHCR_OGOJA_OFFICE_DG1_and_DG2_1692612960,2023-08-21T10:16:00,2023-08-21T10:17:00,1692612960,158.48,159.85,0.0,0.0,19156.11,8454.7,0.0,0.0
UNHCR_OGOJA_OFFICE_DG1_and_DG2_1692613020,2023-08-21T10:17:00,2023-08-21T10:18:00,1692613020,158.48,159.85,0.0,0.0,19156.11,8454.7,0.0,0.0
UNHCR_OGOJA_OFFICE_DG1_and_DG2_1692613080,2023-08-21T10:18:00,2023-08-21T10:19:00,1692613080,157.76,159.85,0.7199999999999989,0.0,19156.11,8454.7,0.0,0.0
UNHCR_OGOJA_OFFICE_DG1_and_DG2_1692613140,2023-08-21T10:19:00,2023-08-21T10:20:00,1692613140,157.76,159.85,0.0,0.0,19156.11,8454.7,0.0,0.0
UNHCR_OGOJA_OFFICE_DG1_and_DG2_1692613200,2023-08-21T10:20:00,2023-08-21T10:21:00,1692613200,157.76,159.85,0.0,0.0,19156.11,8454.7,0.0,0.0
UNHCR_OGOJA_OFFICE_DG1_and_DG2_1692613260,2023-08-21T10:21:00,2023-08-21T10:22:00,1692613260,157.4,159.85,0.3599999999999852,0.0,19156.11,8454.7,0.0,0.0
UNHCR_OGOJA_OFFICE_DG1_and_DG2_1692613320,2023-08-21T10:22:00,2023-08-21T10:23:00,1692613320,157.4,159.85,0.0,0.0,19156.11,8454.7,0.0,0.0
UNHCR_OGOJA_OFFICE_DG1_and_DG2_1692613380,2023-08-21T10:23:00,2023-08-21T10:24:00,1692613380,157.4,159.85,0.0,0.0,19156.11,8454.7,0.0,0.0
UNHCR_OGOJA_OFFICE_DG1_and_DG2_1692613440,2023-08-21T10:24:00,2023-08-21T10:25:00,1692613440,157.4,159.85,0.0,0.0,19156.11,8454.7,0.0,0.0
UNHCR_OGOJA_OFFICE_DG1_and_DG2_1692613500,2023-08-21T10:25:00,2023-08-21T10:26:00,1692613500,157.4,159.85,0.0,0.0,19156.11,8454.7,0.0,0.0
UNHCR_OGOJA_OFFICE_DG1_and_DG2_1692613560,2023-08-21T10:26:00,2023-08-21T10:27:00,1692613560,157.03,159.85,0.37000000000000455,0.0,19156.11,8454.7,0.0,0.0
UNHCR_OGOJA_OFFICE_DG1_and_DG2_1692613620,2023-08-21T10:27:00,2023-08-21T10:28:00,1692613620,157.03,159.85,0.0,0.0,19156.11,8454.7,0.0,0.0
UNHCR_OGOJA_OFFICE_DG1_and_DG2_1692613680,2023-08-21T10:28:00,2023-08-21T10:29:00,1692613680,156.31,159.85,0.7199999999999989,0.0,19156.11,8454.7,0.0,0.0
UNHCR_OGOJA_OFFICE_DG1_and_DG2_1692613740,2023-08-21T10:29:00,2023-08-21T10:30:00,1692613740,156.31,159.85,0.0,0.0,19156.11,8454.7,0.0,0.0
UNHCR_OGOJA_OFFICE_DG1_and_DG2_1692613800,2023-08-21T10:30:00,2023-08-21T10:31:00,1692613800,156.31,159.85,0.0,0.0,19156.11,8454.7,0.0,0.0
UNHCR_OGOJA_OFFICE_DG1_and_DG2_1692613860,2023-08-21T10:31:00,2023-08-21T10:32:00,1692613860,156.31,159.85,0.0,0.0,19156.11,8454.7,0.0,0.0
UNHCR_OGOJA_OFFICE_DG1_and_DG2_1692613920,2023-08-21T10:32:00,2023-08-21T10:33:00,1692613920,156.31,159.85,0.0,0.0,19156.11,8454.7,0.0,0.0
UNHCR_OGOJA_OFFICE_DG1_and_DG2_1692613980,2023-08-21T10:33:00,2023-08-21T10:34:00,1692613980,156.31,159.85,0.0,0.0,19156.11,8454.7,0.0,0.0
UNHCR_OGOJA_OFFICE_DG1_and_DG2_1692614040,2023-08-21T10:34:00,2023-08-21T10:35:00,1692614040,155.94,159.85,0.37000000000000455,0.0,19156.11,8454.7,0.0,0.0
UNHCR_OGOJA_OFFICE_DG1_and_DG2_1692614100,2023-08-21T10:35:00,2023-08-21T10:36:00,1692614100,155.94,159.85,0.0,0.0,19156.11,8454.7,0.0,0.0
UNHCR_OGOJA_OFFICE_DG1_and_DG2_1692614160,2023-08-21T10:36:00,2023-08-21T10:37:00,1692614160,155.22,159.85,0.7199999999999989,0.0,19156.11,8454.7,0.0,0.0
UNHCR_OGOJA_OFFICE_DG1_and_DG2_1692614220,2023-08-21T10:37:00,2023-08-21T10:38:00,1692614220,155.22,159.85,0.0,0.0,19156.11,8454.7,0.0,0.0
UNHCR_OGOJA_OFFICE_DG1_and_DG2_1692614280,2023-08-21T10:38:00,2023-08-21T10:39:00,1692614280,155.22,159.85,0.0,0.0,19156.11,8454.7,0.0,0.0
UNHCR_OGOJA_OFFICE_DG1_and_DG2_1692614340,2023-08-21T10:39:00,2023-08-21T10:40:00,1692614340,155.22,159.85,0.0,0.0,19156.11,8454.7,0.0,0.0
UNHCR_OGOJA_OFFICE_DG1_and_DG2_1692614400,2023-08-21T10:40:00,2023-08-21T10:41:00,1692614400,155.22,159.85,0.0,0.0,19156.11,8454.7,0.0,0.0
UNHCR_OGOJA_OFFICE_DG1_and_DG2_1692614460,2023-08-21T10:41:00,2023-08-21T10:42:00,1692614460,154.85,159.85,0.37000000000000455,0.0,19156.11,8454.7,0.0,0.0
UNHCR_OGOJA_OFFICE_DG1_and_DG2_1692614520,2023-08-21T10:42:00,2023-08-21T10:43:00,1692614520,154.85,159.85,0.0,0.0,19156.11,8454.7,0.0,0.0
UNHCR_OGOJA_OFFICE_DG1_and_DG2_1692614580,2023-08-21T10:43:00,2023-08-21T10:44:00,1692614580,154.85,159.85,0.0,0.0,19156.11,8454.7,0.0,0.0
UNHCR_OGOJA_OFFICE_DG1_and_DG2_1692614640,2023-08-21T10:44:00,2023-08-21T10:45:00,1692614640,154.85,159.85,0.0,0.0,19156.11,8454.7,0.0,0.0
UNHCR_OGOJA_OFFICE_DG1_and_DG2_1692614700,2023-08-21T10:45:00,2023-08-21T10:46:00,1692614700,154.85,159.85,0.0,0.0,19156.11,8454.7,0.0,0.0
UNHCR_OGOJA_OFFICE_DG1_and_DG2_1692614760,2023-08-21T10:46:00,2023-08-21T10:47:00,1692614760,154.85,159.85,0.0,0.0,19156.11,8454.7,0.0,0.0
UNHCR_OGOJA_OFFICE_DG1_and_DG2_1692614820,2023-08-21T10:47:00,2023-08-21T10:48:00,1692614820,154.49,159.85,0.3599999999999852,0.0,19156.11,8454.7,0.0,0.0
UNHCR_OGOJA_OFFICE_DG1_and_DG2_1692614880,2023-08-21T10:48:00,2023-08-21T10:49:00,1692614880,154.13,159.85,0.36000000000001364,0.0,19156.11,8454.7,0.0,0.0
UNHCR_OGOJA_OFFICE_DG1_and_DG2_1692614940,2023-08-21T10:49:00,2023-08-21T10:50:00,1692614940,153.77,159.85,0.3599999999999852,0.0,19156.11,8454.7,0.0,0.0
UNHCR_OGOJA_OFFICE_DG1_and_DG2_1692615000,2023-08-21T10:50:00,2023-08-21T10:51:00,1692615000,153.77,159.85,0.0,0.0,19156.11,8454.7,0.0,0.0
UNHCR_OGOJA_OFFICE_DG1_and_DG2_1692615060,2023-08-21T10:51:00,2023-08-21T10:52:00,1692615060,153.4,159.85,0.37000000000000455,0.0,19156.11,8454.7,0.0,0.0
UNHCR_OGOJA_OFFICE_DG1_and_DG2_1692615120,2023-08-21T10:52:00,2023-08-21T10:53:00,1692615120,153.04,159.85,0.36000000000001364,0.0,19156.11,8454.7,0.0,0.0
UNHCR_OGOJA_OFFICE_DG1_and_DG2_1692615180,2023-08-21T10:53:00,2023-08-21T10:54:00,1692615180,152.68,159.85,0.3599999999999852,0.0,19156.11,8454.7,0.0,0.0
UNHCR_OGOJA_OFFICE_DG1_and_DG2_1692615240,2023-08-21T10:54:00,2023-08-21T10:55:00,1692615240,152.68,159.85,0.0,0.0,19156.11,8454.7,0.0,0.0
UNHCR_OGOJA_OFFICE_DG1_and_DG2_1692615300,2023-08-21T10:55:00,2023-08-21T10:56:00,1692615300,152.31,159.85,0.37000000000000455,0.0,19156.11,8454.7,0.0,0.0
UNHCR_OGOJA_OFFICE_DG1_and_DG2_1692615360,2023-08-21T10:56:00,2023-08-21T10:57:00,1692615360,152.31,159.85,0.0,0.0,19156.11,8454.7,0.0,0.0
UNHCR_OGOJA_OFFICE_DG1_and_DG2_1692615420,2023-08-21T10:57:00,2023-08-21T10:58:00,1692615420,151.95,159.85,0.36000000000001364,0.0,19156.11,8454.7,0.0,0.0
UNHCR_OGOJA_OFFICE_DG1_and_DG2_1692615480,2023-08-21T10:58:00,2023-08-21T10:59:00,1692615480,151.59,159.85,0.3599999999999852,0.0,19156.11,8454.7,0.0,0.0
UNHCR_OGOJA_OFFICE_DG1_and_DG2_1692615540,2023-08-21T10:59:00,2023-08-21T11:00:00,1692615540,151.59,159.85,0.0,0.0,19156.11,8454.7,0.0,0.0
UNHCR_OGOJA_OFFICE_DG1_and_DG2_1692615600,2023-08-21T11:00:00,2023-08-21T11:01:00,1692615600,151.59,159.85,0.0,0.0,19156.11,8454.7,0.0,0.0
UNHCR_OGOJA_OFFICE_DG1_and_DG2_1692615660,2023-08-21T11:01:00,2023-08-21T11:02:00,1692615660,151.59,159.85,0.0,0.0,19156.11,8454.7,0.0,0.0
UNHCR_OGOJA_OFFICE_DG1_and_DG2_1692615720,2023-08-21T11:02:00,2023-08-21T11:03:00,1692615720,151.59,159.85,0.0,0.0,19156.11,8454.7,0.0,0.0
UNHCR_OGOJA_OFFICE_DG1_and_DG2_1692615780,2023-08-21T11:03:00,2023-08-21T11:04:00,1692615780,151.59,159.85,0.0,0.0,19156.11,8454.7,0.0,0.0
UNHCR_OGOJA_OFFICE_DG1_and_DG2_1692615840,2023-08-21T11:04:00,2023-08-21T11:05:00,1692615840,151.59,159.85,0.0,0.0,19156.11,8454.7,0.0,0.0
UNHCR_OGOJA_OFFICE_DG1_and_DG2_1692615900,2023-08-21T11:05:00,2023-08-21T11:06:00,1692615900,151.59,159.85,0.0,0.0,19156.11,8454.7,0.0,0.0
UNHCR_OGOJA_OFFICE_DG1_and_DG2_1692615960,2023-08-21T11:06:00,2023-08-21T11:07:00,1692615960,151.23,159.85,0.36000000000001364,0.0,19156.11,8454.7,0.0,0.0
UNHCR_OGOJA_OFFICE_DG1_and_DG2_1692616020,2023-08-21T11:07:00,2023-08-21T11:08:00,1692616020,151.23,159.85,0.0,0.0,19156.11,8454.7,0.0,0.0
UNHCR_OGOJA_OFFICE_DG1_and_DG2_1692616080,2023-08-21T11:08:00,2023-08-21T11:09:00,1692616080,150.86,159.85,0.3699999999999761,0.0,19156.11,8454.7,0.0,0.0
UNHCR_OGOJA_OFFICE_DG1_and_DG2_1692616140,2023-08-21T11:09:00,2023-08-21T11:10:00,1692616140,150.5,159.85,0.36000000000001364,0.0,19156.11,8454.7,0.0,0.0
UNHCR_OGOJA_OFFICE_DG1_and_DG2_1692616200,2023-08-21T11:10:00,2023-08-21T11:11:00,1692616200,150.5,159.85,0.0,0.0,19156.11,8454.7,0.0,0.0
UNHCR_OGOJA_OFFICE_DG1_and_DG2_1692616260,2023-08-21T11:11:00,2023-08-21T11:12:00,1692616260,150.14,159.85,0.36000000000001364,0.0,19156.11,8454.7,0.0,0.0
UNHCR_OGOJA_OFFICE_DG1_and_DG2_1692616320,2023-08-21T11:12:00,2023-08-21T11:13:00,1692616320,150.14,159.85,0.0,0.0,19156.11,8454.7,0.0,0.0
UNHCR_OGOJA_OFFICE_DG1_and_DG2_1692616380,2023-08-21T11:13:00,2023-08-21T11:14:00,1692616380,149.77,159.85,0.3699999999999761,0.0,19156.11,8454.7,0.0,0.0
UNHCR_OGOJA_OFFICE_DG1_and_DG2_1692616440,2023-08-21T11:14:00,2023-08-21T11:15:00,1692616440,149.41,159.85,0.36000000000001364,0.0,19156.11,8454.7,0.0,0.0
UNHCR_OGOJA_OFFICE_DG1_and_DG2_1692616500,2023-08-21T11:15:00,2023-08-21T11:16:00,1692616500,149.05,159.85,0.3599999999999852,0.0,19156.11,8454.7,0.0,0.0
UNHCR_OGOJA_OFFICE_DG1_and_DG2_1692616560,2023-08-21T11:16:00,2023-08-21T11:17:00,1692616560,148.69,159.85,0.36000000000001364,0.0,19156.11,8454.7,0.0,0.0
UNHCR_OGOJA_OFFICE_DG1_and_DG2_1692616620,2023-08-21T11:17:00,2023-08-21T11:18:00,1692616620,148.69,159.85,0.0,0.0,19156.11,8454.7,0.0,0.0
UNHCR_OGOJA_OFFICE_DG1_and_DG2_1692616680,2023-08-21T11:18:00,2023-08-21T11:19:00,1692616680,148.69,159.85,0.0,0.0,19156.11,8454.7,0.0,0.0
UNHCR_OGOJA_OFFICE_DG1_and_DG2_1692616740,2023-08-21T11:19:00,2023-08-21T11:20:00,1692616740,148.69,159.85,0.0,0.0,19156.11,8454.7,0.0,0.0
UNHCR_OGOJA_OFFICE_DG1_and_DG2_1692616800,2023-08-21T11:20:00,2023-08-21T11:21:00,1692616800,148.69,159.85,0.0,0.0,19156.11,8454.7,0.0,0.0
UNHCR_OGOJA_OFFICE_DG1_and_DG2_1692616860,2023-08-21T11:21:00,2023-08-21T11:22:00,1692616860,148.69,159.85,0.0,0.0,19156.11,8454.7,0.0,0.0
UNHCR_OGOJA_OFFICE_DG1_and_DG2_1692616920,2023-08-21T11:22:00,2023-08-21T11:23:00,1692616920,148.69,159.85,0.0,0.0,19156.11,8454.7,0.0,0.0
UNHCR_OGOJA_OFFICE_DG1_and_DG2_1692616980,2023-08-21T11:23:00,2023-08-21T11:24:00,1692616980,148.32,159.85,0.37000000000000455,0.0,19156.11,8454.7,0.0,0.0
UNHCR_OGOJA_OFFICE_DG1_and_DG2_1692617040,2023-08-21T11:24:00,2023-08-21T11:25:00,1692617040,147.96,159.85,0.3599999999999852,0.0,19156.11,8454.7,0.0,0.0
UNHCR_OGOJA_OFFICE_DG1_and_DG2_1692617100,2023-08-21T11:25:00,2023-08-21T11:26:00,1692617100,147.96,159.85,0.0,0.0,19156.11,8454.7,0.0,0.0
UNHCR_OGOJA_OFFICE_DG1_and_DG2_1692617160,2023-08-21T11:26:00,2023-08-21T11:27:00,1692617160,147.96,159.85,0.0,0.0,19156.11,8454.7,0.0,0.0
UNHCR_OGOJA_OFFICE_DG1_and_DG2_1692617220,2023-08-21T11:27:00,2023-08-21T11:28:00,1692617220,147.96,159.85,0.0,0.0,19156.11,8454.7,0.0,0.0
UNHCR_OGOJA_OFFICE_DG1_and_DG2_1692617280,2023-08-21T11:28:00,2023-08-21T11:29:00,1692617280,147.6,159.85,0.36000000000001364,0.0,19156.11,8454.7,0.0,0.0
UNHCR_OGOJA_OFFICE_DG1_and_DG2_1692617340,2023-08-21T11:29:00,2023-08-21T11:30:00,1692617340,147.23,159.85,0.37000000000000455,0.0,19156.11,8454.7,0.0,0.0
UNHCR_OGOJA_OFFICE_DG1_and_DG2_1692617400,2023-08-21T11:30:00,2023-08-21T11:31:00,1692617400,146.87,159.85,0.3599999999999852,0.0,19156.11,8454.7,0.0,0.0
UNHCR_OGOJA_OFFICE_DG1_and_DG2_1692617460,2023-08-21T11:31:00,2023-08-21T11:32:00,1692617460,146.87,159.85,0.0,0.0,19156.11,8454.7,0.0,0.0
UNHCR_OGOJA_OFFICE_DG1_and_DG2_1692617520,2023-08-21T11:32:00,2023-08-21T11:33:00,1692617520,146.87,159.85,0.0,0.0,19156.11,8454.7,0.0,0.0
UNHCR_OGOJA_OFFICE_DG1_and_DG2_1692617580,2023-08-21T11:33:00,2023-08-21T11:34:00,1692617580,146.87,159.85,0.0,0.0,19156.11,8454.7,0.0,0.0
UNHCR_OGOJA_OFFICE_DG1_and_DG2_1692617640,2023-08-21T11:34:00,2023-08-21T11:35:00,1692617640,146.87,159.85,0.0,0.0,19156.11,8454.7,0.0,0.0
UNHCR_OGOJA_OFFICE_DG1_and_DG2_1692617700,2023-08-21T11:35:00,2023-08-21T11:36:00,1692617700,146.87,159.85,0.0,0.0,19156.11,8454.7,0.0,0.0
UNHCR_OGOJA_OFFICE_DG1_and_DG2_1692617760,2023-08-21T11:36:00,2023-08-21T11:37:00,1692617760,146.51,159.85,0.36000000000001364,0.0,19156.11,8454.7,0.0,0.0
UNHCR_OGOJA_OFFICE_DG1_and_DG2_1692617820,2023-08-21T11:37:00,2023-08-21T11:38:00,1692617820,146.15,159.85,0.3599999999999852,0.0,19156.11,8454.7,0.0,0.0
UNHCR_OGOJA_OFFICE_DG1_and_DG2_1692617880,2023-08-21T11:38:00,2023-08-21T11:39:00,1692617880,145.78,159.85,0.37000000000000455,0.0,19156.11,8454.7,0.0,0.0
UNHCR_OGOJA_OFFICE_DG1_and_DG2_1692617940,2023-08-21T11:39:00,2023-08-21T11:40:00,1692617940,145.42,161.23,0.36000000000001364,0.0,19156.11,8454.7,0.0,0.0
UNHCR_OGOJA_OFFICE_DG1_and_DG2_1692618000,2023-08-21T11:40:00,2023-08-21T11:41:00,1692618000,145.42,161.23,0.0,0.0,19156.11,8454.7,0.0,0.0
UNHCR_OGOJA_OFFICE_DG1_and_DG2_1692618060,2023-08-21T11:41:00,2023-08-21T11:42:00,1692618060,145.06,161.23,0.3599999999999852,0.0,19156.11,8454.7,0.0,0.0
UNHCR_OGOJA_OFFICE_DG1_and_DG2_1692618120,2023-08-21T11:42:00,2023-08-21T11:43:00,1692618120,145.06,161.23,0.0,0.0,19156.11,8454.7,0.0,0.0
UNHCR_OGOJA_OFFICE_DG1_and_DG2_1692618180,2023-08-21T11:43:00,2023-08-21T11:44:00,1692618180,144.69,161.23,0.37000000000000455,0.0,19156.11,8454.7,0.0,0.0
UNHCR_OGOJA_OFFICE_DG1_and_DG2_1692618240,2023-08-21T11:44:00,2023-08-21T11:45:00,1692618240,144.33,161.23,0.3599999999999852,0.0,19156.11,8454.7,0.0,0.0
UNHCR_OGOJA_OFFICE_DG1_and_DG2_1692618300,2023-08-21T11:45:00,2023-08-21T11:46:00,1692618300,144.33,161.23,0.0,0.0,19156.11,8454.7,0.0,0.0
UNHCR_OGOJA_OFFICE_DG1_and_DG2_1692618360,2023-08-21T11:46:00,2023-08-21T11:47:00,1692618360,144.33,161.23,0.0,0.0,19156.11,8454.7,0.0,0.0
UNHCR_OGOJA_OFFICE_DG1_and_DG2_1692618420,2023-08-21T11:47:00,2023-08-21T11:48:00,1692618420,144.33,161.23,0.0,0.0,19156.11,8454.7,0.0,0.0
UNHCR_OGOJA_OFFICE_DG1_and_DG2_1692618480,2023-08-21T11:48:00,2023-08-21T11:49:00,1692618480,144.33,161.23,0.0,0.0,19156.11,8454.7,0.0,0.0
UNHCR_OGOJA_OFFICE_DG1_and_DG2_1692618540,2023-08-21T11:49:00,2023-08-21T11:50:00,1692618540,143.6,161.23,0.7300000000000182,0.0,19156.11,8454.7,0.0,0.0
UNHCR_OGOJA_OFFICE_DG1_and_DG2_1692618600,2023-08-21T11:50:00,2023-08-21T11:51:00,1692618600,143.6,161.23,0.0,0.0,19156.11,8454.7,0.0,0.0
UNHCR_OGOJA_OFFICE_DG1_and_DG2_1692618660,2023-08-21T11:51:00,2023-08-21T11:52:00,1692618660,143.24,161.23,0.3599999999999852,0.0,19156.11,8454.7,0.0,0.0
UNHCR_OGOJA_OFFICE_DG1_and_DG2_1692618720,2023-08-21T11:52:00,2023-08-21T11:53:00,1692618720,142.88,161.23,0.36000000000001364,0.0,19156.11,8454.7,0.0,0.0
UNHCR_OGOJA_OFFICE_DG1_and_DG2_1692618780,2023-08-21T11:53:00,2023-08-21T11:54:00,1692618780,142.88,161.23,0.0,0.0,19156.11,8454.7,0.0,0.0
UNHCR_OGOJA_OFFICE_DG1_and_DG2_1692618840,2023-08-21T11:54:00,2023-08-21T11:55:00,1692618840,142.88,161.23,0.0,0.0,19156.11,8454.7,0.0,0.0
UNHCR_OGOJA_OFFICE_DG1_and_DG2_1692618900,2023-08-21T11:55:00,2023-08-21T11:56:00,1692618900,142.88,161.23,0.0,0.0,19156.11,8454.7,0.0,0.0
UNHCR_OGOJA_OFFICE_DG1_and_DG2_1692618960,2023-08-21T11:56:00,2023-08-21T11:57:00,1692618960,142.88,161.23,0.0,0.0,19156.11,8454.7,0.0,0.0
UNHCR_OGOJA_OFFICE_DG1_and_DG2_1692619020,2023-08-21T11:57:00,2023-08-21T11:58:00,1692619020,142.88,161.23,0.0,0.0,19156.11,8454.7,0.0,0.0
UNHCR_OGOJA_OFFICE_DG1_and_DG2_1692619080,2023-08-21T11:58:00,2023-08-21T11:59:00,1692619080,142.88,161.23,0.0,0.0,19156.11,8454.7,0.0,0.0
UNHCR_OGOJA_OFFICE_DG1_and_DG2_1692619140,2023-08-21T11:59:00,2023-08-21T12:00:00,1692619140,142.52,161.23,0.3599999999999852,0.0,19156.11,8454.7,0.0,0.0
UNHCR_OGOJA_OFFICE_DG1_and_DG2_1692619200,2023-08-21T12:00:00,2023-08-21T12:01:00,1692619200,142.52,161.23,0.0,0.0,19156.11,8454.7,0.0,0.0
UNHCR_OGOJA_OFFICE_DG1_and_DG2_1692619260,2023-08-21T12:01:00,2023-08-21T12:02:00,1692619260,142.52,161.23,0.0,0.0,19156.11,8454.7,0.0,0.0
UNHCR_OGOJA_OFFICE_DG1_and_DG2_1692619320,2023-08-21T12:02:00,2023-08-21T12:03:00,1692619320,142.52,161.23,0.0,0.0,19156.11,8454.7,0.0,0.0
UNHCR_OGOJA_OFFICE_DG1_and_DG2_1692619380,2023-08-21T12:03:00,2023-08-21T12:04:00,1692619380,142.52,161.23,0.0,0.0,19156.11,8454.7,0.0,0.0
UNHCR_OGOJA_OFFICE_DG1_and_DG2_1692619440,2023-08-21T12:04:00,2023-08-21T12:05:00,1692619440,141.79,161.23,0.7300000000000182,0.0,19156.11,8454.7,0.0,0.0
UNHCR_OGOJA_OFFICE_DG1_and_DG2_1692619500,2023-08-21T12:05:00,2023-08-21T12:06:00,1692619500,141.79,161.23,0.0,0.0,19156.11,8454.7,0.0,0.0
UNHCR_OGOJA_OFFICE_DG1_and_DG2_1692619560,2023-08-21T12:06:00,2023-08-21T12:07:00,1692619560,141.79,161.23,0.0,0.0,19156.11,8454.7,0.0,0.0
UNHCR_OGOJA_OFFICE_DG1_and_DG2_1692619620,2023-08-21T12:07:00,2023-08-21T12:08:00,1692619620,141.43,161.23,0.3599999999999852,0.0,19156.11,8454.7,0.0,0.0
UNHCR_OGOJA_OFFICE_DG1_and_DG2_1692619680,2023-08-21T12:08:00,2023-08-21T12:09:00,1692619680,141.43,161.23,0.0,0.0,19156.11,8454.7,0.0,0.0
UNHCR_OGOJA_OFFICE_DG1_and_DG2_1692619740,2023-08-21T12:09:00,2023-08-21T12:10:00,1692619740,141.43,161.23,0.0,0.0,19156.11,8454.7,0.0,0.0
UNHCR_OGOJA_OFFICE_DG1_and_DG2_1692619800,2023-08-21T12:10:00,2023-08-21T12:11:00,1692619800,141.43,161.23,0.0,0.0,19156.11,8454.7,0.0,0.0
UNHCR_OGOJA_OFFICE_DG1_and_DG2_1692619860,2023-08-21T12:11:00,2023-08-21T12:12:00,1692619860,141.06,161.23,0.37000000000000455,0.0,19156.11,8454.7,0.0,0.0
UNHCR_OGOJA_OFFICE_DG1_and_DG2_1692619920,2023-08-21T12:12:00,2023-08-21T12:13:00,1692619920,140.7,161.23,0.36000000000001364,0.0,19156.11,8454.7,0.0,0.0
UNHCR_OGOJA_OFFICE_DG1_and_DG2_1692619980,2023-08-21T12:13:00,2023-08-21T12:14:00,1692619980,140.7,161.23,0.0,0.0,19156.11,8454.7,0.0,0.0
UNHCR_OGOJA_OFFICE_DG1_and_DG2_1692620040,2023-08-21T12:14:00,2023-08-21T12:15:00,1692620040,140.7,161.23,0.0,0.0,19156.11,8454.7,0.0,0.0
UNHCR_OGOJA_OFFICE_DG1_and_DG2_1692620100,2023-08-21T12:15:00,2023-08-21T12:16:00,1692620100,140.7,161.23,0.0,0.0,19156.11,8454.7,0.0,0.0
UNHCR_OGOJA_OFFICE_DG1_and_DG2_1692620160,2023-08-21T12:16:00,2023-08-21T12:17:00,1692620160,140.7,161.23,0.0,0.0,19156.11,8454.7,0.0,0.0
UNHCR_OGOJA_OFFICE_DG1_and_DG2_1692620220,2023-08-21T12:17:00,2023-08-21T12:18:00,1692620220,140.7,161.23,0.0,0.0,19156.11,8454.7,0.0,0.0
UNHCR_OGOJA_OFFICE_DG1_and_DG2_1692620280,2023-08-21T12:18:00,2023-08-21T12:19:00,1692620280,140.34,161.23,0.3599999999999852,0.0,19156.11,8454.7,0.0,0.0
UNHCR_OGOJA_OFFICE_DG1_and_DG2_1692620340,2023-08-21T12:19:00,2023-08-21T12:20:00,1692620340,140.34,161.23,0.0,0.0,19156.11,8454.7,0.0,0.0
UNHCR_OGOJA_OFFICE_DG1_and_DG2_1692620400,2023-08-21T12:20:00,2023-08-21T12:21:00,1692620400,139.98,161.23,0.36000000000001364,0.0,19156.11,8454.7,0.0,0.0
UNHCR_OGOJA_OFFICE_DG1_and_DG2_1692620460,2023-08-21T12:21:00,2023-08-21T12:22:00,1692620460,139.25,161.23,0.7299999999999898,0.0,19156.11,8454.7,0.0,0.0
UNHCR_OGOJA_OFFICE_DG1_and_DG2_1692620520,2023-08-21T12:22:00,2023-08-21T12:23:00,1692620520,139.25,161.23,0.0,0.0,19156.11,8454.7,0.0,0.0
UNHCR_OGOJA_OFFICE_DG1_and_DG2_1692620580,2023-08-21T12:23:00,2023-08-21T12:24:00,1692620580,139.25,161.23,0.0,0.0,19156.11,8454.7,0.0,0.0
UNHCR_OGOJA_OFFICE_DG1_and_DG2_1692620640,2023-08-21T12:24:00,2023-08-21T12:25:00,1692620640,138.89,161.23,0.36000000000001364,0.0,19156.11,8454.7,0.0,0.0
UNHCR_OGOJA_OFFICE_DG1_and_DG2_1692620700,2023-08-21T12:25:00,2023-08-21T12:26:00,1692620700,138.89,161.23,0.0,0.0,19156.11,8454.7,0.0,0.0
UNHCR_OGOJA_OFFICE_DG1_and_DG2_1692620760,2023-08-21T12:26:00,2023-08-21T12:27:00,1692620760,138.52,161.23,0.3699999999999761,0.0,19156.11,8454.7,0.0,0.0
UNHCR_OGOJA_OFFICE_DG1_and_DG2_1692620820,2023-08-21T12:27:00,2023-08-21T12:28:00,1692620820,138.16,161.23,0.36000000000001364,0.0,19156.11,8454.7,0.0,0.0
UNHCR_OGOJA_OFFICE_DG1_and_DG2_1692620880,2023-08-21T12:28:00,2023-08-21T12:29:00,1692620880,138.16,161.23,0.0,0.0,19156.11,8454.7,0.0,0.0
UNHCR_OGOJA_OFFICE_DG1_and_DG2_1692620940,2023-08-21T12:29:00,2023-08-21T12:30:00,1692620940,138.16,161.23,0.0,0.0,19156.11,8454.7,0.0,0.0
UNHCR_OGOJA_OFFICE_DG1_and_DG2_1692621000,2023-08-21T12:30:00,2023-08-21T12:31:00,1692621000,138.16,161.23,0.0,0.0,19156.11,8454.7,0.0,0.0
UNHCR_OGOJA_OFFICE_DG1_and_DG2_1692621060,2023-08-21T12:31:00,2023-08-21T12:32:00,1692621060,138.16,161.23,0.0,0.0,19156.11,8454.7,0.0,0.0
UNHCR_OGOJA_OFFICE_DG1_and_DG2_1692621120,2023-08-21T12:32:00,2023-08-21T12:33:00,1692621120,138.16,161.23,0.0,0.0,19156.11,8454.7,0.0,0.0
UNHCR_OGOJA_OFFICE_DG1_and_DG2_1692621180,2023-08-21T12:33:00,2023-08-21T12:34:00,1692621180,138.16,161.23,0.0,0.0,19156.11,8454.7,0.0,0.0
UNHCR_OGOJA_OFFICE_DG1_and_DG2_1692621240,2023-08-21T12:34:00,2023-08-21T12:35:00,1692621240,137.8,161.23,0.3599999999999852,0.0,19156.11,8454.7,0.0,0.0
UNHCR_OGOJA_OFFICE_DG1_and_DG2_1692621300,2023-08-21T12:35:00,2023-08-21T12:36:00,1692621300,137.44,161.23,0.36000000000001364,0.0,19156.11,8454.7,0.0,0.0
UNHCR_OGOJA_OFFICE_DG1_and_DG2_1692621360,2023-08-21T12:36:00,2023-08-21T12:37:00,1692621360,137.44,161.23,0.0,0.0,19156.11,8454.7,0.0,0.0
UNHCR_OGOJA_OFFICE_DG1_and_DG2_1692621420,2023-08-21T12:37:00,2023-08-21T12:38:00,1692621420,137.07,161.23,0.37000000000000455,0.0,19156.11,8454.7,0.0,0.0
UNHCR_OGOJA_OFFICE_DG1_and_DG2_1692621480,2023-08-21T12:38:00,2023-08-21T12:39:00,1692621480,137.07,161.23,0.0,0.0,19156.11,8454.7,0.0,0.0
UNHCR_OGOJA_OFFICE_DG1_and_DG2_1692621540,2023-08-21T12:39:00,2023-08-21T12:40:00,1692621540,137.07,161.23,0.0,0.0,19156.11,8454.7,0.0,0.0
UNHCR_OGOJA_OFFICE_DG1_and_DG2_1692621600,2023-08-21T12:40:00,2023-08-21T12:41:00,1692621600,137.07,161.23,0.0,0.0,19156.11,8454.7,0.0,0.0
UNHCR_OGOJA_OFFICE_DG1_and_DG2_1692621660,2023-08-21T12:41:00,2023-08-21T12:42:00,1692621660,137.07,161.23,0.0,0.0,19156.11,8454.7,0.0,0.0
UNHCR_OGOJA_OFFICE_DG1_and_DG2_1692621720,2023-08-21T12:42:00,2023-08-21T12:43:00,1692621720,136.35,161.23,0.7199999999999989,0.0,19156.11,8454.7,0.0,0.0
UNHCR_OGOJA_OFFICE_DG1_and_DG2_1692621780,2023-08-21T12:43:00,2023-08-21T12:44:00,1692621780,135.98,161.23,0.37000000000000455,0.0,19156.11,8454.7,0.0,0.0
UNHCR_OGOJA_OFFICE_DG1_and_DG2_1692621840,2023-08-21T12:44:00,2023-08-21T12:45:00,1692621840,135.98,161.23,0.0,0.0,19156.11,8454.7,0.0,0.0
UNHCR_OGOJA_OFFICE_DG1_and_DG2_1692621900,2023-08-21T12:45:00,2023-08-21T12:46:00,1692621900,135.62,161.23,0.3599999999999852,0.0,19156.11,8454.7,0.0,0.0
UNHCR_OGOJA_OFFICE_DG1_and_DG2_1692621960,2023-08-21T12:46:00,2023-08-21T12:47:00,1692621960,135.62,161.23,0.0,0.0,19156.11,8454.7,0.0,0.0
UNHCR_OGOJA_OFFICE_DG1_and_DG2_1692622020,2023-08-21T12:47:00,2023-08-21T12:48:00,1692622020,135.62,161.23,0.0,0.0,19156.11,8454.7,0.0,0.0
UNHCR_OGOJA_OFFICE_DG1_and_DG2_1692622080,2023-08-21T12:48:00,2023-08-21T12:49:00,1692622080,135.26,161.23,0.36000000000001364,0.0,19156.11,8454.7,0.0,0.0
UNHCR_OGOJA_OFFICE_DG1_and_DG2_1692622140,2023-08-21T12:49:00,2023-08-21T12:50:00,1692622140,134.9,161.23,0.3599999999999852,0.0,19156.11,8454.7,0.0,0.0
UNHCR_OGOJA_OFFICE_DG1_and_DG2_1692622200,2023-08-21T12:50:00,2023-08-21T12:51:00,1692622200,134.53,161.23,0.37000000000000455,0.0,19156.11,8454.7,0.0,0.0
UNHCR_OGOJA_OFFICE_DG1_and_DG2_1692622260,2023-08-21T12:51:00,2023-08-21T12:52:00,1692622260,134.53,161.23,0.0,0.0,19156.11,8454.7,0.0,0.0
UNHCR_OGOJA_OFFICE_DG1_and_DG2_1692622320,2023-08-21T12:52:00,2023-08-21T12:53:00,1692622320,134.53,161.23,0.0,0.0,19156.11,8454.7,0.0,0.0
UNHCR_OGOJA_OFFICE_DG1_and_DG2_1692622380,2023-08-21T12:53:00,2023-08-21T12:54:00,1692622380,134.53,161.23,0.0,0.0,19156.11,8454.7,0.0,0.0
UNHCR_OGOJA_OFFICE_DG1_and_DG2_1692622440,2023-08-21T12:54:00,2023-08-21T12:55:00,1692622440,134.53,161.23,0.0,0.0,19156.11,8454.7,0.0,0.0
UNHCR_OGOJA_OFFICE_DG1_and_DG2_1692622500,2023-08-21T12:55:00,2023-08-21T12:56:00,1692622500,134.53,161.23,0.0,0.0,19156.11,8454.7,0.0,0.0
UNHCR_OGOJA_OFFICE_DG1_and_DG2_1692622560,2023-08-21T12:56:00,2023-08-21T12:57:00,1692622560,134.17,161.23,0.36000000000001364,0.0,19156.11,8454.7,0.0,0.0
UNHCR_OGOJA_OFFICE_DG1_and_DG2_1692622620,2023-08-21T12:57:00,2023-08-21T12:58:00,1692622620,134.17,161.23,0.0,0.0,19156.11,8454.7,0.0,0.0
UNHCR_OGOJA_OFFICE_DG1_and_DG2_1692622680,2023-08-21T12:58:00,2023-08-21T12:59:00,1692622680,133.44,161.23,0.7299999999999898,0.0,19156.11,8454.7,0.0,0.0
UNHCR_OGOJA_OFFICE_DG1_and_DG2_1692622740,2023-08-21T12:59:00,2023-08-21T13:00:00,1692622740,133.44,161.23,0.0,0.0,19156.11,8454.7,0.0,0.0
UNHCR_OGOJA_OFFICE_DG1_and_DG2_1692622800,2023-08-21T13:00:00,2023-08-21T13:01:00,1692622800,133.08,161.23,0.3599999999999852,0.0,19156.11,8454.7,0.0,0.0
UNHCR_OGOJA_OFFICE_DG1_and_DG2_1692622860,2023-08-21T13:01:00,2023-08-21T13:02:00,1692622860,133.08,161.23,0.0,0.0,19156.11,8454.7,0.0,0.0
UNHCR_OGOJA_OFFICE_DG1_and_DG2_1692622920,2023-08-21T13:02:00,2023-08-21T13:03:00,1692622920,133.08,161.23,0.0,0.0,19156.11,8454.7,0.0,0.0
UNHCR_OGOJA_OFFICE_DG1_and_DG2_1692622980,2023-08-21T13:03:00,2023-08-21T13:04:00,1692622980,132.72,161.23,0.36000000000001364,0.0,19156.11,8454.7,0.0,0.0
UNHCR_OGOJA_OFFICE_DG1_and_DG2_1692623040,2023-08-21T13:04:00,2023-08-21T13:05:00,1692623040,132.72,161.23,0.0,0.0,19156.11,8454.7,0.0,0.0
UNHCR_OGOJA_OFFICE_DG1_and_DG2_1692623100,2023-08-21T13:05:00,2023-08-21T13:06:00,1692623100,132.35,161.23,0.37000000000000455,0.0,19156.11,8454.7,0.0,0.0
UNHCR_OGOJA_OFFICE_DG1_and_DG2_1692623160,2023-08-21T13:06:00,2023-08-21T13:07:00,1692623160,132.35,161.23,0.0,0.0,19156.11,8454.7,0.0,0.0
UNHCR_OGOJA_OFFICE_DG1_and_DG2_1692623220,2023-08-21T13:07:00,2023-08-21T13:08:00,1692623220,131.99,161.23,0.3599999999999852,0.0,19156.11,8454.7,0.0,0.0
UNHCR_OGOJA_OFFICE_DG1_and_DG2_1692623280,2023-08-21T13:08:00,2023-08-21T13:09:00,1692623280,131.99,161.23,0.0,0.0,19156.11,8454.7,0.0,0.0
UNHCR_OGOJA_OFFICE_DG1_and_DG2_1692623340,2023-08-21T13:09:00,2023-08-21T13:10:00,1692623340,131.63,161.23,0.36000000000001364,0.0,19156.11,8454.7,0.0,0.0
UNHCR_OGOJA_OFFICE_DG1_and_DG2_1692623400,2023-08-21T13:10:00,2023-08-21T13:11:00,1692623400,131.63,161.23,0.0,0.0,19156.11,8454.7,0.0,0.0
UNHCR_OGOJA_OFFICE_DG1_and_DG2_1692623460,2023-08-21T13:11:00,2023-08-21T13:12:00,1692623460,131.63,161.23,0.0,0.0,19156.11,8454.7,0.0,0.0
UNHCR_OGOJA_OFFICE_DG1_and_DG2_1692623520,2023-08-21T13:12:00,2023-08-21T13:13:00,1692623520,131.27,161.23,0.3599999999999852,0.0,19156.11,8454.7,0.0,0.0
UNHCR_OGOJA_OFFICE_DG1_and_DG2_1692623580,2023-08-21T13:13:00,2023-08-21T13:14:00,1692623580,131.27,161.23,0.0,0.0,19156.11,8454.7,0.0,0.0
UNHCR_OGOJA_OFFICE_DG1_and_DG2_1692623640,2023-08-21T13:14:00,2023-08-21T13:15:00,1692623640,130.9,161.23,0.37000000000000455,0.0,19156.11,8454.7,0.0,0.0
UNHCR_OGOJA_OFFICE_DG1_and_DG2_1692623700,2023-08-21T13:15:00,2023-08-21T13:16:00,1692623700,130.9,161.23,0.0,0.0,19156.11,8454.7,0.0,0.0
UNHCR_OGOJA_OFFICE_DG1_and_DG2_1692623760,2023-08-21T13:16:00,2023-08-21T13:17:00,1692623760,130.54,161.23,0.36000000000001364,0.0,19156.11,8454.7,0.0,0.0
UNHCR_OGOJA_OFFICE_DG1_and_DG2_1692623820,2023-08-21T13:17:00,2023-08-21T13:18:00,1692623820,130.54,161.23,0.0,0.0,19156.11,8454.7,0.0,0.0
UNHCR_OGOJA_OFFICE_DG1_and_DG2_1692623880,2023-08-21T13:18:00,2023-08-21T13:19:00,1692623880,130.54,161.23,0.0,0.0,19156.11,8454.7,0.0,0.0
UNHCR_OGOJA_OFFICE_DG1_and_DG2_1692623940,2023-08-21T13:19:00,2023-08-21T13:20:00,1692623940,130.54,161.23,0.0,0.0,19156.11,8454.7,0.0,0.0
UNHCR_OGOJA_OFFICE_DG1_and_DG2_1692624000,2023-08-21T13:20:00,2023-08-21T13:21:00,1692624000,130.54,161.23,0.0,0.0,19156.11,8454.7,0.0,0.0
UNHCR_OGOJA_OFFICE_DG1_and_DG2_1692624060,2023-08-21T13:21:00,2023-08-21T13:22:00,1692624060,130.54,161.23,0.0,0.0,19156.11,8454.7,0.0,0.0
UNHCR_OGOJA_OFFICE_DG1_and_DG2_1692624120,2023-08-21T13:22:00,2023-08-21T13:23:00,1692624120,130.54,161.23,0.0,0.0,19156.11,8454.7,0.0,0.0
UNHCR_OGOJA_OFFICE_DG1_and_DG2_1692624180,2023-08-21T13:23:00,2023-08-21T13:24:00,1692624180,130.54,161.23,0.0,0.0,19156.11,8454.7,0.0,0.0
UNHCR_OGOJA_OFFICE_DG1_and_DG2_1692624240,2023-08-21T13:24:00,2023-08-21T13:25:00,1692624240,130.18,161.23,0.3599999999999852,0.0,19156.11,8454.7,0.0,0.0
UNHCR_OGOJA_OFFICE_DG1_and_DG2_1692624300,2023-08-21T13:25:00,2023-08-21T13:26:00,1692624300,129.81,161.23,0.37000000000000455,0.0,19156.11,8454.7,0.0,0.0
UNHCR_OGOJA_OFFICE_DG1_and_DG2_1692624360,2023-08-21T13:26:00,2023-08-21T13:27:00,1692624360,129.45,161.23,0.36000000000001364,0.0,19156.11,8454.7,0.0,0.0
UNHCR_OGOJA_OFFICE_DG1_and_DG2_1692624420,2023-08-21T13:27:00,2023-08-21T13:28:00,1692624420,129.45,161.23,0.0,0.0,19156.11,8454.7,0.0,0.0
UNHCR_OGOJA_OFFICE_DG1_and_DG2_1692624480,2023-08-21T13:28:00,2023-08-21T13:29:00,1692624480,129.45,161.23,0.0,0.0,19156.11,8454.7,0.0,0.0
UNHCR_OGOJA_OFFICE_DG1_and_DG2_1692624540,2023-08-21T13:29:00,2023-08-21T13:30:00,1692624540,129.45,161.23,0.0,0.0,19156.11,8454.7,0.0,0.0
UNHCR_OGOJA_OFFICE_DG1_and_DG2_1692624600,2023-08-21T13:30:00,2023-08-21T13:31:00,1692624600,129.45,161.23,0.0,0.0,19156.11,8454.7,0.0,0.0
UNHCR_OGOJA_OFFICE_DG1_and_DG2_1692624660,2023-08-21T13:31:00,2023-08-21T13:32:00,1692624660,129.09,161.23,0.3599999999999852,0.0,19156.11,8454.7,0.0,0.0
UNHCR_OGOJA_OFFICE_DG1_and_DG2_1692624720,2023-08-21T13:32:00,2023-08-21T13:33:00,1692624720,129.09,161.23,0.0,0.0,19156.11,8454.7,0.0,0.0
UNHCR_OGOJA_OFFICE_DG1_and_DG2_1692624780,2023-08-21T13:33:00,2023-08-21T13:34:00,1692624780,128.73,161.23,0.36000000000001364,0.0,19156.11,8454.7,0.0,0.0
UNHCR_OGOJA_OFFICE_DG1_and_DG2_1692624840,2023-08-21T13:34:00,2023-08-21T13:35:00,1692624840,128.36,161.23,0.3699999999999761,0.0,19156.11,8454.7,0.0,0.0
UNHCR_OGOJA_OFFICE_DG1_and_DG2_1692624900,2023-08-21T13:35:00,2023-08-21T13:36:00,1692624900,128.36,161.23,0.0,0.0,19156.11,8454.7,0.0,0.0
UNHCR_OGOJA_OFFICE_DG1_and_DG2_1692624960,2023-08-21T13:36:00,2023-08-21T13:37:00,1692624960,128.36,161.23,0.0,0.0,19156.11,8454.7,0.0,0.0
UNHCR_OGOJA_OFFICE_DG1_and_DG2_1692625020,2023-08-21T13:37:00,2023-08-21T13:38:00,1692625020,128.36,161.23,0.0,0.0,19156.11,8454.7,0.0,0.0
UNHCR_OGOJA_OFFICE_DG1_and_DG2_1692625080,2023-08-21T13:38:00,2023-08-21T13:39:00,1692625080,128.0,161.23,0.36000000000001364,0.0,19156.11,8454.7,0.0,0.0
UNHCR_OGOJA_OFFICE_DG1_and_DG2_1692625140,2023-08-21T13:39:00,2023-08-21T13:40:00,1692625140,128.0,161.23,0.0,0.0,19156.11,8454.7,0.0,0.0
UNHCR_OGOJA_OFFICE_DG1_and_DG2_1692625200,2023-08-21T13:40:00,2023-08-21T13:41:00,1692625200,127.64,161.23,0.35999999999999943,0.0,19156.11,8454.7,0.0,0.0
UNHCR_OGOJA_OFFICE_DG1_and_DG2_1692625260,2023-08-21T13:41:00,2023-08-21T13:42:00,1692625260,127.27,161.23,0.37000000000000455,0.0,19156.11,8454.7,0.0,0.0
UNHCR_OGOJA_OFFICE_DG1_and_DG2_1692625320,2023-08-21T13:42:00,2023-08-21T13:43:00,1692625320,127.27,161.23,0.0,0.0,19156.11,8454.7,0.0,0.0
UNHCR_OGOJA_OFFICE_DG1_and_DG2_1692625380,2023-08-21T13:43:00,2023-08-21T13:44:00,1692625380,126.91,161.23,0.35999999999999943,0.0,19156.11,8454.7,0.0,0.0
UNHCR_OGOJA_OFFICE_DG1_and_DG2_1692625440,2023-08-21T13:44:00,2023-08-21T13:45:00,1692625440,126.55,161.23,0.35999999999999943,0.0,19156.11,8454.7,0.0,0.0
UNHCR_OGOJA_OFFICE_DG1_and_DG2_1692625500,2023-08-21T13:45:00,2023-08-21T13:46:00,1692625500,126.55,161.23,0.0,0.0,19156.11,8454.7,0.0,0.0
UNHCR_OGOJA_OFFICE_DG1_and_DG2_1692625560,2023-08-21T13:46:00,2023-08-21T13:47:00,1692625560,126.55,161.23,0.0,0.0,19156.11,8454.7,0.0,0.0
UNHCR_OGOJA_OFFICE_DG1_and_DG2_1692625620,2023-08-21T13:47:00,2023-08-21T13:48:00,1692625620,126.55,161.23,0.0,0.0,19156.11,8454.7,0.0,0.0
UNHCR_OGOJA_OFFICE_DG1_and_DG2_1692625680,2023-08-21T13:48:00,2023-08-21T13:49:00,1692625680,126.55,161.23,0.0,0.0,19156.11,8454.7,0.0,0.0
UNHCR_OGOJA_OFFICE_DG1_and_DG2_1692625740,2023-08-21T13:49:00,2023-08-21T13:50:00,1692625740,126.55,161.23,0.0,0.0,19156.11,8454.7,0.0,0.0
UNHCR_OGOJA_OFFICE_DG1_and_DG2_1692625800,2023-08-21T13:50:00,2023-08-21T13:51:00,1692625800,126.55,161.23,0.0,0.0,19156.11,8454.7,0.0,0.0
UNHCR_OGOJA_OFFICE_DG1_and_DG2_1692625860,2023-08-21T13:51:00,2023-08-21T13:52:00,1692625860,126.19,161.23,0.35999999999999943,0.0,19156.11,8454.7,0.0,0.0
UNHCR_OGOJA_OFFICE_DG1_and_DG2_1692625920,2023-08-21T13:52:00,2023-08-21T13:53:00,1692625920,125.82,161.23,0.37000000000000455,0.0,19156.11,8454.7,0.0,0.0
UNHCR_OGOJA_OFFICE_DG1_and_DG2_1692625980,2023-08-21T13:53:00,2023-08-21T13:54:00,1692625980,125.46,161.23,0.35999999999999943,0.0,19156.11,8454.7,0.0,0.0
UNHCR_OGOJA_OFFICE_DG1_and_DG2_1692626040,2023-08-21T13:54:00,2023-08-21T13:55:00,1692626040,125.1,161.23,0.35999999999999943,0.0,19156.11,8454.7,0.0,0.0
UNHCR_OGOJA_OFFICE_DG1_and_DG2_1692626100,2023-08-21T13:55:00,2023-08-21T13:56:00,1692626100,125.1,161.23,0.0,0.0,19156.11,8454.7,0.0,0.0
UNHCR_OGOJA_OFFICE_DG1_and_DG2_1692626160,2023-08-21T13:56:00,2023-08-21T13:57:00,1692626160,125.1,161.23,0.0,0.0,19156.11,8454.7,0.0,0.0
UNHCR_OGOJA_OFFICE_DG1_and_DG2_1692626220,2023-08-21T13:57:00,2023-08-21T13:58:00,1692626220,125.1,161.23,0.0,0.0,19156.11,8454.7,0.0,0.0
UNHCR_OGOJA_OFFICE_DG1_and_DG2_1692626280,2023-08-21T13:58:00,2023-08-21T13:59:00,1692626280,125.1,161.23,0.0,0.0,19156.11,8454.7,0.0,0.0
UNHCR_OGOJA_OFFICE_DG1_and_DG2_1692626340,2023-08-21T13:59:00,2023-08-21T14:00:00,1692626340,125.1,161.23,0.0,0.0,19156.11,8454.7,0.0,0.0
UNHCR_OGOJA_OFFICE_DG1_and_DG2_1692626400,2023-08-21T14:00:00,2023-08-21T14:01:00,1692626400,125.1,161.23,0.0,0.0,19156.11,8454.7,0.0,0.0
UNHCR_OGOJA_OFFICE_DG1_and_DG2_1692626460,2023-08-21T14:01:00,2023-08-21T14:02:00,1692626460,124.73,161.23,0.36999999999999034,0.0,19156.11,8454.7,0.0,0.0
UNHCR_OGOJA_OFFICE_DG1_and_DG2_1692626520,2023-08-21T14:02:00,2023-08-21T14:03:00,1692626520,124.37,161.23,0.35999999999999943,0.0,19156.11,8454.7,0.0,0.0
UNHCR_OGOJA_OFFICE_DG1_and_DG2_1692626580,2023-08-21T14:03:00,2023-08-21T14:04:00,1692626580,124.01,161.23,0.35999999999999943,0.0,19156.11,8454.7,0.0,0.0
UNHCR_OGOJA_OFFICE_DG1_and_DG2_1692626640,2023-08-21T14:04:00,2023-08-21T14:05:00,1692626640,123.65,161.23,0.35999999999999943,0.0,19156.11,8454.7,0.0,0.0
UNHCR_OGOJA_OFFICE_DG1_and_DG2_1692626700,2023-08-21T14:05:00,2023-08-21T14:06:00,1692626700,123.65,161.23,0.0,0.0,19156.11,8454.7,0.0,0.0
UNHCR_OGOJA_OFFICE_DG1_and_DG2_1692626760,2023-08-21T14:06:00,2023-08-21T14:07:00,1692626760,123.28,161.23,0.37000000000000455,0.0,19156.11,8454.7,0.0,0.0
UNHCR_OGOJA_OFFICE_DG1_and_DG2_1692626820,2023-08-21T14:07:00,2023-08-21T14:08:00,1692626820,123.28,161.23,0.0,0.0,19156.11,8454.7,0.0,0.0
UNHCR_OGOJA_OFFICE_DG1_and_DG2_1692626880,2023-08-21T14:08:00,2023-08-21T14:09:00,1692626880,122.92,161.23,0.35999999999999943,0.0,19156.11,8454.7,0.0,0.0
UNHCR_OGOJA_OFFICE_DG1_and_DG2_1692626940,2023-08-21T14:09:00,2023-08-21T14:10:00,1692626940,122.56,161.23,0.35999999999999943,0.0,19156.11,8454.7,0.0,0.0
UNHCR_OGOJA_OFFICE_DG1_and_DG2_1692627000,2023-08-21T14:10:00,2023-08-21T14:11:00,1692627000,122.56,161.23,0.0,0.0,19156.11,8454.7,0.0,0.0
UNHCR_OGOJA_OFFICE_DG1_and_DG2_1692627060,2023-08-21T14:11:00,2023-08-21T14:12:00,1692627060,122.19,161.23,0.37000000000000455,0.0,19156.11,8454.7,0.0,0.0
UNHCR_OGOJA_OFFICE_DG1_and_DG2_1692627120,2023-08-21T14:12:00,2023-08-21T14:13:00,1692627120,122.19,161.23,0.0,0.0,19156.11,8454.7,0.0,0.0
UNHCR_OGOJA_OFFICE_DG1_and_DG2_1692627180,2023-08-21T14:13:00,2023-08-21T14:14:00,1692627180,122.19,161.23,0.0,0.0,19156.11,8454.7,0.0,0.0
UNHCR_OGOJA_OFFICE_DG1_and_DG2_1692627240,2023-08-21T14:14:00,2023-08-21T14:15:00,1692627240,122.19,161.23,0.0,0.0,19156.11,8454.7,0.0,0.0
UNHCR_OGOJA_OFFICE_DG1_and_DG2_1692627300,2023-08-21T14:15:00,2023-08-21T14:16:00,1692627300,122.19,161.23,0.0,0.0,19156.11,8454.7,0.0,0.0
UNHCR_OGOJA_OFFICE_DG1_and_DG2_1692627360,2023-08-21T14:16:00,2023-08-21T14:17:00,1692627360,122.19,161.23,0.0,0.0,19156.11,8454.7,0.0,0.0
UNHCR_OGOJA_OFFICE_DG1_and_DG2_1692627420,2023-08-21T14:17:00,2023-08-21T14:18:00,1692627420,121.83,161.23,0.35999999999999943,0.0,19156.11,8454.7,0.0,0.0
UNHCR_OGOJA_OFFICE_DG1_and_DG2_1692627480,2023-08-21T14:18:00,2023-08-21T14:19:00,1692627480,121.83,161.23,0.0,0.0,19156.11,8454.7,0.0,0.0
UNHCR_OGOJA_OFFICE_DG1_and_DG2_1692627540,2023-08-21T14:19:00,2023-08-21T14:20:00,1692627540,121.47,161.23,0.35999999999999943,0.0,19156.11,8454.7,0.0,0.0
UNHCR_OGOJA_OFFICE_DG1_and_DG2_1692627600,2023-08-21T14:20:00,2023-08-21T14:21:00,1692627600,121.1,161.23,0.37000000000000455,0.0,19156.11,8454.7,0.0,0.0
UNHCR_OGOJA_OFFICE_DG1_and_DG2_1692627660,2023-08-21T14:21:00,2023-08-21T14:22:00,1692627660,121.1,161.23,0.0,0.0,19156.11,8454.7,0.0,0.0
UNHCR_OGOJA_OFFICE_DG1_and_DG2_1692627720,2023-08-21T14:22:00,2023-08-21T14:23:00,1692627720,120.74,161.23,0.35999999999999943,0.0,19156.11,8454.7,0.0,0.0
UNHCR_OGOJA_OFFICE_DG1_and_DG2_1692627780,2023-08-21T14:23:00,2023-08-21T14:24:00,1692627780,120.74,161.23,0.0,0.0,19156.11,8454.7,0.0,0.0
UNHCR_OGOJA_OFFICE_DG1_and_DG2_1692627840,2023-08-21T14:24:00,2023-08-21T14:25:00,1692627840,120.74,161.23,0.0,0.0,19156.11,8454.7,0.0,0.0
UNHCR_OGOJA_OFFICE_DG1_and_DG2_1692627900,2023-08-21T14:25:00,2023-08-21T14:26:00,1692627900,120.74,161.23,0.0,0.0,19156.11,8454.7,0.0,0.0
UNHCR_OGOJA_OFFICE_DG1_and_DG2_1692627960,2023-08-21T14:26:00,2023-08-21T14:27:00,1692627960,120.38,161.23,0.35999999999999943,0.0,19156.11,8454.7,0.0,0.0
UNHCR_OGOJA_OFFICE_DG1_and_DG2_1692628020,2023-08-21T14:27:00,2023-08-21T14:28:00,1692628020,120.02,161.23,0.35999999999999943,0.0,19156.11,8454.7,0.0,0.0
UNHCR_OGOJA_OFFICE_DG1_and_DG2_1692628080,2023-08-21T14:28:00,2023-08-21T14:29:00,1692628080,119.65,161.23,0.36999999999999034,0.0,19156.11,8454.7,0.0,0.0
UNHCR_OGOJA_OFFICE_DG1_and_DG2_1692628140,2023-08-21T14:29:00,2023-08-21T14:30:00,1692628140,119.29,161.23,0.35999999999999943,0.0,19156.11,8454.7,0.0,0.0
UNHCR_OGOJA_OFFICE_DG1_and_DG2_1692628200,2023-08-21T14:30:00,2023-08-21T14:31:00,1692628200,119.29,161.23,0.0,0.0,19156.11,8454.7,0.0,0.0
UNHCR_OGOJA_OFFICE_DG1_and_DG2_1692628260,2023-08-21T14:31:00,2023-08-21T14:32:00,1692628260,119.29,161.23,0.0,0.0,19156.11,8454.7,0.0,0.0
UNHCR_OGOJA_OFFICE_DG1_and_DG2_1692628320,2023-08-21T14:32:00,2023-08-21T14:33:00,1692628320,119.29,161.23,0.0,0.0,19156.11,8454.7,0.0,0.0
UNHCR_OGOJA_OFFICE_DG1_and_DG2_1692628380,2023-08-21T14:33:00,2023-08-21T14:34:00,1692628380,119.29,161.23,0.0,0.0,19156.11,8454.7,0.0,0.0
UNHCR_OGOJA_OFFICE_DG1_and_DG2_1692628440,2023-08-21T14:34:00,2023-08-21T14:35:00,1692628440,119.29,161.23,0.0,0.0,19156.11,8454.7,0.0,0.0
UNHCR_OGOJA_OFFICE_DG1_and_DG2_1692628500,2023-08-21T14:35:00,2023-08-21T14:36:00,1692628500,118.93,161.23,0.35999999999999943,0.0,19156.11,8454.7,0.0,0.0
UNHCR_OGOJA_OFFICE_DG1_and_DG2_1692628560,2023-08-21T14:36:00,2023-08-21T14:37:00,1692628560,118.56,161.23,0.37000000000000455,0.0,19156.11,8454.7,0.0,0.0
UNHCR_OGOJA_OFFICE_DG1_and_DG2_1692628620,2023-08-21T14:37:00,2023-08-21T14:38:00,1692628620,118.56,161.23,0.0,0.0,19156.11,8454.7,0.0,0.0
UNHCR_OGOJA_OFFICE_DG1_and_DG2_1692628680,2023-08-21T14:38:00,2023-08-21T14:39:00,1692628680,118.2,161.23,0.35999999999999943,0.0,19156.11,8454.7,0.0,0.0
UNHCR_OGOJA_OFFICE_DG1_and_DG2_1692628740,2023-08-21T14:39:00,2023-08-21T14:40:00,1692628740,118.2,161.23,0.0,0.0,19156.11,8454.7,0.0,0.0
UNHCR_OGOJA_OFFICE_DG1_and_DG2_1692628800,2023-08-21T14:40:00,2023-08-21T14:41:00,1692628800,118.2,161.23,0.0,0.0,19156.11,8454.7,0.0,0.0
UNHCR_OGOJA_OFFICE_DG1_and_DG2_1692628860,2023-08-21T14:41:00,2023-08-21T14:42:00,1692628860,117.84,161.23,0.35999999999999943,0.0,19156.11,8454.7,0.0,0.0
UNHCR_OGOJA_OFFICE_DG1_and_DG2_1692628920,2023-08-21T14:42:00,2023-08-21T14:43:00,1692628920,117.84,161.23,0.0,0.0,19156.11,8454.7,0.0,0.0
UNHCR_OGOJA_OFFICE_DG1_and_DG2_1692628980,2023-08-21T14:43:00,2023-08-21T14:44:00,1692628980,117.84,161.23,0.0,0.0,19156.11,8454.7,0.0,0.0
UNHCR_OGOJA_OFFICE_DG1_and_DG2_1692629040,2023-08-21T14:44:00,2023-08-21T14:45:00,1692629040,117.84,161.23,0.0,0.0,19156.11,8454.7,0.0,0.0
UNHCR_OGOJA_OFFICE_DG1_and_DG2_1692629100,2023-08-21T14:45:00,2023-08-21T14:46:00,1692629100,117.48,161.23,0.35999999999999943,0.0,19156.11,8454.7,0.0,0.0
UNHCR_OGOJA_OFFICE_DG1_and_DG2_1692629160,2023-08-21T14:46:00,2023-08-21T14:47:00,1692629160,117.11,161.23,0.37000000000000455,0.0,19156.11,8454.7,0.0,0.0
UNHCR_OGOJA_OFFICE_DG1_and_DG2_1692629220,2023-08-21T14:47:00,2023-08-21T14:48:00,1692629220,116.75,161.23,0.35999999999999943,0.0,19156.11,8454.7,0.0,0.0
UNHCR_OGOJA_OFFICE_DG1_and_DG2_1692629280,2023-08-21T14:48:00,2023-08-21T14:49:00,1692629280,116.39,161.23,0.35999999999999943,0.0,19156.11,8454.7,0.0,0.0
UNHCR_OGOJA_OFFICE_DG1_and_DG2_1692629340,2023-08-21T14:49:00,2023-08-21T14:50:00,1692629340,116.39,161.23,0.0,0.0,19156.11,8454.7,0.0,0.0
UNHCR_OGOJA_OFFICE_DG1_and_DG2_1692629400,2023-08-21T14:50:00,2023-08-21T14:51:00,1692629400,116.39,161.23,0.0,0.0,19156.11,8454.7,0.0,0.0
UNHCR_OGOJA_OFFICE_DG1_and_DG2_1692629460,2023-08-21T14:51:00,2023-08-21T14:52:00,1692629460,116.39,161.23,0.0,0.0,19156.11,8454.7,0.0,0.0
UNHCR_OGOJA_OFFICE_DG1_and_DG2_1692629520,2023-08-21T14:52:00,2023-08-21T14:53:00,1692629520,116.39,161.23,0.0,0.0,19156.11,8454.7,0.0,0.0
UNHCR_OGOJA_OFFICE_DG1_and_DG2_1692629580,2023-08-21T14:53:00,2023-08-21T14:54:00,1692629580,116.39,161.23,0.0,0.0,19156.11,8454.7,0.0,0.0
UNHCR_OGOJA_OFFICE_DG1_and_DG2_1692629640,2023-08-21T14:54:00,2023-08-21T14:55:00,1692629640,116.02,161.23,0.37000000000000455,0.0,19156.11,8454.7,0.0,0.0
UNHCR_OGOJA_OFFICE_DG1_and_DG2_1692629700,2023-08-21T14:55:00,2023-08-21T14:56:00,1692629700,115.66,161.23,0.35999999999999943,0.0,19156.11,8454.7,0.0,0.0
UNHCR_OGOJA_OFFICE_DG1_and_DG2_1692629760,2023-08-21T14:56:00,2023-08-21T14:57:00,1692629760,115.3,161.23,0.35999999999999943,0.0,19156.11,8454.7,0.0,0.0
UNHCR_OGOJA_OFFICE_DG1_and_DG2_1692629820,2023-08-21T14:57:00,2023-08-21T14:58:00,1692629820,115.3,161.23,0.0,0.0,19156.11,8454.7,0.0,0.0
UNHCR_OGOJA_OFFICE_DG1_and_DG2_1692629880,2023-08-21T14:58:00,2023-08-21T14:59:00,1692629880,115.3,161.23,0.0,0.0,19156.11,8454.7,0.0,0.0
UNHCR_OGOJA_OFFICE_DG1_and_DG2_1692629940,2023-08-21T14:59:00,2023-08-21T15:00:00,1692629940,115.3,161.23,0.0,0.0,19156.11,8454.7,0.0,0.0
UNHCR_OGOJA_OFFICE_DG1_and_DG2_1692630000,2023-08-21T15:00:00,2023-08-21T15:01:00,1692630000,115.3,161.23,0.0,0.0,19156.11,8454.7,0.0,0.0
UNHCR_OGOJA_OFFICE_DG1_and_DG2_1692630060,2023-08-21T15:01:00,2023-08-21T15:02:00,1692630060,114.57,161.23,0.730000000000004,0.0,19156.11,8454.7,0.0,0.0
UNHCR_OGOJA_OFFICE_DG1_and_DG2_1692630120,2023-08-21T15:02:00,2023-08-21T15:03:00,1692630120,114.57,161.23,0.0,0.0,19156.11,8454.7,0.0,0.0
UNHCR_OGOJA_OFFICE_DG1_and_DG2_1692630180,2023-08-21T15:03:00,2023-08-21T15:04:00,1692630180,114.21,161.23,0.35999999999999943,0.0,19156.11,8454.7,0.0,0.0
UNHCR_OGOJA_OFFICE_DG1_and_DG2_1692630240,2023-08-21T15:04:00,2023-08-21T15:05:00,1692630240,114.21,161.23,0.0,0.0,19156.11,8454.7,0.0,0.0
UNHCR_OGOJA_OFFICE_DG1_and_DG2_1692630300,2023-08-21T15:05:00,2023-08-21T15:06:00,1692630300,114.21,161.23,0.0,0.0,19156.11,8454.7,0.0,0.0
UNHCR_OGOJA_OFFICE_DG1_and_DG2_1692630360,2023-08-21T15:06:00,2023-08-21T15:07:00,1692630360,114.21,161.23,0.0,0.0,19156.11,8454.7,0.0,0.0
UNHCR_OGOJA_OFFICE_DG1_and_DG2_1692630420,2023-08-21T15:07:00,2023-08-21T15:08:00,1692630420,114.21,161.23,0.0,0.0,19156.11,8454.7,0.0,0.0
UNHCR_OGOJA_OFFICE_DG1_and_DG2_1692630480,2023-08-21T15:08:00,2023-08-21T15:09:00,1692630480,113.85,161.23,0.35999999999999943,0.0,19156.11,8454.7,0.0,0.0
UNHCR_OGOJA_OFFICE_DG1_and_DG2_1692630540,2023-08-21T15:09:00,2023-08-21T15:10:00,1692630540,113.48,161.23,0.36999999999999034,0.0,19156.11,8454.7,0.0,0.0
UNHCR_OGOJA_OFFICE_DG1_and_DG2_1692630600,2023-08-21T15:10:00,2023-08-21T15:11:00,1692630600,113.48,161.23,0.0,0.0,19156.11,8454.7,0.0,0.0
UNHCR_OGOJA_OFFICE_DG1_and_DG2_1692630660,2023-08-21T15:11:00,2023-08-21T15:12:00,1692630660,113.48,161.23,0.0,0.0,19156.11,8454.7,0.0,0.0
UNHCR_OGOJA_OFFICE_DG1_and_DG2_1692630720,2023-08-21T15:12:00,2023-08-21T15:13:00,1692630720,113.12,161.23,0.35999999999999943,0.0,19156.11,8454.7,0.0,0.0
UNHCR_OGOJA_OFFICE_DG1_and_DG2_1692630780,2023-08-21T15:13:00,2023-08-21T15:14:00,1692630780,112.76,161.23,0.35999999999999943,0.0,19156.11,8454.7,0.0,0.0
UNHCR_OGOJA_OFFICE_DG1_and_DG2_1692630840,2023-08-21T15:14:00,2023-08-21T15:15:00,1692630840,112.4,161.23,0.35999999999999943,0.0,19156.11,8454.7,0.0,0.0
UNHCR_OGOJA_OFFICE_DG1_and_DG2_1692630900,2023-08-21T15:15:00,2023-08-21T15:16:00,1692630900,112.03,161.23,0.37000000000000455,0.0,19156.11,8454.7,0.0,0.0
UNHCR_OGOJA_OFFICE_DG1_and_DG2_1692630960,2023-08-21T15:16:00,2023-08-21T15:17:00,1692630960,112.03,161.23,0.0,0.0,19156.11,8454.7,0.0,0.0
UNHCR_OGOJA_OFFICE_DG1_and_DG2_1692631020,2023-08-21T15:17:00,2023-08-21T15:18:00,1692631020,112.03,161.23,0.0,0.0,19156.11,8454.7,0.0,0.0
UNHCR_OGOJA_OFFICE_DG1_and_DG2_1692631080,2023-08-21T15:18:00,2023-08-21T15:19:00,1692631080,112.03,161.23,0.0,0.0,19156.11,8454.7,0.0,0.0
UNHCR_OGOJA_OFFICE_DG1_and_DG2_1692631140,2023-08-21T15:19:00,2023-08-21T15:20:00,1692631140,111.67,161.23,0.35999999999999943,0.0,19156.11,8454.7,0.0,0.0
UNHCR_OGOJA_OFFICE_DG1_and_DG2_1692631200,2023-08-21T15:20:00,2023-08-21T15:21:00,1692631200,111.67,161.23,0.0,0.0,19156.11,8454.7,0.0,0.0
UNHCR_OGOJA_OFFICE_DG1_and_DG2_1692631260,2023-08-21T15:21:00,2023-08-21T15:22:00,1692631260,111.67,161.23,0.0,0.0,19156.11,8454.7,0.0,0.0
UNHCR_OGOJA_OFFICE_DG1_and_DG2_1692631320,2023-08-21T15:22:00,2023-08-21T15:23:00,1692631320,111.67,161.23,0.0,0.0,19156.11,8454.7,0.0,0.0
UNHCR_OGOJA_OFFICE_DG1_and_DG2_1692631380,2023-08-21T15:23:00,2023-08-21T15:24:00,1692631380,111.67,161.23,0.0,0.0,19156.11,8454.7,0.0,0.0
UNHCR_OGOJA_OFFICE_DG1_and_DG2_1692631440,2023-08-21T15:24:00,2023-08-21T15:25:00,1692631440,111.67,161.23,0.0,0.0,19156.11,8454.7,0.0,0.0
UNHCR_OGOJA_OFFICE_DG1_and_DG2_1692631500,2023-08-21T15:25:00,2023-08-21T15:26:00,1692631500,111.31,161.23,0.35999999999999943,0.0,19156.11,8454.7,0.0,0.0
UNHCR_OGOJA_OFFICE_DG1_and_DG2_1692631560,2023-08-21T15:26:00,2023-08-21T15:27:00,1692631560,110.94,161.23,0.37000000000000455,0.0,19156.11,8454.7,0.0,0.0
UNHCR_OGOJA_OFFICE_DG1_and_DG2_1692631620,2023-08-21T15:27:00,2023-08-21T15:28:00,1692631620,110.58,161.23,0.35999999999999943,0.0,19156.11,8454.7,0.0,0.0
UNHCR_OGOJA_OFFICE_DG1_and_DG2_1692631680,2023-08-21T15:28:00,2023-08-21T15:29:00,1692631680,110.58,161.23,0.0,0.0,19156.11,8454.7,0.0,0.0
UNHCR_OGOJA_OFFICE_DG1_and_DG2_1692631740,2023-08-21T15:29:00,2023-08-21T15:30:00,1692631740,110.22,161.23,0.35999999999999943,0.0,19156.11,8454.7,0.0,0.0
UNHCR_OGOJA_OFFICE_DG1_and_DG2_1692631800,2023-08-21T15:30:00,2023-08-21T15:31:00,1692631800,110.22,161.23,0.0,0.0,19156.11,8454.7,0.0,0.0
UNHCR_OGOJA_OFFICE_DG1_and_DG2_1692631860,2023-08-21T15:31:00,2023-08-21T15:32:00,1692631860,110.22,161.23,0.0,0.0,19156.11,8454.7,0.0,0.0
UNHCR_OGOJA_OFFICE_DG1_and_DG2_1692631920,2023-08-21T15:32:00,2023-08-21T15:33:00,1692631920,109.85,161.23,0.37000000000000455,0.0,19156.11,8454.7,0.0,0.0
UNHCR_OGOJA_OFFICE_DG1_and_DG2_1692631980,2023-08-21T15:33:00,2023-08-21T15:34:00,1692631980,109.85,161.23,0.0,0.0,19156.11,8454.7,0.0,0.0
UNHCR_OGOJA_OFFICE_DG1_and_DG2_1692632040,2023-08-21T15:34:00,2023-08-21T15:35:00,1692632040,109.85,161.23,0.0,0.0,19156.11,8454.7,0.0,0.0
UNHCR_OGOJA_OFFICE_DG1_and_DG2_1692632100,2023-08-21T15:35:00,2023-08-21T15:36:00,1692632100,109.49,161.23,0.35999999999999943,0.0,19156.11,8454.7,0.0,0.0
UNHCR_OGOJA_OFFICE_DG1_and_DG2_1692632160,2023-08-21T15:36:00,2023-08-21T15:37:00,1692632160,109.49,161.23,0.0,0.0,19156.11,8454.7,0.0,0.0
UNHCR_OGOJA_OFFICE_DG1_and_DG2_1692632220,2023-08-21T15:37:00,2023-08-21T15:38:00,1692632220,109.13,161.23,0.35999999999999943,0.0,19156.11,8454.7,0.0,0.0
UNHCR_OGOJA_OFFICE_DG1_and_DG2_1692632280,2023-08-21T15:38:00,2023-08-21T15:39:00,1692632280,109.13,161.23,0.0,0.0,19156.11,8454.7,0.0,0.0
UNHCR_OGOJA_OFFICE_DG1_and_DG2_1692632340,2023-08-21T15:39:00,2023-08-21T15:40:00,1692632340,109.13,161.23,0.0,0.0,19156.11,8454.7,0.0,0.0
UNHCR_OGOJA_OFFICE_DG1_and_DG2_1692632400,2023-08-21T15:40:00,2023-08-21T15:41:00,1692632400,108.77,161.23,0.35999999999999943,0.0,19156.11,8454.7,0.0,0.0
UNHCR_OGOJA_OFFICE_DG1_and_DG2_1692632460,2023-08-21T15:41:00,2023-08-21T15:42:00,1692632460,108.77,161.23,0.0,0.0,19156.11,8454.7,0.0,0.0
UNHCR_OGOJA_OFFICE_DG1_and_DG2_1692632520,2023-08-21T15:42:00,2023-08-21T15:43:00,1692632520,108.4,161.23,0.36999999999999034,0.0,19156.11,8454.7,0.0,0.0
UNHCR_OGOJA_OFFICE_DG1_and_DG2_1692632580,2023-08-21T15:43:00,2023-08-21T15:44:00,1692632580,108.04,161.23,0.35999999999999943,0.0,19156.11,8454.7,0.0,0.0
UNHCR_OGOJA_OFFICE_DG1_and_DG2_1692632640,2023-08-21T15:44:00,2023-08-21T15:45:00,1692632640,108.04,161.23,0.0,0.0,19156.11,8454.7,0.0,0.0
UNHCR_OGOJA_OFFICE_DG1_and_DG2_1692632700,2023-08-21T15:45:00,2023-08-21T15:46:00,1692632700,107.68,159.85,0.35999999999999943,1.3799999999999955,19156.11,8454.7,0.0,0.0
UNHCR_OGOJA_OFFICE_DG1_and_DG2_1692632760,2023-08-21T15:46:00,2023-08-21T15:47:00,1692632760,107.31,159.85,0.37000000000000455,0.0,19156.11,8454.7,0.0,0.0
UNHCR_OGOJA_OFFICE_DG1_and_DG2_1692632820,2023-08-21T15:47:00,2023-08-21T15:48:00,1692632820,106.95,159.85,0.35999999999999943,0.0,19156.11,8454.7,0.0,0.0
UNHCR_OGOJA_OFFICE_DG1_and_DG2_1692632880,2023-08-21T15:48:00,2023-08-21T15:49:00,1692632880,106.59,159.85,0.35999999999999943,0.0,19156.11,8454.7,0.0,0.0
UNHCR_OGOJA_OFFICE_DG1_and_DG2_1692632940,2023-08-21T15:49:00,2023-08-21T15:50:00,1692632940,106.23,159.85,0.35999999999999943,0.0,19156.11,8454.7,0.0,0.0
UNHCR_OGOJA_OFFICE_DG1_and_DG2_1692633000,2023-08-21T15:50:00,2023-08-21T15:51:00,1692633000,106.23,159.85,0.0,0.0,19156.11,8454.7,0.0,0.0
UNHCR_OGOJA_OFFICE_DG1_and_DG2_1692633060,2023-08-21T15:51:00,2023-08-21T15:52:00,1692633060,106.23,159.85,0.0,0.0,19156.11,8454.7,0.0,0.0
UNHCR_OGOJA_OFFICE_DG1_and_DG2_1692633120,2023-08-21T15:52:00,2023-08-21T15:53:00,1692633120,106.23,159.85,0.0,0.0,19156.11,8454.7,0.0,0.0
UNHCR_OGOJA_OFFICE_DG1_and_DG2_1692633180,2023-08-21T15:53:00,2023-08-21T15:54:00,1692633180,106.23,159.85,0.0,0.0,19156.11,8454.7,0.0,0.0
UNHCR_OGOJA_OFFICE_DG1_and_DG2_1692633240,2023-08-21T15:54:00,2023-08-21T15:55:00,1692633240,106.23,159.85,0.0,0.0,19156.11,8454.7,0.0,0.0
UNHCR_OGOJA_OFFICE_DG1_and_DG2_1692633300,2023-08-21T15:55:00,2023-08-21T15:56:00,1692633300,106.23,159.85,0.0,0.0,19156.11,8454.7,0.0,0.0
UNHCR_OGOJA_OFFICE_DG1_and_DG2_1692633360,2023-08-21T15:56:00,2023-08-21T15:57:00,1692633360,106.23,159.85,0.0,0.0,19156.11,8454.7,0.0,0.0
UNHCR_OGOJA_OFFICE_DG1_and_DG2_1692633420,2023-08-21T15:57:00,2023-08-21T15:58:00,1692633420,105.86,159.85,0.37000000000000455,0.0,19156.11,8454.7,0.0,0.0
UNHCR_OGOJA_OFFICE_DG1_and_DG2_1692633480,2023-08-21T15:58:00,2023-08-21T15:59:00,1692633480,105.86,159.85,0.0,0.0,19156.11,8454.7,0.0,0.0
UNHCR_OGOJA_OFFICE_DG1_and_DG2_1692633540,2023-08-21T15:59:00,2023-08-21T16:00:00,1692633540,105.5,159.85,0.35999999999999943,0.0,19156.11,8454.7,0.0,0.0
UNHCR_OGOJA_OFFICE_DG1_and_DG2_1692633600,2023-08-21T16:00:00,2023-08-21T16:01:00,1692633600,105.14,159.85,0.35999999999999943,0.0,19156.11,8454.7,0.0,0.0
UNHCR_OGOJA_OFFICE_DG1_and_DG2_1692633660,2023-08-21T16:01:00,2023-08-21T16:02:00,1692633660,105.14,159.85,0.0,0.0,19156.11,8454.7,0.0,0.0
UNHCR_OGOJA_OFFICE_DG1_and_DG2_1692633720,2023-08-21T16:02:00,2023-08-21T16:03:00,1692633720,104.77,159.85,0.37000000000000455,0.0,19156.11,8454.7,0.0,0.0
UNHCR_OGOJA_OFFICE_DG1_and_DG2_1692633780,2023-08-21T16:03:00,2023-08-21T16:04:00,1692633780,104.41,159.85,0.35999999999999943,0.0,19156.11,8454.7,0.0,0.0
UNHCR_OGOJA_OFFICE_DG1_and_DG2_1692633840,2023-08-21T16:04:00,2023-08-21T16:05:00,1692633840,104.05,159.85,0.35999999999999943,0.0,19156.11,8454.7,0.0,0.0
UNHCR_OGOJA_OFFICE_DG1_and_DG2_1692633900,2023-08-21T16:05:00,2023-08-21T16:06:00,1692633900,103.69,159.85,0.35999999999999943,0.0,19156.11,8454.7,0.0,0.0
UNHCR_OGOJA_OFFICE_DG1_and_DG2_1692633960,2023-08-21T16:06:00,2023-08-21T16:07:00,1692633960,103.32,159.85,0.37000000000000455,0.0,19156.11,8454.7,0.0,0.0
UNHCR_OGOJA_OFFICE_DG1_and_DG2_1692634020,2023-08-21T16:07:00,2023-08-21T16:08:00,1692634020,103.32,159.85,0.0,0.0,19156.11,8454.7,0.0,0.0
UNHCR_OGOJA_OFFICE_DG1_and_DG2_1692634080,2023-08-21T16:08:00,2023-08-21T16:09:00,1692634080,103.32,159.85,0.0,0.0,19156.11,8454.7,0.0,0.0
UNHCR_OGOJA_OFFICE_DG1_and_DG2_1692634140,2023-08-21T16:09:00,2023-08-21T16:10:00,1692634140,103.32,159.85,0.0,0.0,19156.11,8454.7,0.0,0.0
UNHCR_OGOJA_OFFICE_DG1_and_DG2_1692634200,2023-08-21T16:10:00,2023-08-21T16:11:00,1692634200,103.32,159.85,0.0,0.0,19156.11,8454.7,0.0,0.0
UNHCR_OGOJA_OFFICE_DG1_and_DG2_1692634260,2023-08-21T16:11:00,2023-08-21T16:12:00,1692634260,103.32,159.85,0.0,0.0,19156.11,8454.7,0.0,0.0
UNHCR_OGOJA_OFFICE_DG1_and_DG2_1692634320,2023-08-21T16:12:00,2023-08-21T16:13:00,1692634320,103.32,159.85,0.0,0.0,19156.11,8454.7,0.0,0.0
UNHCR_OGOJA_OFFICE_DG1_and_DG2_1692634380,2023-08-21T16:13:00,2023-08-21T16:14:00,1692634380,103.32,159.85,0.0,0.0,19156.11,8454.7,0.0,0.0
UNHCR_OGOJA_OFFICE_DG1_and_DG2_1692634440,2023-08-21T16:14:00,2023-08-21T16:15:00,1692634440,103.32,159.85,0.0,0.0,19156.11,8454.7,0.0,0.0
UNHCR_OGOJA_OFFICE_DG1_and_DG2_1692634500,2023-08-21T16:15:00,2023-08-21T16:16:00,1692634500,102.96,159.85,0.35999999999999943,0.0,19156.11,8454.7,0.0,0.0
UNHCR_OGOJA_OFFICE_DG1_and_DG2_1692634560,2023-08-21T16:16:00,2023-08-21T16:17:00,1692634560,102.6,159.85,0.35999999999999943,0.0,19156.11,8454.7,0.0,0.0
UNHCR_OGOJA_OFFICE_DG1_and_DG2_1692634620,2023-08-21T16:17:00,2023-08-21T16:18:00,1692634620,102.6,159.85,0.0,0.0,19156.11,8454.7,0.0,0.0
UNHCR_OGOJA_OFFICE_DG1_and_DG2_1692634680,2023-08-21T16:18:00,2023-08-21T16:19:00,1692634680,102.6,159.85,0.0,0.0,19156.11,8454.7,0.0,0.0
UNHCR_OGOJA_OFFICE_DG1_and_DG2_1692634740,2023-08-21T16:19:00,2023-08-21T16:20:00,1692634740,102.6,159.85,0.0,0.0,19156.11,8454.7,0.0,0.0
UNHCR_OGOJA_OFFICE_DG1_and_DG2_1692634800,2023-08-21T16:20:00,2023-08-21T16:21:00,1692634800,102.6,159.85,0.0,0.0,19156.11,8454.7,0.0,0.0
UNHCR_OGOJA_OFFICE_DG1_and_DG2_1692634860,2023-08-21T16:21:00,2023-08-21T16:22:00,1692634860,102.23,159.85,0.36999999999999034,0.0,19156.11,8454.7,0.0,0.0
UNHCR_OGOJA_OFFICE_DG1_and_DG2_1692634920,2023-08-21T16:22:00,2023-08-21T16:23:00,1692634920,101.87,159.85,0.35999999999999943,0.0,19156.11,8454.7,0.0,0.0
UNHCR_OGOJA_OFFICE_DG1_and_DG2_1692634980,2023-08-21T16:23:00,2023-08-21T16:24:00,1692634980,101.87,159.85,0.0,0.0,19156.11,8454.7,0.0,0.0
UNHCR_OGOJA_OFFICE_DG1_and_DG2_1692635040,2023-08-21T16:24:00,2023-08-21T16:25:00,1692635040,101.87,159.85,0.0,0.0,19156.11,8454.7,0.0,0.0
UNHCR_OGOJA_OFFICE_DG1_and_DG2_1692635100,2023-08-21T16:25:00,2023-08-21T16:26:00,1692635100,101.87,159.85,0.0,0.0,19156.11,8454.7,0.0,0.0
UNHCR_OGOJA_OFFICE_DG1_and_DG2_1692635160,2023-08-21T16:26:00,2023-08-21T16:27:00,1692635160,101.87,159.85,0.0,0.0,19156.11,8454.7,0.0,0.0
UNHCR_OGOJA_OFFICE_DG1_and_DG2_1692635220,2023-08-21T16:27:00,2023-08-21T16:28:00,1692635220,101.51,159.85,0.35999999999999943,0.0,19156.11,8454.7,0.0,0.0
UNHCR_OGOJA_OFFICE_DG1_and_DG2_1692635280,2023-08-21T16:28:00,2023-08-21T16:29:00,1692635280,101.15,159.85,0.35999999999999943,0.0,19156.11,8454.7,0.0,0.0
UNHCR_OGOJA_OFFICE_DG1_and_DG2_1692635340,2023-08-21T16:29:00,2023-08-21T16:30:00,1692635340,101.15,159.85,0.0,0.0,19156.11,8454.7,0.0,0.0
UNHCR_OGOJA_OFFICE_DG1_and_DG2_1692635400,2023-08-21T16:30:00,2023-08-21T16:31:00,1692635400,100.78,159.85,0.37000000000000455,0.0,19156.11,8454.7,0.0,0.0
UNHCR_OGOJA_OFFICE_DG1_and_DG2_1692635460,2023-08-21T16:31:00,2023-08-21T16:32:00,1692635460,100.78,159.85,0.0,0.0,19156.11,8454.7,0.0,0.0
UNHCR_OGOJA_OFFICE_DG1_and_DG2_1692635520,2023-08-21T16:32:00,2023-08-21T16:33:00,1692635520,100.42,159.85,0.35999999999999943,0.0,19156.11,8454.7,0.0,0.0
UNHCR_OGOJA_OFFICE_DG1_and_DG2_1692635580,2023-08-21T16:33:00,2023-08-21T16:34:00,1692635580,100.42,159.85,0.0,0.0,19156.11,8454.7,0.0,0.0
UNHCR_OGOJA_OFFICE_DG1_and_DG2_1692635640,2023-08-21T16:34:00,2023-08-21T16:35:00,1692635640,100.42,159.85,0.0,0.0,19156.11,8454.7,0.0,0.0
UNHCR_OGOJA_OFFICE_DG1_and_DG2_1692635700,2023-08-21T16:35:00,2023-08-21T16:36:00,1692635700,100.42,159.85,0.0,0.0,19156.11,8454.7,0.0,0.0
UNHCR_OGOJA_OFFICE_DG1_and_DG2_1692635760,2023-08-21T16:36:00,2023-08-21T16:37:00,1692635760,100.06,159.85,0.35999999999999943,0.0,19156.11,8454.7,0.0,0.0
UNHCR_OGOJA_OFFICE_DG1_and_DG2_1692635820,2023-08-21T16:37:00,2023-08-21T16:38:00,1692635820,100.06,159.85,0.0,0.0,19156.11,8454.7,0.0,0.0
UNHCR_OGOJA_OFFICE_DG1_and_DG2_1692635880,2023-08-21T16:38:00,2023-08-21T16:39:00,1692635880,99.69,159.85,0.37000000000000455,0.0,19156.11,8454.7,0.0,0.0
UNHCR_OGOJA_OFFICE_DG1_and_DG2_1692635940,2023-08-21T16:39:00,2023-08-21T16:40:00,1692635940,99.33,159.85,0.35999999999999943,0.0,19156.11,8454.7,0.0,0.0
UNHCR_OGOJA_OFFICE_DG1_and_DG2_1692636000,2023-08-21T16:40:00,2023-08-21T16:41:00,1692636000,99.33,159.85,0.0,0.0,19156.11,8454.7,0.0,0.0
UNHCR_OGOJA_OFFICE_DG1_and_DG2_1692636060,2023-08-21T16:41:00,2023-08-21T16:42:00,1692636060,98.97,159.85,0.35999999999999943,0.0,19156.11,8454.7,0.0,0.0
UNHCR_OGOJA_OFFICE_DG1_and_DG2_1692636120,2023-08-21T16:42:00,2023-08-21T16:43:00,1692636120,98.97,159.85,0.0,0.0,19156.11,8454.7,0.0,0.0
UNHCR_OGOJA_OFFICE_DG1_and_DG2_1692636180,2023-08-21T16:43:00,2023-08-21T16:44:00,1692636180,98.97,159.85,0.0,0.0,19156.11,8454.7,0.0,0.0
UNHCR_OGOJA_OFFICE_DG1_and_DG2_1692636240,2023-08-21T16:44:00,2023-08-21T16:45:00,1692636240,98.97,159.85,0.0,0.0,19156.11,8454.7,0.0,0.0
UNHCR_OGOJA_OFFICE_DG1_and_DG2_1692636300,2023-08-21T16:45:00,2023-08-21T16:46:00,1692636300,98.6,159.85,0.37000000000000455,0.0,19156.11,8454.7,0.0,0.0
UNHCR_OGOJA_OFFICE_DG1_and_DG2_1692636360,2023-08-21T16:46:00,2023-08-21T16:47:00,1692636360,98.6,159.85,0.0,0.0,19156.11,8454.7,0.0,0.0
UNHCR_OGOJA_OFFICE_DG1_and_DG2_1692636420,2023-08-21T16:47:00,2023-08-21T16:48:00,1692636420,98.24,159.85,0.35999999999999943,0.0,19156.11,8454.7,0.0,0.0
UNHCR_OGOJA_OFFICE_DG1_and_DG2_1692636480,2023-08-21T16:48:00,2023-08-21T16:49:00,1692636480,97.88,159.85,0.35999999999999943,0.0,19156.11,8454.7,0.0,0.0
UNHCR_OGOJA_OFFICE_DG1_and_DG2_1692636540,2023-08-21T16:49:00,2023-08-21T16:50:00,1692636540,97.88,159.85,0.0,0.0,19156.11,8454.7,0.0,0.0
UNHCR_OGOJA_OFFICE_DG1_and_DG2_1692636600,2023-08-21T16:50:00,2023-08-21T16:51:00,1692636600,97.88,159.85,0.0,0.0,19156.11,8454.7,0.0,0.0
UNHCR_OGOJA_OFFICE_DG1_and_DG2_1692636660,2023-08-21T16:51:00,2023-08-21T16:52:00,1692636660,97.88,159.85,0.0,0.0,19156.11,8454.7,0.0,0.0
UNHCR_OGOJA_OFFICE_DG1_and_DG2_1692636720,2023-08-21T16:52:00,2023-08-21T16:53:00,1692636720,97.88,159.85,0.0,0.0,19156.11,8454.7,0.0,0.0
UNHCR_OGOJA_OFFICE_DG1_and_DG2_1692636780,2023-08-21T16:53:00,2023-08-21T16:54:00,1692636780,97.52,159.85,0.35999999999999943,0.0,19156.11,8454.7,0.0,0.0
UNHCR_OGOJA_OFFICE_DG1_and_DG2_1692636840,2023-08-21T16:54:00,2023-08-21T16:55:00,1692636840,97.15,159.85,0.36999999999999034,0.0,19156.11,8454.7,0.0,0.0
UNHCR_OGOJA_OFFICE_DG1_and_DG2_1692636900,2023-08-21T16:55:00,2023-08-21T16:56:00,1692636900,97.15,159.85,0.0,0.0,19156.11,8454.7,0.0,0.0
UNHCR_OGOJA_OFFICE_DG1_and_DG2_1692636960,2023-08-21T16:56:00,2023-08-21T16:57:00,1692636960,96.79,159.85,0.35999999999999943,0.0,19156.11,8454.7,0.0,0.0
UNHCR_OGOJA_OFFICE_DG1_and_DG2_1692637020,2023-08-21T16:57:00,2023-08-21T16:58:00,1692637020,96.43,159.85,0.35999999999999943,0.0,19156.11,8454.7,0.0,0.0
UNHCR_OGOJA_OFFICE_DG1_and_DG2_1692637080,2023-08-21T16:58:00,2023-08-21T16:59:00,1692637080,96.43,159.85,0.0,0.0,19156.11,8454.7,0.0,0.0
UNHCR_OGOJA_OFFICE_DG1_and_DG2_1692637140,2023-08-21T16:59:00,2023-08-21T17:00:00,1692637140,96.43,159.85,0.0,0.0,19156.11,8454.7,0.0,0.0
UNHCR_OGOJA_OFFICE_DG1_and_DG2_1692637200,2023-08-21T17:00:00,2023-08-21T17:01:00,1692637200,96.43,159.85,0.0,0.0,19156.11,8454.7,0.0,0.0
UNHCR_OGOJA_OFFICE_DG1_and_DG2_1692637260,2023-08-21T17:01:00,2023-08-21T17:02:00,1692637260,96.43,159.85,0.0,0.0,19156.11,8454.7,0.0,0.0
UNHCR_OGOJA_OFFICE_DG1_and_DG2_1692637320,2023-08-21T17:02:00,2023-08-21T17:03:00,1692637320,96.06,159.85,0.37000000000000455,0.0,19156.11,8454.7,0.0,0.0
UNHCR_OGOJA_OFFICE_DG1_and_DG2_1692637380,2023-08-21T17:03:00,2023-08-21T17:04:00,1692637380,96.06,159.85,0.0,0.0,19156.11,8454.7,0.0,0.0
UNHCR_OGOJA_OFFICE_DG1_and_DG2_1692637440,2023-08-21T17:04:00,2023-08-21T17:05:00,1692637440,96.06,159.85,0.0,0.0,19156.11,8454.7,0.0,0.0
UNHCR_OGOJA_OFFICE_DG1_and_DG2_1692637500,2023-08-21T17:05:00,2023-08-21T17:06:00,1692637500,96.06,159.85,0.0,0.0,19156.11,8454.7,0.0,0.0
UNHCR_OGOJA_OFFICE_DG1_and_DG2_1692637560,2023-08-21T17:06:00,2023-08-21T17:07:00,1692637560,95.7,159.85,0.35999999999999943,0.0,19156.11,8454.7,0.0,0.0
UNHCR_OGOJA_OFFICE_DG1_and_DG2_1692637620,2023-08-21T17:07:00,2023-08-21T17:08:00,1692637620,95.34,159.85,0.35999999999999943,0.0,19156.11,8454.7,0.0,0.0
UNHCR_OGOJA_OFFICE_DG1_and_DG2_1692637680,2023-08-21T17:08:00,2023-08-21T17:09:00,1692637680,94.98,159.85,0.35999999999999943,0.0,19156.11,8454.7,0.0,0.0
UNHCR_OGOJA_OFFICE_DG1_and_DG2_1692637740,2023-08-21T17:09:00,2023-08-21T17:10:00,1692637740,94.61,159.85,0.37000000000000455,0.0,19156.11,8454.7,0.0,0.0
UNHCR_OGOJA_OFFICE_DG1_and_DG2_1692637800,2023-08-21T17:10:00,2023-08-21T17:11:00,1692637800,94.61,159.85,0.0,0.0,19156.11,8454.7,0.0,0.0
UNHCR_OGOJA_OFFICE_DG1_and_DG2_1692637860,2023-08-21T17:11:00,2023-08-21T17:12:00,1692637860,94.61,159.85,0.0,0.0,19156.11,8454.7,0.0,0.0
UNHCR_OGOJA_OFFICE_DG1_and_DG2_1692637920,2023-08-21T17:12:00,2023-08-21T17:13:00,1692637920,94.61,159.85,0.0,0.0,19156.11,8454.7,0.0,0.0
UNHCR_OGOJA_OFFICE_DG1_and_DG2_1692637980,2023-08-21T17:13:00,2023-08-21T17:14:00,1692637980,94.61,159.85,0.0,0.0,19156.11,8454.7,0.0,0.0
UNHCR_OGOJA_OFFICE_DG1_and_DG2_1692638040,2023-08-21T17:14:00,2023-08-21T17:15:00,1692638040,94.61,159.85,0.0,0.0,19156.11,8454.7,0.0,0.0
UNHCR_OGOJA_OFFICE_DG1_and_DG2_1692638100,2023-08-21T17:15:00,2023-08-21T17:16:00,1692638100,94.61,159.85,0.0,0.0,19156.11,8454.7,0.0,0.0
UNHCR_OGOJA_OFFICE_DG1_and_DG2_1692638160,2023-08-21T17:16:00,2023-08-21T17:17:00,1692638160,94.25,159.85,0.35999999999999943,0.0,19156.11,8454.7,0.0,0.0
UNHCR_OGOJA_OFFICE_DG1_and_DG2_1692638220,2023-08-21T17:17:00,2023-08-21T17:18:00,1692638220,94.25,159.85,0.0,0.0,19156.11,8454.7,0.0,0.0
UNHCR_OGOJA_OFFICE_DG1_and_DG2_1692638280,2023-08-21T17:18:00,2023-08-21T17:19:00,1692638280,94.25,159.85,0.0,0.0,19156.11,8454.7,0.0,0.0
UNHCR_OGOJA_OFFICE_DG1_and_DG2_1692638340,2023-08-21T17:19:00,2023-08-21T17:20:00,1692638340,94.25,159.85,0.0,0.0,19156.11,8454.7,0.0,0.0
UNHCR_OGOJA_OFFICE_DG1_and_DG2_1692638400,2023-08-21T17:20:00,2023-08-21T17:21:00,1692638400,94.25,159.85,0.0,0.0,19156.11,8454.7,0.0,0.0
UNHCR_OGOJA_OFFICE_DG1_and_DG2_1692638460,2023-08-21T17:21:00,2023-08-21T17:22:00,1692638460,93.89,159.85,0.35999999999999943,0.0,19156.11,8454.7,0.0,0.0
UNHCR_OGOJA_OFFICE_DG1_and_DG2_1692638520,2023-08-21T17:22:00,2023-08-21T17:23:00,1692638520,93.52,159.85,0.37000000000000455,0.0,19156.11,8454.7,0.0,0.0
UNHCR_OGOJA_OFFICE_DG1_and_DG2_1692638580,2023-08-21T17:23:00,2023-08-21T17:24:00,1692638580,93.16,159.85,0.35999999999999943,0.0,19156.11,8454.7,0.0,0.0
UNHCR_OGOJA_OFFICE_DG1_and_DG2_1692638640,2023-08-21T17:24:00,2023-08-21T17:25:00,1692638640,93.16,159.85,0.0,0.0,19156.11,8454.7,0.0,0.0
UNHCR_OGOJA_OFFICE_DG1_and_DG2_1692638700,2023-08-21T17:25:00,2023-08-21T17:26:00,1692638700,93.16,159.85,0.0,0.0,19156.11,8454.7,0.0,0.0
UNHCR_OGOJA_OFFICE_DG1_and_DG2_1692638760,2023-08-21T17:26:00,2023-08-21T17:27:00,1692638760,93.16,159.85,0.0,0.0,19156.11,8454.7,0.0,0.0
UNHCR_OGOJA_OFFICE_DG1_and_DG2_1692638820,2023-08-21T17:27:00,2023-08-21T17:28:00,1692638820,93.16,159.85,0.0,0.0,19156.11,8454.7,0.0,0.0
UNHCR_OGOJA_OFFICE_DG1_and_DG2_1692638880,2023-08-21T17:28:00,2023-08-21T17:29:00,1692638880,93.16,159.85,0.0,0.0,19156.11,8454.7,0.0,0.0
UNHCR_OGOJA_OFFICE_DG1_and_DG2_1692638940,2023-08-21T17:29:00,2023-08-21T17:30:00,1692638940,93.16,159.85,0.0,0.0,19156.11,8454.7,0.0,0.0
UNHCR_OGOJA_OFFICE_DG1_and_DG2_1692639000,2023-08-21T17:30:00,2023-08-21T17:31:00,1692639000,93.16,159.85,0.0,0.0,19156.11,8454.7,0.0,0.0
UNHCR_OGOJA_OFFICE_DG1_and_DG2_1692639060,2023-08-21T17:31:00,2023-08-21T17:32:00,1692639060,93.16,159.85,0.0,0.0,19156.11,8454.7,0.0,0.0
UNHCR_OGOJA_OFFICE_DG1_and_DG2_1692639120,2023-08-21T17:32:00,2023-08-21T17:33:00,1692639120,92.8,159.85,0.35999999999999943,0.0,19156.11,8454.7,0.0,0.0
UNHCR_OGOJA_OFFICE_DG1_and_DG2_1692639180,2023-08-21T17:33:00,2023-08-21T17:34:00,1692639180,92.44,159.85,0.35999999999999943,0.0,19156.11,8454.7,0.0,0.0
UNHCR_OGOJA_OFFICE_DG1_and_DG2_1692639240,2023-08-21T17:34:00,2023-08-21T17:35:00,1692639240,92.44,159.85,0.0,0.0,19156.11,8454.7,0.0,0.0
UNHCR_OGOJA_OFFICE_DG1_and_DG2_1692639300,2023-08-21T17:35:00,2023-08-21T17:36:00,1692639300,92.07,159.85,0.37000000000000455,0.0,19156.11,8454.7,0.0,0.0
UNHCR_OGOJA_OFFICE_DG1_and_DG2_1692639360,2023-08-21T17:36:00,2023-08-21T17:37:00,1692639360,92.07,159.85,0.0,0.0,19156.11,8454.7,0.0,0.0
UNHCR_OGOJA_OFFICE_DG1_and_DG2_1692639420,2023-08-21T17:37:00,2023-08-21T17:38:00,1692639420,92.07,159.85,0.0,0.0,19156.11,8454.7,0.0,0.0
UNHCR_OGOJA_OFFICE_DG1_and_DG2_1692639480,2023-08-21T17:38:00,2023-08-21T17:39:00,1692639480,92.07,159.85,0.0,0.0,19156.11,8454.7,0.0,0.0
UNHCR_OGOJA_OFFICE_DG1_and_DG2_1692639540,2023-08-21T17:39:00,2023-08-21T17:40:00,1692639540,91.71,159.85,0.35999999999999943,0.0,19156.11,8454.7,0.0,0.0
UNHCR_OGOJA_OFFICE_DG1_and_DG2_1692639600,2023-08-21T17:40:00,2023-08-21T17:41:00,1692639600,91.35,159.85,0.35999999999999943,0.0,19156.11,8454.7,0.0,0.0
UNHCR_OGOJA_OFFICE_DG1_and_DG2_1692639660,2023-08-21T17:41:00,2023-08-21T17:42:00,1692639660,90.98,159.85,0.36999999999999034,0.0,19156.11,8454.7,0.0,0.0
UNHCR_OGOJA_OFFICE_DG1_and_DG2_1692639720,2023-08-21T17:42:00,2023-08-21T17:43:00,1692639720,90.62,159.85,0.35999999999999943,0.0,19156.11,8454.7,0.0,0.0
UNHCR_OGOJA_OFFICE_DG1_and_DG2_1692639780,2023-08-21T17:43:00,2023-08-21T17:44:00,1692639780,90.62,159.85,0.0,0.0,19156.11,8454.7,0.0,0.0
UNHCR_OGOJA_OFFICE_DG1_and_DG2_1692639840,2023-08-21T17:44:00,2023-08-21T17:45:00,1692639840,90.62,159.85,0.0,0.0,19156.11,8454.7,0.0,0.0
UNHCR_OGOJA_OFFICE_DG1_and_DG2_1692639900,2023-08-21T17:45:00,2023-08-21T17:46:00,1692639900,90.62,159.85,0.0,0.0,19156.11,8454.7,0.0,0.0
UNHCR_OGOJA_OFFICE_DG1_and_DG2_1692639960,2023-08-21T17:46:00,2023-08-21T17:47:00,1692639960,90.62,159.85,0.0,0.0,19156.11,8454.7,0.0,0.0
UNHCR_OGOJA_OFFICE_DG1_and_DG2_1692640020,2023-08-21T17:47:00,2023-08-21T17:48:00,1692640020,90.62,159.85,0.0,0.0,19156.11,8454.7,0.0,0.0
UNHCR_OGOJA_OFFICE_DG1_and_DG2_1692640080,2023-08-21T17:48:00,2023-08-21T17:49:00,1692640080,90.62,159.85,0.0,0.0,19156.11,8454.7,0.0,0.0
UNHCR_OGOJA_OFFICE_DG1_and_DG2_1692640140,2023-08-21T17:49:00,2023-08-21T17:50:00,1692640140,90.62,159.85,0.0,0.0,19156.11,8454.7,0.0,0.0
UNHCR_OGOJA_OFFICE_DG1_and_DG2_1692640200,2023-08-21T17:50:00,2023-08-21T17:51:00,1692640200,90.62,159.85,0.0,0.0,19156.11,8454.7,0.0,0.0
UNHCR_OGOJA_OFFICE_DG1_and_DG2_1692640260,2023-08-21T17:51:00,2023-08-21T17:52:00,1692640260,90.62,159.85,0.0,0.0,19156.11,8454.7,0.0,0.0
UNHCR_OGOJA_OFFICE_DG1_and_DG2_1692640320,2023-08-21T17:52:00,2023-08-21T17:53:00,1692640320,90.26,159.85,0.35999999999999943,0.0,19156.11,8454.7,0.0,0.0
UNHCR_OGOJA_OFFICE_DG1_and_DG2_1692640380,2023-08-21T17:53:00,2023-08-21T17:54:00,1692640380,90.26,159.85,0.0,0.0,19156.11,8454.7,0.0,0.0
UNHCR_OGOJA_OFFICE_DG1_and_DG2_1692640440,2023-08-21T17:54:00,2023-08-21T17:55:00,1692640440,90.26,159.85,0.0,0.0,19156.11,8454.7,0.0,0.0
UNHCR_OGOJA_OFFICE_DG1_and_DG2_1692640500,2023-08-21T17:55:00,2023-08-21T17:56:00,1692640500,90.26,159.85,0.0,0.0,19156.11,8454.7,0.0,0.0
UNHCR_OGOJA_OFFICE_DG1_and_DG2_1692640560,2023-08-21T17:56:00,2023-08-21T17:57:00,1692640560,89.9,159.85,0.35999999999999943,0.0,19156.11,8454.7,0.0,0.0
UNHCR_OGOJA_OFFICE_DG1_and_DG2_1692640620,2023-08-21T17:57:00,2023-08-21T17:58:00,1692640620,89.53,159.85,0.37000000000000455,0.0,19156.11,8454.7,0.0,0.0
UNHCR_OGOJA_OFFICE_DG1_and_DG2_1692640680,2023-08-21T17:58:00,2023-08-21T17:59:00,1692640680,89.53,159.85,0.0,0.0,19156.11,8454.7,0.0,0.0
UNHCR_OGOJA_OFFICE_DG1_and_DG2_1692640740,2023-08-21T17:59:00,2023-08-21T18:00:00,1692640740,89.53,159.85,0.0,0.0,19156.11,8454.7,0.0,0.0
UNHCR_OGOJA_OFFICE_DG1_and_DG2_1692640800,2023-08-21T18:00:00,2023-08-21T18:01:00,1692640800,89.53,159.85,0.0,0.0,19156.11,8454.7,0.0,0.0
UNHCR_OGOJA_OFFICE_DG1_and_DG2_1692640860,2023-08-21T18:01:00,2023-08-21T18:02:00,1692640860,89.53,159.85,0.0,0.0,19156.11,8454.7,0.0,0.0
UNHCR_OGOJA_OFFICE_DG1_and_DG2_1692640920,2023-08-21T18:02:00,2023-08-21T18:03:00,1692640920,89.53,159.85,0.0,0.0,19156.11,8454.7,0.0,0.0
UNHCR_OGOJA_OFFICE_DG1_and_DG2_1692640980,2023-08-21T18:03:00,2023-08-21T18:04:00,1692640980,89.53,159.85,0.0,0.0,19156.11,8454.7,0.0,0.0
UNHCR_OGOJA_OFFICE_DG1_and_DG2_1692641040,2023-08-21T18:04:00,2023-08-21T18:05:00,1692641040,89.53,159.85,0.0,0.0,19156.11,8454.7,0.0,0.0
UNHCR_OGOJA_OFFICE_DG1_and_DG2_1692641100,2023-08-21T18:05:00,2023-08-21T18:06:00,1692641100,89.17,159.85,0.35999999999999943,0.0,19156.11,8454.7,0.0,0.0
UNHCR_OGOJA_OFFICE_DG1_and_DG2_1692641160,2023-08-21T18:06:00,2023-08-21T18:07:00,1692641160,88.81,159.85,0.35999999999999943,0.0,19156.11,8454.7,0.0,0.0
UNHCR_OGOJA_OFFICE_DG1_and_DG2_1692641220,2023-08-21T18:07:00,2023-08-21T18:08:00,1692641220,88.81,159.85,0.0,0.0,19156.11,8454.7,0.0,0.0
UNHCR_OGOJA_OFFICE_DG1_and_DG2_1692641280,2023-08-21T18:08:00,2023-08-21T18:09:00,1692641280,88.81,159.85,0.0,0.0,19156.11,8454.7,0.0,0.0
UNHCR_OGOJA_OFFICE_DG1_and_DG2_1692641340,2023-08-21T18:09:00,2023-08-21T18:10:00,1692641340,88.44,159.85,0.37000000000000455,0.0,19156.11,8454.7,0.0,0.0
UNHCR_OGOJA_OFFICE_DG1_and_DG2_1692641400,2023-08-21T18:10:00,2023-08-21T18:11:00,1692641400,88.44,159.85,0.0,0.0,19156.11,8454.7,0.0,0.0
UNHCR_OGOJA_OFFICE_DG1_and_DG2_1692641460,2023-08-21T18:11:00,2023-08-21T18:12:00,1692641460,88.44,159.85,0.0,0.0,19156.11,8454.7,0.0,0.0
UNHCR_OGOJA_OFFICE_DG1_and_DG2_1692641520,2023-08-21T18:12:00,2023-08-21T18:13:00,1692641520,88.08,159.85,0.35999999999999943,0.0,19156.11,8454.7,0.0,0.0
UNHCR_OGOJA_OFFICE_DG1_and_DG2_1692641580,2023-08-21T18:13:00,2023-08-21T18:14:00,1692641580,88.08,159.85,0.0,0.0,19156.11,8454.7,0.0,0.0
UNHCR_OGOJA_OFFICE_DG1_and_DG2_1692641640,2023-08-21T18:14:00,2023-08-21T18:15:00,1692641640,88.08,159.85,0.0,0.0,19156.11,8454.7,0.0,0.0
UNHCR_OGOJA_OFFICE_DG1_and_DG2_1692641700,2023-08-21T18:15:00,2023-08-21T18:16:00,1692641700,88.08,159.85,0.0,0.0,19156.11,8454.7,0.0,0.0
UNHCR_OGOJA_OFFICE_DG1_and_DG2_1692641760,2023-08-21T18:16:00,2023-08-21T18:17:00,1692641760,88.08,159.85,0.0,0.0,19156.11,8454.7,0.0,0.0
UNHCR_OGOJA_OFFICE_DG1_and_DG2_1692641820,2023-08-21T18:17:00,2023-08-21T18:18:00,1692641820,88.08,159.85,0.0,0.0,19156.11,8454.7,0.0,0.0
UNHCR_OGOJA_OFFICE_DG1_and_DG2_1692641880,2023-08-21T18:18:00,2023-08-21T18:19:00,1692641880,87.72,159.85,0.35999999999999943,0.0,19156.11,8454.7,0.0,0.0
UNHCR_OGOJA_OFFICE_DG1_and_DG2_1692641940,2023-08-21T18:19:00,2023-08-21T18:20:00,1692641940,87.35,159.85,0.37000000000000455,0.0,19156.11,8454.7,0.0,0.0
UNHCR_OGOJA_OFFICE_DG1_and_DG2_1692642000,2023-08-21T18:20:00,2023-08-21T18:21:00,1692642000,86.99,159.85,0.35999999999999943,0.0,19156.11,8454.7,0.0,0.0
UNHCR_OGOJA_OFFICE_DG1_and_DG2_1692642060,2023-08-21T18:21:00,2023-08-21T18:22:00,1692642060,86.99,159.85,0.0,0.0,19156.11,8454.7,0.0,0.0
UNHCR_OGOJA_OFFICE_DG1_and_DG2_1692642120,2023-08-21T18:22:00,2023-08-21T18:23:00,1692642120,86.99,159.85,0.0,0.0,19156.11,8454.7,0.0,0.0
UNHCR_OGOJA_OFFICE_DG1_and_DG2_1692642180,2023-08-21T18:23:00,2023-08-21T18:24:00,1692642180,86.99,159.85,0.0,0.0,19156.11,8454.7,0.0,0.0
UNHCR_OGOJA_OFFICE_DG1_and_DG2_1692642240,2023-08-21T18:24:00,2023-08-21T18:25:00,1692642240,86.99,159.85,0.0,0.0,19156.11,8454.7,0.0,0.0
UNHCR_OGOJA_OFFICE_DG1_and_DG2_1692642300,2023-08-21T18:25:00,2023-08-21T18:26:00,1692642300,86.99,159.85,0.0,0.0,19156.11,8454.7,0.0,0.0
UNHCR_OGOJA_OFFICE_DG1_and_DG2_1692642360,2023-08-21T18:26:00,2023-08-21T18:27:00,1692642360,86.99,159.85,0.0,0.0,19156.11,8454.7,0.0,0.0
UNHCR_OGOJA_OFFICE_DG1_and_DG2_1692642420,2023-08-21T18:27:00,2023-08-21T18:28:00,1692642420,86.99,159.85,0.0,0.0,19156.11,8454.7,0.0,0.0
UNHCR_OGOJA_OFFICE_DG1_and_DG2_1692642480,2023-08-21T18:28:00,2023-08-21T18:29:00,1692642480,86.99,159.85,0.0,0.0,19156.11,8454.7,0.0,0.0
UNHCR_OGOJA_OFFICE_DG1_and_DG2_1692642540,2023-08-21T18:29:00,2023-08-21T18:30:00,1692642540,86.99,159.85,0.0,0.0,19156.11,8454.7,0.0,0.0
UNHCR_OGOJA_OFFICE_DG1_and_DG2_1692642600,2023-08-21T18:30:00,2023-08-21T18:31:00,1692642600,86.99,159.85,0.0,0.0,19156.11,8454.7,0.0,0.0
UNHCR_OGOJA_OFFICE_DG1_and_DG2_1692642660,2023-08-21T18:31:00,2023-08-21T18:32:00,1692642660,86.63,159.85,0.35999999999999943,0.0,19156.11,8454.7,0.0,0.0
UNHCR_OGOJA_OFFICE_DG1_and_DG2_1692642720,2023-08-21T18:32:00,2023-08-21T18:33:00,1692642720,86.63,159.85,0.0,0.0,19156.11,8454.7,0.0,0.0
UNHCR_OGOJA_OFFICE_DG1_and_DG2_1692642780,2023-08-21T18:33:00,2023-08-21T18:34:00,1692642780,86.27,159.85,0.35999999999999943,0.0,19156.11,8454.7,0.0,0.0
UNHCR_OGOJA_OFFICE_DG1_and_DG2_1692642840,2023-08-21T18:34:00,2023-08-21T18:35:00,1692642840,86.27,159.85,0.0,0.0,19156.11,8454.7,0.0,0.0
UNHCR_OGOJA_OFFICE_DG1_and_DG2_1692642900,2023-08-21T18:35:00,2023-08-21T18:36:00,1692642900,86.27,159.85,0.0,0.0,19156.11,8454.7,0.0,0.0
UNHCR_OGOJA_OFFICE_DG1_and_DG2_1692642960,2023-08-21T18:36:00,2023-08-21T18:37:00,1692642960,85.9,159.85,0.36999999999999034,0.0,19156.11,8454.7,0.0,0.0
UNHCR_OGOJA_OFFICE_DG1_and_DG2_1692643020,2023-08-21T18:37:00,2023-08-21T18:38:00,1692643020,85.9,159.85,0.0,0.0,19156.11,8454.7,0.0,0.0
UNHCR_OGOJA_OFFICE_DG1_and_DG2_1692643080,2023-08-21T18:38:00,2023-08-21T18:39:00,1692643080,85.9,159.85,0.0,0.0,19156.11,8454.7,0.0,0.0
UNHCR_OGOJA_OFFICE_DG1_and_DG2_1692643140,2023-08-21T18:39:00,2023-08-21T18:40:00,1692643140,85.9,159.85,0.0,0.0,19156.11,8454.7,0.0,0.0
UNHCR_OGOJA_OFFICE_DG1_and_DG2_1692643200,2023-08-21T18:40:00,2023-08-21T18:41:00,1692643200,85.9,159.85,0.0,0.0,19156.11,8454.7,0.0,0.0
UNHCR_OGOJA_OFFICE_DG1_and_DG2_1692643260,2023-08-21T18:41:00,2023-08-21T18:42:00,1692643260,85.9,159.85,0.0,0.0,19156.11,8454.7,0.0,0.0
UNHCR_OGOJA_OFFICE_DG1_and_DG2_1692643320,2023-08-21T18:42:00,2023-08-21T18:43:00,1692643320,85.9,159.85,0.0,0.0,19156.11,8454.7,0.0,0.0
UNHCR_OGOJA_OFFICE_DG1_and_DG2_1692643380,2023-08-21T18:43:00,2023-08-21T18:44:00,1692643380,85.54,159.85,0.35999999999999943,0.0,19156.11,8454.7,0.0,0.0
UNHCR_OGOJA_OFFICE_DG1_and_DG2_1692643440,2023-08-21T18:44:00,2023-08-21T18:45:00,1692643440,85.18,159.85,0.35999999999999943,0.0,19156.11,8454.7,0.0,0.0
UNHCR_OGOJA_OFFICE_DG1_and_DG2_1692643500,2023-08-21T18:45:00,2023-08-21T18:46:00,1692643500,84.81,159.85,0.37000000000000455,0.0,19156.11,8454.7,0.0,0.0
UNHCR_OGOJA_OFFICE_DG1_and_DG2_1692643560,2023-08-21T18:46:00,2023-08-21T18:47:00,1692643560,84.45,159.85,0.35999999999999943,0.0,19156.11,8454.7,0.0,0.0
UNHCR_OGOJA_OFFICE_DG1_and_DG2_1692643620,2023-08-21T18:47:00,2023-08-21T18:48:00,1692643620,84.45,159.85,0.0,0.0,19156.11,8454.7,0.0,0.0
UNHCR_OGOJA_OFFICE_DG1_and_DG2_1692643680,2023-08-21T18:48:00,2023-08-21T18:49:00,1692643680,84.45,159.85,0.0,0.0,19156.11,8454.7,0.0,0.0
UNHCR_OGOJA_OFFICE_DG1_and_DG2_1692643740,2023-08-21T18:49:00,2023-08-21T18:50:00,1692643740,84.45,159.85,0.0,0.0,19156.11,8454.7,0.0,0.0
UNHCR_OGOJA_OFFICE_DG1_and_DG2_1692643800,2023-08-21T18:50:00,2023-08-21T18:51:00,1692643800,84.45,159.85,0.0,0.0,19156.11,8454.7,0.0,0.0
UNHCR_OGOJA_OFFICE_DG1_and_DG2_1692643860,2023-08-21T18:51:00,2023-08-21T18:52:00,1692643860,84.45,159.85,0.0,0.0,19156.11,8454.7,0.0,0.0
UNHCR_OGOJA_OFFICE_DG1_and_DG2_1692643920,2023-08-21T18:52:00,2023-08-21T18:53:00,1692643920,84.45,159.85,0.0,0.0,19156.11,8454.7,0.0,0.0
UNHCR_OGOJA_OFFICE_DG1_and_DG2_1692643980,2023-08-21T18:53:00,2023-08-21T18:54:00,1692643980,84.45,159.85,0.0,0.0,19156.11,8454.7,0.0,0.0
UNHCR_OGOJA_OFFICE_DG1_and_DG2_1692644040,2023-08-21T18:54:00,2023-08-21T18:55:00,1692644040,84.45,159.85,0.0,0.0,19156.11,8454.7,0.0,0.0
UNHCR_OGOJA_OFFICE_DG1_and_DG2_1692644100,2023-08-21T18:55:00,2023-08-21T18:56:00,1692644100,84.45,159.85,0.0,0.0,19156.11,8454.7,0.0,0.0
UNHCR_OGOJA_OFFICE_DG1_and_DG2_1692644160,2023-08-21T18:56:00,2023-08-21T18:57:00,1692644160,84.09,159.85,0.35999999999999943,0.0,19156.11,8454.7,0.0,0.0
UNHCR_OGOJA_OFFICE_DG1_and_DG2_1692644220,2023-08-21T18:57:00,2023-08-21T18:58:00,1692644220,84.09,159.85,0.0,0.0,19156.11,8454.7,0.0,0.0
UNHCR_OGOJA_OFFICE_DG1_and_DG2_1692644280,2023-08-21T18:58:00,2023-08-21T18:59:00,1692644280,83.73,159.85,0.35999999999999943,0.0,19156.11,8454.7,0.0,0.0
UNHCR_OGOJA_OFFICE_DG1_and_DG2_1692644340,2023-08-21T18:59:00,2023-08-21T19:00:00,1692644340,83.36,159.85,0.37000000000000455,0.0,19156.11,8454.7,0.0,0.0
UNHCR_OGOJA_OFFICE_DG1_and_DG2_1692644400,2023-08-21T19:00:00,2023-08-21T19:01:00,1692644400,83.36,159.85,0.0,0.0,19156.11,8454.7,0.0,0.0
UNHCR_OGOJA_OFFICE_DG1_and_DG2_1692644460,2023-08-21T19:01:00,2023-08-21T19:02:00,1692644460,83.36,159.85,0.0,0.0,19156.11,8454.7,0.0,0.0
UNHCR_OGOJA_OFFICE_DG1_and_DG2_1692644520,2023-08-21T19:02:00,2023-08-21T19:03:00,1692644520,83.36,159.85,0.0,0.0,19156.11,8454.7,0.0,0.0
UNHCR_OGOJA_OFFICE_DG1_and_DG2_1692644580,2023-08-21T19:03:00,2023-08-21T19:04:00,1692644580,83.36,159.85,0.0,0.0,19156.11,8454.7,0.0,0.0
UNHCR_OGOJA_OFFICE_DG1_and_DG2_1692644640,2023-08-21T19:04:00,2023-08-21T19:05:00,1692644640,83.36,159.85,0.0,0.0,19156.11,8454.7,0.0,0.0
UNHCR_OGOJA_OFFICE_DG1_and_DG2_1692644700,2023-08-21T19:05:00,2023-08-21T19:06:00,1692644700,83.36,159.85,0.0,0.0,19156.11,8454.7,0.0,0.0
UNHCR_OGOJA_OFFICE_DG1_and_DG2_1692644760,2023-08-21T19:06:00,2023-08-21T19:07:00,1692644760,83.36,159.85,0.0,0.0,19156.11,8454.7,0.0,0.0
UNHCR_OGOJA_OFFICE_DG1_and_DG2_1692644820,2023-08-21T19:07:00,2023-08-21T19:08:00,1692644820,83.0,159.85,0.35999999999999943,0.0,19156.11,8454.7,0.0,0.0
UNHCR_OGOJA_OFFICE_DG1_and_DG2_1692644880,2023-08-21T19:08:00,2023-08-21T19:09:00,1692644880,83.0,159.85,0.0,0.0,19156.11,8454.7,0.0,0.0
UNHCR_OGOJA_OFFICE_DG1_and_DG2_1692644940,2023-08-21T19:09:00,2023-08-21T19:10:00,1692644940,83.0,159.85,0.0,0.0,19156.11,8454.7,0.0,0.0
UNHCR_OGOJA_OFFICE_DG1_and_DG2_1692645000,2023-08-21T19:10:00,2023-08-21T19:11:00,1692645000,83.0,159.85,0.0,0.0,19156.11,8454.7,0.0,0.0
UNHCR_OGOJA_OFFICE_DG1_and_DG2_1692645060,2023-08-21T19:11:00,2023-08-21T19:12:00,1692645060,83.0,159.85,0.0,0.0,19156.11,8454.7,0.0,0.0
UNHCR_OGOJA_OFFICE_DG1_and_DG2_1692645120,2023-08-21T19:12:00,2023-08-21T19:13:00,1692645120,83.0,159.85,0.0,0.0,19156.11,8454.7,0.0,0.0
UNHCR_OGOJA_OFFICE_DG1_and_DG2_1692645180,2023-08-21T19:13:00,2023-08-21T19:14:00,1692645180,83.0,159.85,0.0,0.0,19156.11,8454.7,0.0,0.0
UNHCR_OGOJA_OFFICE_DG1_and_DG2_1692645240,2023-08-21T19:14:00,2023-08-21T19:15:00,1692645240,83.0,159.85,0.0,0.0,19156.11,8454.7,0.0,0.0
UNHCR_OGOJA_OFFICE_DG1_and_DG2_1692645300,2023-08-21T19:15:00,2023-08-21T19:16:00,1692645300,83.0,159.85,0.0,0.0,19156.11,8454.7,0.0,0.0
UNHCR_OGOJA_OFFICE_DG1_and_DG2_1692645360,2023-08-21T19:16:00,2023-08-21T19:17:00,1692645360,83.0,159.85,0.0,0.0,19156.11,8454.7,0.0,0.0
UNHCR_OGOJA_OFFICE_DG1_and_DG2_1692645420,2023-08-21T19:17:00,2023-08-21T19:18:00,1692645420,83.0,159.85,0.0,0.0,19156.11,8454.7,0.0,0.0
UNHCR_OGOJA_OFFICE_DG1_and_DG2_1692645480,2023-08-21T19:18:00,2023-08-21T19:19:00,1692645480,83.0,159.85,0.0,0.0,19156.11,8454.7,0.0,0.0
UNHCR_OGOJA_OFFICE_DG1_and_DG2_1692645540,2023-08-21T19:19:00,2023-08-21T19:20:00,1692645540,83.0,159.85,0.0,0.0,19156.11,8454.7,0.0,0.0
UNHCR_OGOJA_OFFICE_DG1_and_DG2_1692645600,2023-08-21T19:20:00,2023-08-21T19:21:00,1692645600,83.0,159.85,0.0,0.0,19156.11,8454.7,0.0,0.0
UNHCR_OGOJA_OFFICE_DG1_and_DG2_1692645660,2023-08-21T19:21:00,2023-08-21T19:22:00,1692645660,83.0,159.85,0.0,0.0,19156.11,8454.7,0.0,0.0
UNHCR_OGOJA_OFFICE_DG1_and_DG2_1692645720,2023-08-21T19:22:00,2023-08-21T19:23:00,1692645720,83.0,159.85,0.0,0.0,19156.11,8454.7,0.0,0.0
UNHCR_OGOJA_OFFICE_DG1_and_DG2_1692645780,2023-08-21T19:23:00,2023-08-21T19:24:00,1692645780,83.0,159.85,0.0,0.0,19156.11,8454.7,0.0,0.0
UNHCR_OGOJA_OFFICE_DG1_and_DG2_1692645840,2023-08-21T19:24:00,2023-08-21T19:25:00,1692645840,83.0,159.85,0.0,0.0,19156.11,8454.7,0.0,0.0
UNHCR_OGOJA_OFFICE_DG1_and_DG2_1692645900,2023-08-21T19:25:00,2023-08-21T19:26:00,1692645900,83.0,159.85,0.0,0.0,19156.11,8454.7,0.0,0.0
UNHCR_OGOJA_OFFICE_DG1_and_DG2_1692645960,2023-08-21T19:26:00,2023-08-21T19:27:00,1692645960,83.0,159.85,0.0,0.0,19156.11,8454.7,0.0,0.0
UNHCR_OGOJA_OFFICE_DG1_and_DG2_1692646020,2023-08-21T19:27:00,2023-08-21T19:28:00,1692646020,83.0,159.85,0.0,0.0,19156.11,8454.7,0.0,0.0
UNHCR_OGOJA_OFFICE_DG1_and_DG2_1692646080,2023-08-21T19:28:00,2023-08-21T19:29:00,1692646080,83.0,159.85,0.0,0.0,19156.11,8454.7,0.0,0.0
UNHCR_OGOJA_OFFICE_DG1_and_DG2_1692646140,2023-08-21T19:29:00,2023-08-21T19:30:00,1692646140,83.0,159.85,0.0,0.0,19156.11,8454.7,0.0,0.0
UNHCR_OGOJA_OFFICE_DG1_and_DG2_1692646200,2023-08-21T19:30:00,2023-08-21T19:31:00,1692646200,83.0,159.85,0.0,0.0,19156.11,8454.7,0.0,0.0
UNHCR_OGOJA_OFFICE_DG1_and_DG2_1692646260,2023-08-21T19:31:00,2023-08-21T19:32:00,1692646260,83.0,159.85,0.0,0.0,19156.11,8454.7,0.0,0.0
UNHCR_OGOJA_OFFICE_DG1_and_DG2_1692646320,2023-08-21T19:32:00,2023-08-21T19:33:00,1692646320,83.0,159.85,0.0,0.0,19156.11,8454.7,0.0,0.0
UNHCR_OGOJA_OFFICE_DG1_and_DG2_1692646380,2023-08-21T19:33:00,2023-08-21T19:34:00,1692646380,83.0,159.85,0.0,0.0,19156.11,8454.7,0.0,0.0
UNHCR_OGOJA_OFFICE_DG1_and_DG2_1692646440,2023-08-21T19:34:00,2023-08-21T19:35:00,1692646440,83.0,159.85,0.0,0.0,19156.11,8454.7,0.0,0.0
UNHCR_OGOJA_OFFICE_DG1_and_DG2_1692646500,2023-08-21T19:35:00,2023-08-21T19:36:00,1692646500,83.0,159.85,0.0,0.0,19156.11,8454.7,0.0,0.0
UNHCR_OGOJA_OFFICE_DG1_and_DG2_1692646560,2023-08-21T19:36:00,2023-08-21T19:37:00,1692646560,83.0,159.85,0.0,0.0,19156.11,8454.7,0.0,0.0
UNHCR_OGOJA_OFFICE_DG1_and_DG2_1692646620,2023-08-21T19:37:00,2023-08-21T19:38:00,1692646620,83.0,159.85,0.0,0.0,19156.11,8454.7,0.0,0.0
UNHCR_OGOJA_OFFICE_DG1_and_DG2_1692646680,2023-08-21T19:38:00,2023-08-21T19:39:00,1692646680,83.0,159.85,0.0,0.0,19156.11,8454.7,0.0,0.0
UNHCR_OGOJA_OFFICE_DG1_and_DG2_1692646740,2023-08-21T19:39:00,2023-08-21T19:40:00,1692646740,83.0,159.85,0.0,0.0,19156.11,8454.7,0.0,0.0
UNHCR_OGOJA_OFFICE_DG1_and_DG2_1692646800,2023-08-21T19:40:00,2023-08-21T19:41:00,1692646800,83.0,159.85,0.0,0.0,19156.11,8454.7,0.0,0.0
UNHCR_OGOJA_OFFICE_DG1_and_DG2_1692646860,2023-08-21T19:41:00,2023-08-21T19:42:00,1692646860,83.0,159.85,0.0,0.0,19156.11,8454.7,0.0,0.0
UNHCR_OGOJA_OFFICE_DG1_and_DG2_1692646920,2023-08-21T19:42:00,2023-08-21T19:43:00,1692646920,83.0,159.85,0.0,0.0,19156.11,8454.7,0.0,0.0
UNHCR_OGOJA_OFFICE_DG1_and_DG2_1692646980,2023-08-21T19:43:00,2023-08-21T19:44:00,1692646980,83.0,159.85,0.0,0.0,19156.11,8454.7,0.0,0.0
UNHCR_OGOJA_OFFICE_DG1_and_DG2_1692647040,2023-08-21T19:44:00,2023-08-21T19:45:00,1692647040,83.0,159.85,0.0,0.0,19156.11,8454.7,0.0,0.0
UNHCR_OGOJA_OFFICE_DG1_and_DG2_1692647100,2023-08-21T19:45:00,2023-08-21T19:46:00,1692647100,83.0,159.85,0.0,0.0,19156.11,8454.7,0.0,0.0
UNHCR_OGOJA_OFFICE_DG1_and_DG2_1692647160,2023-08-21T19:46:00,2023-08-21T19:47:00,1692647160,83.0,159.85,0.0,0.0,19156.11,8454.7,0.0,0.0
UNHCR_OGOJA_OFFICE_DG1_and_DG2_1692647220,2023-08-21T19:47:00,2023-08-21T19:48:00,1692647220,83.0,159.85,0.0,0.0,19156.11,8454.7,0.0,0.0
UNHCR_OGOJA_OFFICE_DG1_and_DG2_1692647280,2023-08-21T19:48:00,2023-08-21T19:49:00,1692647280,83.0,159.85,0.0,0.0,19156.11,8454.7,0.0,0.0
UNHCR_OGOJA_OFFICE_DG1_and_DG2_1692647340,2023-08-21T19:49:00,2023-08-21T19:50:00,1692647340,83.0,159.85,0.0,0.0,19156.11,8454.7,0.0,0.0
UNHCR_OGOJA_OFFICE_DG1_and_DG2_1692647400,2023-08-21T19:50:00,2023-08-21T19:51:00,1692647400,83.0,159.85,0.0,0.0,19156.11,8454.7,0.0,0.0
UNHCR_OGOJA_OFFICE_DG1_and_DG2_1692647460,2023-08-21T19:51:00,2023-08-21T19:52:00,1692647460,83.0,159.85,0.0,0.0,19156.11,8454.7,0.0,0.0
UNHCR_OGOJA_OFFICE_DG1_and_DG2_1692647520,2023-08-21T19:52:00,2023-08-21T19:53:00,1692647520,83.0,159.85,0.0,0.0,19156.11,8454.7,0.0,0.0
UNHCR_OGOJA_OFFICE_DG1_and_DG2_1692647580,2023-08-21T19:53:00,2023-08-21T19:54:00,1692647580,83.0,159.85,0.0,0.0,19156.11,8454.7,0.0,0.0
UNHCR_OGOJA_OFFICE_DG1_and_DG2_1692647640,2023-08-21T19:54:00,2023-08-21T19:55:00,1692647640,83.0,159.85,0.0,0.0,19156.11,8454.7,0.0,0.0
UNHCR_OGOJA_OFFICE_DG1_and_DG2_1692647700,2023-08-21T19:55:00,2023-08-21T19:56:00,1692647700,83.0,159.85,0.0,0.0,19156.11,8454.7,0.0,0.0
UNHCR_OGOJA_OFFICE_DG1_and_DG2_1692647760,2023-08-21T19:56:00,2023-08-21T19:57:00,1692647760,83.0,159.85,0.0,0.0,19156.11,8454.7,0.0,0.0
UNHCR_OGOJA_OFFICE_DG1_and_DG2_1692647820,2023-08-21T19:57:00,2023-08-21T19:58:00,1692647820,83.0,159.85,0.0,0.0,19156.11,8454.7,0.0,0.0
UNHCR_OGOJA_OFFICE_DG1_and_DG2_1692647880,2023-08-21T19:58:00,2023-08-21T19:59:00,1692647880,83.0,159.85,0.0,0.0,19156.11,8454.7,0.0,0.0
UNHCR_OGOJA_OFFICE_DG1_and_DG2_1692647940,2023-08-21T19:59:00,2023-08-21T20:00:00,1692647940,83.0,159.85,0.0,0.0,19156.11,8454.7,0.0,0.0
UNHCR_OGOJA_OFFICE_DG1_and_DG2_1692648000,2023-08-21T20:00:00,2023-08-21T20:01:00,1692648000,83.0,159.85,0.0,0.0,19156.11,8454.7,0.0,0.0
UNHCR_OGOJA_OFFICE_DG1_and_DG2_1692648060,2023-08-21T20:01:00,2023-08-21T20:02:00,1692648060,83.0,159.85,0.0,0.0,19156.11,8454.7,0.0,0.0
UNHCR_OGOJA_OFFICE_DG1_and_DG2_1692648120,2023-08-21T20:02:00,2023-08-21T20:03:00,1692648120,83.0,159.85,0.0,0.0,19156.11,8454.7,0.0,0.0
UNHCR_OGOJA_OFFICE_DG1_and_DG2_1692648180,2023-08-21T20:03:00,2023-08-21T20:04:00,1692648180,83.0,159.85,0.0,0.0,19156.11,8454.7,0.0,0.0
UNHCR_OGOJA_OFFICE_DG1_and_DG2_1692648240,2023-08-21T20:04:00,2023-08-21T20:05:00,1692648240,83.0,159.85,0.0,0.0,19156.11,8454.7,0.0,0.0
UNHCR_OGOJA_OFFICE_DG1_and_DG2_1692648300,2023-08-21T20:05:00,2023-08-21T20:06:00,1692648300,83.0,159.85,0.0,0.0,19156.11,8454.7,0.0,0.0
UNHCR_OGOJA_OFFICE_DG1_and_DG2_1692648360,2023-08-21T20:06:00,2023-08-21T20:07:00,1692648360,83.0,159.85,0.0,0.0,19156.11,8454.7,0.0,0.0
UNHCR_OGOJA_OFFICE_DG1_and_DG2_1692648420,2023-08-21T20:07:00,2023-08-21T20:08:00,1692648420,83.0,159.85,0.0,0.0,19156.11,8454.7,0.0,0.0
UNHCR_OGOJA_OFFICE_DG1_and_DG2_1692648480,2023-08-21T20:08:00,2023-08-21T20:09:00,1692648480,83.0,159.85,0.0,0.0,19156.11,8454.7,0.0,0.0
UNHCR_OGOJA_OFFICE_DG1_and_DG2_1692648540,2023-08-21T20:09:00,2023-08-21T20:10:00,1692648540,83.0,159.85,0.0,0.0,19156.11,8454.7,0.0,0.0
UNHCR_OGOJA_OFFICE_DG1_and_DG2_1692648600,2023-08-21T20:10:00,2023-08-21T20:11:00,1692648600,83.0,159.85,0.0,0.0,19156.11,8454.7,0.0,0.0
UNHCR_OGOJA_OFFICE_DG1_and_DG2_1692648660,2023-08-21T20:11:00,2023-08-21T20:12:00,1692648660,83.0,159.85,0.0,0.0,19156.11,8454.7,0.0,0.0
UNHCR_OGOJA_OFFICE_DG1_and_DG2_1692648720,2023-08-21T20:12:00,2023-08-21T20:13:00,1692648720,83.0,159.85,0.0,0.0,19156.11,8454.7,0.0,0.0
UNHCR_OGOJA_OFFICE_DG1_and_DG2_1692648780,2023-08-21T20:13:00,2023-08-21T20:14:00,1692648780,83.0,159.85,0.0,0.0,19156.11,8454.7,0.0,0.0
UNHCR_OGOJA_OFFICE_DG1_and_DG2_1692648840,2023-08-21T20:14:00,2023-08-21T20:15:00,1692648840,83.0,159.85,0.0,0.0,19156.11,8454.7,0.0,0.0
UNHCR_OGOJA_OFFICE_DG1_and_DG2_1692648900,2023-08-21T20:15:00,2023-08-21T20:16:00,1692648900,83.0,159.85,0.0,0.0,19156.11,8454.7,0.0,0.0
UNHCR_OGOJA_OFFICE_DG1_and_DG2_1692648960,2023-08-21T20:16:00,2023-08-21T20:17:00,1692648960,83.0,159.85,0.0,0.0,19156.11,8454.7,0.0,0.0
UNHCR_OGOJA_OFFICE_DG1_and_DG2_1692649020,2023-08-21T20:17:00,2023-08-21T20:18:00,1692649020,83.0,159.85,0.0,0.0,19156.11,8454.7,0.0,0.0
UNHCR_OGOJA_OFFICE_DG1_and_DG2_1692649080,2023-08-21T20:18:00,2023-08-21T20:19:00,1692649080,83.0,159.85,0.0,0.0,19156.11,8454.7,0.0,0.0
UNHCR_OGOJA_OFFICE_DG1_and_DG2_1692649140,2023-08-21T20:19:00,2023-08-21T20:20:00,1692649140,83.0,159.85,0.0,0.0,19156.11,8454.7,0.0,0.0
UNHCR_OGOJA_OFFICE_DG1_and_DG2_1692649200,2023-08-21T20:20:00,2023-08-21T20:21:00,1692649200,83.0,159.85,0.0,0.0,19156.11,8454.7,0.0,0.0
UNHCR_OGOJA_OFFICE_DG1_and_DG2_1692649260,2023-08-21T20:21:00,2023-08-21T20:22:00,1692649260,83.0,159.85,0.0,0.0,19156.11,8454.7,0.0,0.0
UNHCR_OGOJA_OFFICE_DG1_and_DG2_1692649320,2023-08-21T20:22:00,2023-08-21T20:23:00,1692649320,83.0,159.85,0.0,0.0,19156.11,8454.7,0.0,0.0
UNHCR_OGOJA_OFFICE_DG1_and_DG2_1692649380,2023-08-21T20:23:00,2023-08-21T20:24:00,1692649380,83.0,159.85,0.0,0.0,19156.11,8454.7,0.0,0.0
UNHCR_OGOJA_OFFICE_DG1_and_DG2_1692649440,2023-08-21T20:24:00,2023-08-21T20:25:00,1692649440,83.0,159.85,0.0,0.0,19156.11,8454.7,0.0,0.0
UNHCR_OGOJA_OFFICE_DG1_and_DG2_1692649500,2023-08-21T20:25:00,2023-08-21T20:26:00,1692649500,83.0,159.85,0.0,0.0,19156.11,8454.7,0.0,0.0
UNHCR_OGOJA_OFFICE_DG1_and_DG2_1692649560,2023-08-21T20:26:00,2023-08-21T20:27:00,1692649560,83.0,159.85,0.0,0.0,19156.11,8454.7,0.0,0.0
UNHCR_OGOJA_OFFICE_DG1_and_DG2_1692649620,2023-08-21T20:27:00,2023-08-21T20:28:00,1692649620,83.0,159.85,0.0,0.0,19156.11,8454.7,0.0,0.0
UNHCR_OGOJA_OFFICE_DG1_and_DG2_1692649680,2023-08-21T20:28:00,2023-08-21T20:29:00,1692649680,83.0,159.85,0.0,0.0,19156.11,8454.7,0.0,0.0
UNHCR_OGOJA_OFFICE_DG1_and_DG2_1692649740,2023-08-21T20:29:00,2023-08-21T20:30:00,1692649740,83.0,159.85,0.0,0.0,19156.11,8454.7,0.0,0.0
UNHCR_OGOJA_OFFICE_DG1_and_DG2_1692649800,2023-08-21T20:30:00,2023-08-21T20:31:00,1692649800,83.0,159.85,0.0,0.0,19156.11,8454.7,0.0,0.0
UNHCR_OGOJA_OFFICE_DG1_and_DG2_1692649860,2023-08-21T20:31:00,2023-08-21T20:32:00,1692649860,83.0,159.85,0.0,0.0,19156.11,8454.7,0.0,0.0
UNHCR_OGOJA_OFFICE_DG1_and_DG2_1692649920,2023-08-21T20:32:00,2023-08-21T20:33:00,1692649920,83.0,159.85,0.0,0.0,19156.11,8454.7,0.0,0.0
UNHCR_OGOJA_OFFICE_DG1_and_DG2_1692649980,2023-08-21T20:33:00,2023-08-21T20:34:00,1692649980,83.0,159.85,0.0,0.0,19156.11,8454.7,0.0,0.0
UNHCR_OGOJA_OFFICE_DG1_and_DG2_1692650040,2023-08-21T20:34:00,2023-08-21T20:35:00,1692650040,83.0,159.85,0.0,0.0,19156.11,8454.7,0.0,0.0
UNHCR_OGOJA_OFFICE_DG1_and_DG2_1692650100,2023-08-21T20:35:00,2023-08-21T20:36:00,1692650100,83.0,159.85,0.0,0.0,19156.11,8454.7,0.0,0.0
UNHCR_OGOJA_OFFICE_DG1_and_DG2_1692650160,2023-08-21T20:36:00,2023-08-21T20:37:00,1692650160,83.0,159.85,0.0,0.0,19156.11,8454.7,0.0,0.0
UNHCR_OGOJA_OFFICE_DG1_and_DG2_1692650220,2023-08-21T20:37:00,2023-08-21T20:38:00,1692650220,83.0,159.85,0.0,0.0,19156.11,8454.7,0.0,0.0
UNHCR_OGOJA_OFFICE_DG1_and_DG2_1692650280,2023-08-21T20:38:00,2023-08-21T20:39:00,1692650280,83.0,159.85,0.0,0.0,19156.11,8454.7,0.0,0.0
UNHCR_OGOJA_OFFICE_DG1_and_DG2_1692650340,2023-08-21T20:39:00,2023-08-21T20:40:00,1692650340,83.0,159.85,0.0,0.0,19156.11,8454.7,0.0,0.0
UNHCR_OGOJA_OFFICE_DG1_and_DG2_1692650400,2023-08-21T20:40:00,2023-08-21T20:41:00,1692650400,83.0,159.85,0.0,0.0,19156.11,8454.7,0.0,0.0
UNHCR_OGOJA_OFFICE_DG1_and_DG2_1692650460,2023-08-21T20:41:00,2023-08-21T20:42:00,1692650460,83.0,159.85,0.0,0.0,19156.11,8454.7,0.0,0.0
UNHCR_OGOJA_OFFICE_DG1_and_DG2_1692650520,2023-08-21T20:42:00,2023-08-21T20:43:00,1692650520,83.0,159.85,0.0,0.0,19156.11,8454.7,0.0,0.0
UNHCR_OGOJA_OFFICE_DG1_and_DG2_1692650580,2023-08-21T20:43:00,2023-08-21T20:44:00,1692650580,83.0,159.85,0.0,0.0,19156.11,8454.7,0.0,0.0
UNHCR_OGOJA_OFFICE_DG1_and_DG2_1692650640,2023-08-21T20:44:00,2023-08-21T20:45:00,1692650640,83.0,159.85,0.0,0.0,19156.11,8454.7,0.0,0.0
UNHCR_OGOJA_OFFICE_DG1_and_DG2_1692650700,2023-08-21T20:45:00,2023-08-21T20:46:00,1692650700,83.0,159.85,0.0,0.0,19156.11,8454.7,0.0,0.0
UNHCR_OGOJA_OFFICE_DG1_and_DG2_1692650760,2023-08-21T20:46:00,2023-08-21T20:47:00,1692650760,83.0,159.85,0.0,0.0,19156.11,8454.7,0.0,0.0
UNHCR_OGOJA_OFFICE_DG1_and_DG2_1692650820,2023-08-21T20:47:00,2023-08-21T20:48:00,1692650820,83.0,159.85,0.0,0.0,19156.11,8454.7,0.0,0.0
UNHCR_OGOJA_OFFICE_DG1_and_DG2_1692650880,2023-08-21T20:48:00,2023-08-21T20:49:00,1692650880,83.0,159.85,0.0,0.0,19156.11,8454.7,0.0,0.0
UNHCR_OGOJA_OFFICE_DG1_and_DG2_1692650940,2023-08-21T20:49:00,2023-08-21T20:50:00,1692650940,83.0,159.85,0.0,0.0,19156.11,8454.7,0.0,0.0
UNHCR_OGOJA_OFFICE_DG1_and_DG2_1692651000,2023-08-21T20:50:00,2023-08-21T20:51:00,1692651000,83.0,159.85,0.0,0.0,19156.11,8454.7,0.0,0.0
UNHCR_OGOJA_OFFICE_DG1_and_DG2_1692651060,2023-08-21T20:51:00,2023-08-21T20:52:00,1692651060,83.0,159.85,0.0,0.0,19156.11,8454.7,0.0,0.0
UNHCR_OGOJA_OFFICE_DG1_and_DG2_1692651120,2023-08-21T20:52:00,2023-08-21T20:53:00,1692651120,83.0,159.85,0.0,0.0,19156.11,8454.7,0.0,0.0
UNHCR_OGOJA_OFFICE_DG1_and_DG2_1692651180,2023-08-21T20:53:00,2023-08-21T20:54:00,1692651180,83.0,159.85,0.0,0.0,19156.11,8454.7,0.0,0.0
UNHCR_OGOJA_OFFICE_DG1_and_DG2_1692651240,2023-08-21T20:54:00,2023-08-21T20:55:00,1692651240,83.0,159.85,0.0,0.0,19156.11,8454.7,0.0,0.0
UNHCR_OGOJA_OFFICE_DG1_and_DG2_1692651300,2023-08-21T20:55:00,2023-08-21T20:56:00,1692651300,83.0,159.85,0.0,0.0,19156.11,8454.7,0.0,0.0
UNHCR_OGOJA_OFFICE_DG1_and_DG2_1692651360,2023-08-21T20:56:00,2023-08-21T20:57:00,1692651360,83.0,159.85,0.0,0.0,19156.11,8454.7,0.0,0.0
UNHCR_OGOJA_OFFICE_DG1_and_DG2_1692651420,2023-08-21T20:57:00,2023-08-21T20:58:00,1692651420,83.0,159.85,0.0,0.0,19156.11,8454.7,0.0,0.0
UNHCR_OGOJA_OFFICE_DG1_and_DG2_1692651480,2023-08-21T20:58:00,2023-08-21T20:59:00,1692651480,83.0,159.85,0.0,0.0,19156.11,8454.7,0.0,0.0
UNHCR_OGOJA_OFFICE_DG1_and_DG2_1692651540,2023-08-21T20:59:00,2023-08-21T21:00:00,1692651540,83.0,159.85,0.0,0.0,19156.11,8454.7,0.0,0.0
UNHCR_OGOJA_OFFICE_DG1_and_DG2_1692651600,2023-08-21T21:00:00,2023-08-21T21:01:00,1692651600,83.0,159.85,0.0,0.0,19156.11,8454.7,0.0,0.0
UNHCR_OGOJA_OFFICE_DG1_and_DG2_1692651660,2023-08-21T21:01:00,2023-08-21T21:02:00,1692651660,83.0,159.85,0.0,0.0,19156.11,8454.7,0.0,0.0
UNHCR_OGOJA_OFFICE_DG1_and_DG2_1692651720,2023-08-21T21:02:00,2023-08-21T21:03:00,1692651720,83.0,159.85,0.0,0.0,19156.11,8454.7,0.0,0.0
UNHCR_OGOJA_OFFICE_DG1_and_DG2_1692651780,2023-08-21T21:03:00,2023-08-21T21:04:00,1692651780,83.0,159.85,0.0,0.0,19156.11,8454.7,0.0,0.0
UNHCR_OGOJA_OFFICE_DG1_and_DG2_1692651840,2023-08-21T21:04:00,2023-08-21T21:05:00,1692651840,83.0,159.85,0.0,0.0,19156.11,8454.7,0.0,0.0
UNHCR_OGOJA_OFFICE_DG1_and_DG2_1692651900,2023-08-21T21:05:00,2023-08-21T21:06:00,1692651900,83.0,159.85,0.0,0.0,19156.11,8454.7,0.0,0.0
UNHCR_OGOJA_OFFICE_DG1_and_DG2_1692651960,2023-08-21T21:06:00,2023-08-21T21:07:00,1692651960,83.0,159.85,0.0,0.0,19156.11,8454.7,0.0,0.0
UNHCR_OGOJA_OFFICE_DG1_and_DG2_1692652020,2023-08-21T21:07:00,2023-08-21T21:08:00,1692652020,83.0,159.85,0.0,0.0,19156.11,8454.7,0.0,0.0
UNHCR_OGOJA_OFFICE_DG1_and_DG2_1692652080,2023-08-21T21:08:00,2023-08-21T21:09:00,1692652080,83.0,159.85,0.0,0.0,19156.11,8454.7,0.0,0.0
UNHCR_OGOJA_OFFICE_DG1_and_DG2_1692652140,2023-08-21T21:09:00,2023-08-21T21:10:00,1692652140,83.0,159.85,0.0,0.0,19156.11,8454.7,0.0,0.0
UNHCR_OGOJA_OFFICE_DG1_and_DG2_1692652200,2023-08-21T21:10:00,2023-08-21T21:11:00,1692652200,83.0,159.85,0.0,0.0,19156.11,8454.7,0.0,0.0
UNHCR_OGOJA_OFFICE_DG1_and_DG2_1692652260,2023-08-21T21:11:00,2023-08-21T21:12:00,1692652260,83.0,159.85,0.0,0.0,19156.11,8454.7,0.0,0.0
UNHCR_OGOJA_OFFICE_DG1_and_DG2_1692652320,2023-08-21T21:12:00,2023-08-21T21:13:00,1692652320,83.0,159.85,0.0,0.0,19156.11,8454.7,0.0,0.0
UNHCR_OGOJA_OFFICE_DG1_and_DG2_1692652380,2023-08-21T21:13:00,2023-08-21T21:14:00,1692652380,83.0,159.85,0.0,0.0,19156.11,8454.7,0.0,0.0
UNHCR_OGOJA_OFFICE_DG1_and_DG2_1692652440,2023-08-21T21:14:00,2023-08-21T21:15:00,1692652440,83.0,159.85,0.0,0.0,19156.11,8454.7,0.0,0.0
UNHCR_OGOJA_OFFICE_DG1_and_DG2_1692652500,2023-08-21T21:15:00,2023-08-21T21:16:00,1692652500,83.0,159.85,0.0,0.0,19156.11,8454.7,0.0,0.0
UNHCR_OGOJA_OFFICE_DG1_and_DG2_1692652560,2023-08-21T21:16:00,2023-08-21T21:17:00,1692652560,83.0,159.85,0.0,0.0,19156.11,8454.7,0.0,0.0
UNHCR_OGOJA_OFFICE_DG1_and_DG2_1692652620,2023-08-21T21:17:00,2023-08-21T21:18:00,1692652620,83.0,159.85,0.0,0.0,19156.11,8454.7,0.0,0.0
UNHCR_OGOJA_OFFICE_DG1_and_DG2_1692652680,2023-08-21T21:18:00,2023-08-21T21:19:00,1692652680,83.0,159.85,0.0,0.0,19156.11,8454.7,0.0,0.0
UNHCR_OGOJA_OFFICE_DG1_and_DG2_1692652740,2023-08-21T21:19:00,2023-08-21T21:20:00,1692652740,83.0,159.85,0.0,0.0,19156.11,8454.7,0.0,0.0
UNHCR_OGOJA_OFFICE_DG1_and_DG2_1692652800,2023-08-21T21:20:00,2023-08-21T21:21:00,1692652800,83.0,159.85,0.0,0.0,19156.11,8454.7,0.0,0.0
UNHCR_OGOJA_OFFICE_DG1_and_DG2_1692652860,2023-08-21T21:21:00,2023-08-21T21:22:00,1692652860,83.0,159.85,0.0,0.0,19156.11,8454.7,0.0,0.0
UNHCR_OGOJA_OFFICE_DG1_and_DG2_1692652920,2023-08-21T21:22:00,2023-08-21T21:23:00,1692652920,83.0,159.85,0.0,0.0,19156.11,8454.7,0.0,0.0
UNHCR_OGOJA_OFFICE_DG1_and_DG2_1692652980,2023-08-21T21:23:00,2023-08-21T21:24:00,1692652980,83.0,159.85,0.0,0.0,19156.11,8454.7,0.0,0.0
UNHCR_OGOJA_OFFICE_DG1_and_DG2_1692653040,2023-08-21T21:24:00,2023-08-21T21:25:00,1692653040,83.0,159.85,0.0,0.0,19156.11,8454.7,0.0,0.0
UNHCR_OGOJA_OFFICE_DG1_and_DG2_1692653100,2023-08-21T21:25:00,2023-08-21T21:26:00,1692653100,83.0,159.85,0.0,0.0,19156.11,8454.7,0.0,0.0
UNHCR_OGOJA_OFFICE_DG1_and_DG2_1692653160,2023-08-21T21:26:00,2023-08-21T21:27:00,1692653160,83.0,159.85,0.0,0.0,19156.11,8454.7,0.0,0.0
UNHCR_OGOJA_OFFICE_DG1_and_DG2_1692653220,2023-08-21T21:27:00,2023-08-21T21:28:00,1692653220,83.0,159.85,0.0,0.0,19156.11,8454.7,0.0,0.0
UNHCR_OGOJA_OFFICE_DG1_and_DG2_1692653280,2023-08-21T21:28:00,2023-08-21T21:29:00,1692653280,83.0,159.85,0.0,0.0,19156.11,8454.7,0.0,0.0
UNHCR_OGOJA_OFFICE_DG1_and_DG2_1692653340,2023-08-21T21:29:00,2023-08-21T21:30:00,1692653340,83.0,159.85,0.0,0.0,19156.11,8454.7,0.0,0.0
UNHCR_OGOJA_OFFICE_DG1_and_DG2_1692653400,2023-08-21T21:30:00,2023-08-21T21:31:00,1692653400,83.0,159.85,0.0,0.0,19156.11,8454.7,0.0,0.0
UNHCR_OGOJA_OFFICE_DG1_and_DG2_1692653460,2023-08-21T21:31:00,2023-08-21T21:32:00,1692653460,83.0,159.85,0.0,0.0,19156.11,8454.7,0.0,0.0
UNHCR_OGOJA_OFFICE_DG1_and_DG2_1692653520,2023-08-21T21:32:00,2023-08-21T21:33:00,1692653520,83.0,159.85,0.0,0.0,19156.11,8454.7,0.0,0.0
UNHCR_OGOJA_OFFICE_DG1_and_DG2_1692653580,2023-08-21T21:33:00,2023-08-21T21:34:00,1692653580,83.0,159.85,0.0,0.0,19156.11,8454.7,0.0,0.0
UNHCR_OGOJA_OFFICE_DG1_and_DG2_1692653640,2023-08-21T21:34:00,2023-08-21T21:35:00,1692653640,83.0,159.85,0.0,0.0,19156.11,8454.7,0.0,0.0
UNHCR_OGOJA_OFFICE_DG1_and_DG2_1692653700,2023-08-21T21:35:00,2023-08-21T21:36:00,1692653700,83.0,159.85,0.0,0.0,19156.11,8454.7,0.0,0.0
UNHCR_OGOJA_OFFICE_DG1_and_DG2_1692653760,2023-08-21T21:36:00,2023-08-21T21:37:00,1692653760,83.0,159.85,0.0,0.0,19156.11,8454.7,0.0,0.0
UNHCR_OGOJA_OFFICE_DG1_and_DG2_1692653820,2023-08-21T21:37:00,2023-08-21T21:38:00,1692653820,83.0,159.85,0.0,0.0,19156.11,8454.7,0.0,0.0
UNHCR_OGOJA_OFFICE_DG1_and_DG2_1692653880,2023-08-21T21:38:00,2023-08-21T21:39:00,1692653880,83.0,159.85,0.0,0.0,19156.11,8454.7,0.0,0.0
UNHCR_OGOJA_OFFICE_DG1_and_DG2_1692653940,2023-08-21T21:39:00,2023-08-21T21:40:00,1692653940,83.0,159.85,0.0,0.0,19156.11,8454.7,0.0,0.0
UNHCR_OGOJA_OFFICE_DG1_and_DG2_1692654000,2023-08-21T21:40:00,2023-08-21T21:41:00,1692654000,83.0,159.85,0.0,0.0,19156.11,8454.7,0.0,0.0
UNHCR_OGOJA_OFFICE_DG1_and_DG2_1692654060,2023-08-21T21:41:00,2023-08-21T21:42:00,1692654060,83.0,159.85,0.0,0.0,19156.11,8454.7,0.0,0.0
UNHCR_OGOJA_OFFICE_DG1_and_DG2_1692654120,2023-08-21T21:42:00,2023-08-21T21:43:00,1692654120,83.0,159.85,0.0,0.0,19156.11,8454.7,0.0,0.0
UNHCR_OGOJA_OFFICE_DG1_and_DG2_1692654180,2023-08-21T21:43:00,2023-08-21T21:44:00,1692654180,83.0,159.85,0.0,0.0,19156.11,8454.7,0.0,0.0
UNHCR_OGOJA_OFFICE_DG1_and_DG2_1692654240,2023-08-21T21:44:00,2023-08-21T21:45:00,1692654240,83.0,159.85,0.0,0.0,19156.11,8454.7,0.0,0.0
UNHCR_OGOJA_OFFICE_DG1_and_DG2_1692654300,2023-08-21T21:45:00,2023-08-21T21:46:00,1692654300,83.0,159.85,0.0,0.0,19156.11,8454.7,0.0,0.0
UNHCR_OGOJA_OFFICE_DG1_and_DG2_1692654360,2023-08-21T21:46:00,2023-08-21T21:47:00,1692654360,83.0,159.85,0.0,0.0,19156.11,8454.7,0.0,0.0
UNHCR_OGOJA_OFFICE_DG1_and_DG2_1692654420,2023-08-21T21:47:00,2023-08-21T21:48:00,1692654420,83.0,159.85,0.0,0.0,19156.11,8454.7,0.0,0.0
UNHCR_OGOJA_OFFICE_DG1_and_DG2_1692654480,2023-08-21T21:48:00,2023-08-21T21:49:00,1692654480,83.0,159.85,0.0,0.0,19156.11,8454.7,0.0,0.0
UNHCR_OGOJA_OFFICE_DG1_and_DG2_1692654540,2023-08-21T21:49:00,2023-08-21T21:50:00,1692654540,83.0,159.85,0.0,0.0,19156.11,8454.7,0.0,0.0
UNHCR_OGOJA_OFFICE_DG1_and_DG2_1692654600,2023-08-21T21:50:00,2023-08-21T21:51:00,1692654600,83.0,159.85,0.0,0.0,19156.11,8454.7,0.0,0.0
UNHCR_OGOJA_OFFICE_DG1_and_DG2_1692654660,2023-08-21T21:51:00,2023-08-21T21:52:00,1692654660,83.0,159.85,0.0,0.0,19156.11,8454.7,0.0,0.0
UNHCR_OGOJA_OFFICE_DG1_and_DG2_1692654720,2023-08-21T21:52:00,2023-08-21T21:53:00,1692654720,83.0,159.85,0.0,0.0,19156.11,8454.7,0.0,0.0
UNHCR_OGOJA_OFFICE_DG1_and_DG2_1692654780,2023-08-21T21:53:00,2023-08-21T21:54:00,1692654780,83.0,159.85,0.0,0.0,19156.11,8454.7,0.0,0.0
UNHCR_OGOJA_OFFICE_DG1_and_DG2_1692654840,2023-08-21T21:54:00,2023-08-21T21:55:00,1692654840,83.0,159.85,0.0,0.0,19156.11,8454.7,0.0,0.0
UNHCR_OGOJA_OFFICE_DG1_and_DG2_1692654900,2023-08-21T21:55:00,2023-08-21T21:56:00,1692654900,83.0,159.85,0.0,0.0,19156.11,8454.7,0.0,0.0
UNHCR_OGOJA_OFFICE_DG1_and_DG2_1692654960,2023-08-21T21:56:00,2023-08-21T21:57:00,1692654960,83.0,159.85,0.0,0.0,19156.11,8454.7,0.0,0.0
UNHCR_OGOJA_OFFICE_DG1_and_DG2_1692655020,2023-08-21T21:57:00,2023-08-21T21:58:00,1692655020,83.0,159.85,0.0,0.0,19156.11,8454.7,0.0,0.0
UNHCR_OGOJA_OFFICE_DG1_and_DG2_1692655080,2023-08-21T21:58:00,2023-08-21T21:59:00,1692655080,83.0,159.85,0.0,0.0,19156.11,8454.7,0.0,0.0
UNHCR_OGOJA_OFFICE_DG1_and_DG2_1692655140,2023-08-21T21:59:00,2023-08-21T22:00:00,1692655140,83.0,159.85,0.0,0.0,19156.11,8454.7,0.0,0.0
UNHCR_OGOJA_OFFICE_DG1_and_DG2_1692655200,2023-08-21T22:00:00,2023-08-21T22:01:00,1692655200,83.0,159.85,0.0,0.0,19156.11,8454.7,0.0,0.0
UNHCR_OGOJA_OFFICE_DG1_and_DG2_1692655260,2023-08-21T22:01:00,2023-08-21T22:02:00,1692655260,83.0,159.85,0.0,0.0,19156.11,8454.7,0.0,0.0
UNHCR_OGOJA_OFFICE_DG1_and_DG2_1692655320,2023-08-21T22:02:00,2023-08-21T22:03:00,1692655320,83.0,159.85,0.0,0.0,19156.11,8454.7,0.0,0.0
UNHCR_OGOJA_OFFICE_DG1_and_DG2_1692655380,2023-08-21T22:03:00,2023-08-21T22:04:00,1692655380,83.0,159.85,0.0,0.0,19156.11,8454.7,0.0,0.0
UNHCR_OGOJA_OFFICE_DG1_and_DG2_1692655440,2023-08-21T22:04:00,2023-08-21T22:05:00,1692655440,83.0,159.85,0.0,0.0,19156.11,8454.7,0.0,0.0
UNHCR_OGOJA_OFFICE_DG1_and_DG2_1692655500,2023-08-21T22:05:00,2023-08-21T22:06:00,1692655500,83.0,159.85,0.0,0.0,19156.11,8454.7,0.0,0.0
UNHCR_OGOJA_OFFICE_DG1_and_DG2_1692655560,2023-08-21T22:06:00,2023-08-21T22:07:00,1692655560,83.0,159.85,0.0,0.0,19156.11,8454.7,0.0,0.0
UNHCR_OGOJA_OFFICE_DG1_and_DG2_1692655620,2023-08-21T22:07:00,2023-08-21T22:08:00,1692655620,83.0,159.85,0.0,0.0,19156.11,8454.7,0.0,0.0
UNHCR_OGOJA_OFFICE_DG1_and_DG2_1692655680,2023-08-21T22:08:00,2023-08-21T22:09:00,1692655680,83.0,159.85,0.0,0.0,19156.11,8454.7,0.0,0.0
UNHCR_OGOJA_OFFICE_DG1_and_DG2_1692655740,2023-08-21T22:09:00,2023-08-21T22:10:00,1692655740,83.0,159.85,0.0,0.0,19156.11,8454.7,0.0,0.0
UNHCR_OGOJA_OFFICE_DG1_and_DG2_1692655800,2023-08-21T22:10:00,2023-08-21T22:11:00,1692655800,83.0,159.85,0.0,0.0,19156.11,8454.7,0.0,0.0
UNHCR_OGOJA_OFFICE_DG1_and_DG2_1692655860,2023-08-21T22:11:00,2023-08-21T22:12:00,1692655860,83.0,159.85,0.0,0.0,19156.11,8454.7,0.0,0.0
UNHCR_OGOJA_OFFICE_DG1_and_DG2_1692655920,2023-08-21T22:12:00,2023-08-21T22:13:00,1692655920,83.0,159.85,0.0,0.0,19156.11,8454.7,0.0,0.0
UNHCR_OGOJA_OFFICE_DG1_and_DG2_1692655980,2023-08-21T22:13:00,2023-08-21T22:14:00,1692655980,83.0,159.85,0.0,0.0,19156.11,8454.7,0.0,0.0
UNHCR_OGOJA_OFFICE_DG1_and_DG2_1692656040,2023-08-21T22:14:00,2023-08-21T22:15:00,1692656040,83.0,159.85,0.0,0.0,19156.11,8454.7,0.0,0.0
UNHCR_OGOJA_OFFICE_DG1_and_DG2_1692656100,2023-08-21T22:15:00,2023-08-21T22:16:00,1692656100,83.0,159.85,0.0,0.0,19156.11,8454.7,0.0,0.0
UNHCR_OGOJA_OFFICE_DG1_and_DG2_1692656160,2023-08-21T22:16:00,2023-08-21T22:17:00,1692656160,83.0,159.85,0.0,0.0,19156.11,8454.7,0.0,0.0
UNHCR_OGOJA_OFFICE_DG1_and_DG2_1692656220,2023-08-21T22:17:00,2023-08-21T22:18:00,1692656220,83.0,159.85,0.0,0.0,19156.11,8454.7,0.0,0.0
UNHCR_OGOJA_OFFICE_DG1_and_DG2_1692656280,2023-08-21T22:18:00,2023-08-21T22:19:00,1692656280,83.0,159.85,0.0,0.0,19156.11,8454.7,0.0,0.0
UNHCR_OGOJA_OFFICE_DG1_and_DG2_1692656340,2023-08-21T22:19:00,2023-08-21T22:20:00,1692656340,83.0,159.85,0.0,0.0,19156.11,8454.7,0.0,0.0
UNHCR_OGOJA_OFFICE_DG1_and_DG2_1692656400,2023-08-21T22:20:00,2023-08-21T22:21:00,1692656400,83.0,159.85,0.0,0.0,19156.11,8454.7,0.0,0.0
UNHCR_OGOJA_OFFICE_DG1_and_DG2_1692656460,2023-08-21T22:21:00,2023-08-21T22:22:00,1692656460,83.0,159.85,0.0,0.0,19156.11,8454.7,0.0,0.0
UNHCR_OGOJA_OFFICE_DG1_and_DG2_1692656520,2023-08-21T22:22:00,2023-08-21T22:23:00,1692656520,83.0,159.85,0.0,0.0,19156.11,8454.7,0.0,0.0
UNHCR_OGOJA_OFFICE_DG1_and_DG2_1692656580,2023-08-21T22:23:00,2023-08-21T22:24:00,1692656580,83.0,159.85,0.0,0.0,19156.11,8454.7,0.0,0.0
UNHCR_OGOJA_OFFICE_DG1_and_DG2_1692656640,2023-08-21T22:24:00,2023-08-21T22:25:00,1692656640,83.0,159.85,0.0,0.0,19156.11,8454.7,0.0,0.0
UNHCR_OGOJA_OFFICE_DG1_and_DG2_1692656700,2023-08-21T22:25:00,2023-08-21T22:26:00,1692656700,83.0,159.85,0.0,0.0,19156.11,8454.7,0.0,0.0
UNHCR_OGOJA_OFFICE_DG1_and_DG2_1692656760,2023-08-21T22:26:00,2023-08-21T22:27:00,1692656760,83.0,159.85,0.0,0.0,19156.11,8454.7,0.0,0.0
UNHCR_OGOJA_OFFICE_DG1_and_DG2_1692656820,2023-08-21T22:27:00,2023-08-21T22:28:00,1692656820,83.0,159.85,0.0,0.0,19156.11,8454.7,0.0,0.0
UNHCR_OGOJA_OFFICE_DG1_and_DG2_1692656880,2023-08-21T22:28:00,2023-08-21T22:29:00,1692656880,83.0,159.85,0.0,0.0,19156.11,8454.7,0.0,0.0
UNHCR_OGOJA_OFFICE_DG1_and_DG2_1692656940,2023-08-21T22:29:00,2023-08-21T22:30:00,1692656940,83.0,159.85,0.0,0.0,19156.11,8454.7,0.0,0.0
UNHCR_OGOJA_OFFICE_DG1_and_DG2_1692657000,2023-08-21T22:30:00,2023-08-21T22:31:00,1692657000,83.0,159.85,0.0,0.0,19156.11,8454.7,0.0,0.0
UNHCR_OGOJA_OFFICE_DG1_and_DG2_1692657060,2023-08-21T22:31:00,2023-08-21T22:32:00,1692657060,83.0,159.85,0.0,0.0,19156.11,8454.7,0.0,0.0
UNHCR_OGOJA_OFFICE_DG1_and_DG2_1692657120,2023-08-21T22:32:00,2023-08-21T22:33:00,1692657120,83.0,159.85,0.0,0.0,19156.11,8454.7,0.0,0.0
UNHCR_OGOJA_OFFICE_DG1_and_DG2_1692657180,2023-08-21T22:33:00,2023-08-21T22:34:00,1692657180,83.0,159.85,0.0,0.0,19156.11,8454.7,0.0,0.0
UNHCR_OGOJA_OFFICE_DG1_and_DG2_1692657240,2023-08-21T22:34:00,2023-08-21T22:35:00,1692657240,83.0,159.85,0.0,0.0,19156.11,8454.7,0.0,0.0
UNHCR_OGOJA_OFFICE_DG1_and_DG2_1692657300,2023-08-21T22:35:00,2023-08-21T22:36:00,1692657300,83.0,159.85,0.0,0.0,19156.11,8454.7,0.0,0.0
UNHCR_OGOJA_OFFICE_DG1_and_DG2_1692657360,2023-08-21T22:36:00,2023-08-21T22:37:00,1692657360,82.64,159.85,0.35999999999999943,0.0,19156.11,8454.7,0.0,0.0
UNHCR_OGOJA_OFFICE_DG1_and_DG2_1692657420,2023-08-21T22:37:00,2023-08-21T22:38:00,1692657420,82.27,159.85,0.37000000000000455,0.0,19156.11,8454.7,0.0,0.0
UNHCR_OGOJA_OFFICE_DG1_and_DG2_1692657480,2023-08-21T22:38:00,2023-08-21T22:39:00,1692657480,81.91,159.85,0.35999999999999943,0.0,19156.11,8454.7,0.0,0.0
UNHCR_OGOJA_OFFICE_DG1_and_DG2_1692657540,2023-08-21T22:39:00,2023-08-21T22:40:00,1692657540,81.55,159.85,0.35999999999999943,0.0,19156.11,8454.7,0.0,0.0
UNHCR_OGOJA_OFFICE_DG1_and_DG2_1692657600,2023-08-21T22:40:00,2023-08-21T22:41:00,1692657600,81.55,159.85,0.0,0.0,19156.11,8454.7,0.0,0.0
UNHCR_OGOJA_OFFICE_DG1_and_DG2_1692657660,2023-08-21T22:41:00,2023-08-21T22:42:00,1692657660,81.55,159.85,0.0,0.0,19156.11,8454.7,0.0,0.0
UNHCR_OGOJA_OFFICE_DG1_and_DG2_1692657720,2023-08-21T22:42:00,2023-08-21T22:43:00,1692657720,81.55,159.85,0.0,0.0,19156.11,8454.7,0.0,0.0
UNHCR_OGOJA_OFFICE_DG1_and_DG2_1692657780,2023-08-21T22:43:00,2023-08-21T22:44:00,1692657780,81.55,159.85,0.0,0.0,19156.11,8454.7,0.0,0.0
UNHCR_OGOJA_OFFICE_DG1_and_DG2_1692657840,2023-08-21T22:44:00,2023-08-21T22:45:00,1692657840,81.55,159.85,0.0,0.0,19156.11,8454.7,0.0,0.0
UNHCR_OGOJA_OFFICE_DG1_and_DG2_1692657900,2023-08-21T22:45:00,2023-08-21T22:46:00,1692657900,81.55,159.85,0.0,0.0,19156.11,8454.7,0.0,0.0
UNHCR_OGOJA_OFFICE_DG1_and_DG2_1692657960,2023-08-21T22:46:00,2023-08-21T22:47:00,1692657960,81.55,159.85,0.0,0.0,19156.11,8454.7,0.0,0.0
UNHCR_OGOJA_OFFICE_DG1_and_DG2_1692658020,2023-08-21T22:47:00,2023-08-21T22:48:00,1692658020,81.55,159.85,0.0,0.0,19156.11,8454.7,0.0,0.0
UNHCR_OGOJA_OFFICE_DG1_and_DG2_1692658080,2023-08-21T22:48:00,2023-08-21T22:49:00,1692658080,81.55,159.85,0.0,0.0,19156.11,8454.7,0.0,0.0
UNHCR_OGOJA_OFFICE_DG1_and_DG2_1692658140,2023-08-21T22:49:00,2023-08-21T22:50:00,1692658140,81.55,159.85,0.0,0.0,19156.11,8454.7,0.0,0.0
UNHCR_OGOJA_OFFICE_DG1_and_DG2_1692658200,2023-08-21T22:50:00,2023-08-21T22:51:00,1692658200,81.55,159.85,0.0,0.0,19156.11,8454.7,0.0,0.0
UNHCR_OGOJA_OFFICE_DG1_and_DG2_1692658260,2023-08-21T22:51:00,2023-08-21T22:52:00,1692658260,81.55,159.85,0.0,0.0,19156.11,8454.7,0.0,0.0
UNHCR_OGOJA_OFFICE_DG1_and_DG2_1692658320,2023-08-21T22:52:00,2023-08-21T22:53:00,1692658320,81.55,159.85,0.0,0.0,19156.11,8454.7,0.0,0.0
UNHCR_OGOJA_OFFICE_DG1_and_DG2_1692658380,2023-08-21T22:53:00,2023-08-21T22:54:00,1692658380,81.55,159.85,0.0,0.0,19156.11,8454.7,0.0,0.0
UNHCR_OGOJA_OFFICE_DG1_and_DG2_1692658440,2023-08-21T22:54:00,2023-08-21T22:55:00,1692658440,81.55,159.85,0.0,0.0,19156.11,8454.7,0.0,0.0
UNHCR_OGOJA_OFFICE_DG1_and_DG2_1692658500,2023-08-21T22:55:00,2023-08-21T22:56:00,1692658500,81.55,159.85,0.0,0.0,19156.11,8454.7,0.0,0.0
UNHCR_OGOJA_OFFICE_DG1_and_DG2_1692658560,2023-08-21T22:56:00,2023-08-21T22:57:00,1692658560,81.55,159.85,0.0,0.0,19156.11,8454.7,0.0,0.0
UNHCR_OGOJA_OFFICE_DG1_and_DG2_1692658620,2023-08-21T22:57:00,2023-08-21T22:58:00,1692658620,81.55,159.85,0.0,0.0,19156.11,8454.7,0.0,0.0
UNHCR_OGOJA_OFFICE_DG1_and_DG2_1692658680,2023-08-21T22:58:00,2023-08-21T22:59:00,1692658680,81.55,159.85,0.0,0.0,19156.11,8454.7,0.0,0.0
UNHCR_OGOJA_OFFICE_DG1_and_DG2_1692658740,2023-08-21T22:59:00,2023-08-21T23:00:00,1692658740,81.19,159.85,0.35999999999999943,0.0,19156.11,8454.7,0.0,0.0
UNHCR_OGOJA_OFFICE_DG1_and_DG2_1692658800,2023-08-21T23:00:00,2023-08-21T23:01:00,1692658800,81.19,159.85,0.0,0.0,19156.11,8454.7,0.0,0.0
UNHCR_OGOJA_OFFICE_DG1_and_DG2_1692658860,2023-08-21T23:01:00,2023-08-21T23:02:00,1692658860,80.82,159.85,0.37000000000000455,0.0,19156.11,8454.7,0.0,0.0
UNHCR_OGOJA_OFFICE_DG1_and_DG2_1692658920,2023-08-21T23:02:00,2023-08-21T23:03:00,1692658920,80.46,159.85,0.35999999999999943,0.0,19156.11,8454.7,0.0,0.0
UNHCR_OGOJA_OFFICE_DG1_and_DG2_1692658980,2023-08-21T23:03:00,2023-08-21T23:04:00,1692658980,80.46,159.85,0.0,0.0,19156.11,8454.7,0.0,0.0
UNHCR_OGOJA_OFFICE_DG1_and_DG2_1692659040,2023-08-21T23:04:00,2023-08-21T23:05:00,1692659040,80.46,159.85,0.0,0.0,19156.11,8454.7,0.0,0.0
UNHCR_OGOJA_OFFICE_DG1_and_DG2_1692659100,2023-08-21T23:05:00,2023-08-21T23:06:00,1692659100,80.46,159.85,0.0,0.0,19156.11,8454.7,0.0,0.0
UNHCR_OGOJA_OFFICE_DG1_and_DG2_1692659160,2023-08-21T23:06:00,2023-08-21T23:07:00,1692659160,80.46,159.85,0.0,0.0,19156.11,8454.7,0.0,0.0
UNHCR_OGOJA_OFFICE_DG1_and_DG2_1692659220,2023-08-21T23:07:00,2023-08-21T23:08:00,1692659220,80.1,159.85,0.35999999999999943,0.0,19156.11,8454.7,0.0,0.0
UNHCR_OGOJA_OFFICE_DG1_and_DG2_1692659280,2023-08-21T23:08:00,2023-08-21T23:09:00,1692659280,80.1,159.85,0.0,0.0,19156.11,8454.7,0.0,0.0
UNHCR_OGOJA_OFFICE_DG1_and_DG2_1692659340,2023-08-21T23:09:00,2023-08-21T23:10:00,1692659340,80.1,159.85,0.0,0.0,19156.11,8454.7,0.0,0.0
UNHCR_OGOJA_OFFICE_DG1_and_DG2_1692659400,2023-08-21T23:10:00,2023-08-21T23:11:00,1692659400,80.1,159.85,0.0,0.0,19156.11,8454.7,0.0,0.0
UNHCR_OGOJA_OFFICE_DG1_and_DG2_1692659460,2023-08-21T23:11:00,2023-08-21T23:12:00,1692659460,79.73,159.85,0.36999999999999034,0.0,19156.11,8454.7,0.0,0.0
UNHCR_OGOJA_OFFICE_DG1_and_DG2_1692659520,2023-08-21T23:12:00,2023-08-21T23:13:00,1692659520,79.73,159.85,0.0,0.0,19156.11,8454.7,0.0,0.0
UNHCR_OGOJA_OFFICE_DG1_and_DG2_1692659580,2023-08-21T23:13:00,2023-08-21T23:14:00,1692659580,79.73,159.85,0.0,0.0,19156.11,8454.7,0.0,0.0
UNHCR_OGOJA_OFFICE_DG1_and_DG2_1692659640,2023-08-21T23:14:00,2023-08-21T23:15:00,1692659640,79.73,159.85,0.0,0.0,19156.11,8454.7,0.0,0.0
UNHCR_OGOJA_OFFICE_DG1_and_DG2_1692659700,2023-08-21T23:15:00,2023-08-21T23:16:00,1692659700,79.73,159.85,0.0,0.0,19156.11,8454.7,0.0,0.0
UNHCR_OGOJA_OFFICE_DG1_and_DG2_1692659760,2023-08-21T23:16:00,2023-08-21T23:17:00,1692659760,79.37,159.85,0.35999999999999943,0.0,19156.11,8454.7,0.0,0.0
UNHCR_OGOJA_OFFICE_DG1_and_DG2_1692659820,2023-08-21T23:17:00,2023-08-21T23:18:00,1692659820,79.01,159.85,0.35999999999999943,0.0,19156.11,8454.7,0.0,0.0
UNHCR_OGOJA_OFFICE_DG1_and_DG2_1692659880,2023-08-21T23:18:00,2023-08-21T23:19:00,1692659880,78.65,159.85,0.35999999999999943,0.0,19156.11,8454.7,0.0,0.0
UNHCR_OGOJA_OFFICE_DG1_and_DG2_1692659940,2023-08-21T23:19:00,2023-08-21T23:20:00,1692659940,78.65,159.85,0.0,0.0,19156.11,8454.7,0.0,0.0
UNHCR_OGOJA_OFFICE_DG1_and_DG2_1692660000,2023-08-21T23:20:00,2023-08-21T23:21:00,1692660000,78.65,159.85,0.0,0.0,19156.11,8454.7,0.0,0.0
UNHCR_OGOJA_OFFICE_DG1_and_DG2_1692660060,2023-08-21T23:21:00,2023-08-21T23:22:00,1692660060,78.65,159.85,0.0,0.0,19156.11,8454.7,0.0,0.0
UNHCR_OGOJA_OFFICE_DG1_and_DG2_1692660120,2023-08-21T23:22:00,2023-08-21T23:23:00,1692660120,78.65,159.85,0.0,0.0,19156.11,8454.7,0.0,0.0
UNHCR_OGOJA_OFFICE_DG1_and_DG2_1692660180,2023-08-21T23:23:00,2023-08-21T23:24:00,1692660180,78.65,159.85,0.0,0.0,19156.11,8454.7,0.0,0.0
UNHCR_OGOJA_OFFICE_DG1_and_DG2_1692660240,2023-08-21T23:24:00,2023-08-21T23:25:00,1692660240,78.65,159.85,0.0,0.0,19156.11,8454.7,0.0,0.0
UNHCR_OGOJA_OFFICE_DG1_and_DG2_1692660300,2023-08-21T23:25:00,2023-08-21T23:26:00,1692660300,78.65,159.85,0.0,0.0,19156.11,8454.7,0.0,0.0
UNHCR_OGOJA_OFFICE_DG1_and_DG2_1692660360,2023-08-21T23:26:00,2023-08-21T23:27:00,1692660360,78.65,159.85,0.0,0.0,19156.11,8454.7,0.0,0.0
UNHCR_OGOJA_OFFICE_DG1_and_DG2_1692660420,2023-08-21T23:27:00,2023-08-21T23:28:00,1692660420,78.65,159.85,0.0,0.0,19156.11,8454.7,0.0,0.0
UNHCR_OGOJA_OFFICE_DG1_and_DG2_1692660480,2023-08-21T23:28:00,2023-08-21T23:29:00,1692660480,78.65,159.85,0.0,0.0,19156.11,8454.7,0.0,0.0
UNHCR_OGOJA_OFFICE_DG1_and_DG2_1692660540,2023-08-21T23:29:00,2023-08-21T23:30:00,1692660540,78.65,159.85,0.0,0.0,19156.11,8454.7,0.0,0.0
UNHCR_OGOJA_OFFICE_DG1_and_DG2_1692660600,2023-08-21T23:30:00,2023-08-21T23:31:00,1692660600,78.65,159.85,0.0,0.0,19156.11,8454.7,0.0,0.0
UNHCR_OGOJA_OFFICE_DG1_and_DG2_1692660660,2023-08-21T23:31:00,2023-08-21T23:32:00,1692660660,78.28,159.85,0.37000000000000455,0.0,19156.11,8454.7,0.0,0.0
UNHCR_OGOJA_OFFICE_DG1_and_DG2_1692660720,2023-08-21T23:32:00,2023-08-21T23:33:00,1692660720,77.92,159.85,0.35999999999999943,0.0,19156.11,8454.7,0.0,0.0
UNHCR_OGOJA_OFFICE_DG1_and_DG2_1692660780,2023-08-21T23:33:00,2023-08-21T23:34:00,1692660780,77.56,159.85,0.35999999999999943,0.0,19156.11,8454.7,0.0,0.0
UNHCR_OGOJA_OFFICE_DG1_and_DG2_1692660840,2023-08-21T23:34:00,2023-08-21T23:35:00,1692660840,77.19,159.85,0.37000000000000455,0.0,19156.11,8454.7,0.0,0.0
UNHCR_OGOJA_OFFICE_DG1_and_DG2_1692660900,2023-08-21T23:35:00,2023-08-21T23:36:00,1692660900,77.19,159.85,0.0,0.0,19156.11,8454.7,0.0,0.0
UNHCR_OGOJA_OFFICE_DG1_and_DG2_1692660960,2023-08-21T23:36:00,2023-08-21T23:37:00,1692660960,77.19,159.85,0.0,0.0,19156.11,8454.7,0.0,0.0
UNHCR_OGOJA_OFFICE_DG1_and_DG2_1692661020,2023-08-21T23:37:00,2023-08-21T23:38:00,1692661020,77.19,159.85,0.0,0.0,19156.11,8454.7,0.0,0.0
UNHCR_OGOJA_OFFICE_DG1_and_DG2_1692661080,2023-08-21T23:38:00,2023-08-21T23:39:00,1692661080,77.19,159.85,0.0,0.0,19156.11,8454.7,0.0,0.0
UNHCR_OGOJA_OFFICE_DG1_and_DG2_1692661140,2023-08-21T23:39:00,2023-08-21T23:40:00,1692661140,77.19,159.85,0.0,0.0,19156.11,8454.7,0.0,0.0
UNHCR_OGOJA_OFFICE_DG1_and_DG2_1692661200,2023-08-21T23:40:00,2023-08-21T23:41:00,1692661200,77.19,159.85,0.0,0.0,19156.11,8454.7,0.0,0.0
UNHCR_OGOJA_OFFICE_DG1_and_DG2_1692661260,2023-08-21T23:41:00,2023-08-21T23:42:00,1692661260,77.19,159.85,0.0,0.0,19156.11,8454.7,0.0,0.0
UNHCR_OGOJA_OFFICE_DG1_and_DG2_1692661320,2023-08-21T23:42:00,2023-08-21T23:43:00,1692661320,77.19,159.85,0.0,0.0,19156.11,8454.7,0.0,0.0
UNHCR_OGOJA_OFFICE_DG1_and_DG2_1692661380,2023-08-21T23:43:00,2023-08-21T23:44:00,1692661380,77.19,159.85,0.0,0.0,19156.11,8454.7,0.0,0.0
UNHCR_OGOJA_OFFICE_DG1_and_DG2_1692661440,2023-08-21T23:44:00,2023-08-21T23:45:00,1692661440,76.83,159.85,0.35999999999999943,0.0,19156.11,8454.7,0.0,0.0
UNHCR_OGOJA_OFFICE_DG1_and_DG2_1692661500,2023-08-21T23:45:00,2023-08-21T23:46:00,1692661500,76.83,159.85,0.0,0.0,19156.11,8454.7,0.0,0.0
UNHCR_OGOJA_OFFICE_DG1_and_DG2_1692661560,2023-08-21T23:46:00,2023-08-21T23:47:00,1692661560,76.83,159.85,0.0,0.0,19156.11,8454.7,0.0,0.0
UNHCR_OGOJA_OFFICE_DG1_and_DG2_1692661620,2023-08-21T23:47:00,2023-08-21T23:48:00,1692661620,76.47,159.85,0.35999999999999943,0.0,19156.11,8454.7,0.0,0.0
UNHCR_OGOJA_OFFICE_DG1_and_DG2_1692661680,2023-08-21T23:48:00,2023-08-21T23:49:00,1692661680,76.47,159.85,0.0,0.0,19156.11,8454.7,0.0,0.0
UNHCR_OGOJA_OFFICE_DG1_and_DG2_1692661740,2023-08-21T23:49:00,2023-08-21T23:50:00,1692661740,76.1,159.85,0.37000000000000455,0.0,19156.11,8454.7,0.0,0.0
UNHCR_OGOJA_OFFICE_DG1_and_DG2_1692661800,2023-08-21T23:50:00,2023-08-21T23:51:00,1692661800,75.74,159.85,0.35999999999999943,0.0,19156.11,8454.7,0.0,0.0
UNHCR_OGOJA_OFFICE_DG1_and_DG2_1692661860,2023-08-21T23:51:00,2023-08-21T23:52:00,1692661860,75.74,159.85,0.0,0.0,19156.11,8454.7,0.0,0.0
UNHCR_OGOJA_OFFICE_DG1_and_DG2_1692661920,2023-08-21T23:52:00,2023-08-21T23:53:00,1692661920,75.74,159.85,0.0,0.0,19156.11,8454.7,0.0,0.0
UNHCR_OGOJA_OFFICE_DG1_and_DG2_1692661980,2023-08-21T23:53:00,2023-08-21T23:54:00,1692661980,75.74,159.85,0.0,0.0,19156.11,8454.7,0.0,0.0
UNHCR_OGOJA_OFFICE_DG1_and_DG2_1692662040,2023-08-21T23:54:00,2023-08-21T23:55:00,1692662040,75.74,159.85,0.0,0.0,19156.11,8454.7,0.0,0.0
UNHCR_OGOJA_OFFICE_DG1_and_DG2_1692662100,2023-08-21T23:55:00,2023-08-21T23:56:00,1692662100,75.74,159.85,0.0,0.0,19156.11,8454.7,0.0,0.0
UNHCR_OGOJA_OFFICE_DG1_and_DG2_1692662160,2023-08-21T23:56:00,2023-08-21T23:57:00,1692662160,75.74,159.85,0.0,0.0,19156.11,8454.7,0.0,0.0
UNHCR_OGOJA_OFFICE_DG1_and_DG2_1692662220,2023-08-21T23:57:00,2023-08-21T23:58:00,1692662220,75.38,159.85,0.35999999999999943,0.0,19156.11,8454.7,0.0,0.0
UNHCR_OGOJA_OFFICE_DG1_and_DG2_1692662280,2023-08-21T23:58:00,2023-08-21T23:59:00,1692662280,75.38,159.85,0.0,0.0,19156.11,8454.7,0.0,0.0
UNHCR_OGOJA_OFFICE_DG1_and_DG2_1692662340,2023-08-21T23:59:00,2023-08-22T00:00:00,1692662340,75.38,159.85,0.0,0.0,19156.11,8454.7,0.0,0.0
UNHCR_OGOJA_OFFICE_DG1_and_DG2_1692662400,2023-08-22T00:00:00,2023-08-22T00:01:00,1692662400,75.38,159.85,0.0,0.0,19156.11,8454.7,0.0,0.0
UNHCR_OGOJA_OFFICE_DG1_and_DG2_1692662460,2023-08-22T00:01:00,2023-08-22T00:02:00,1692662460,75.38,159.85,0.0,0.0,19156.11,8454.7,0.0,0.0
UNHCR_OGOJA_OFFICE_DG1_and_DG2_1692662520,2023-08-22T00:02:00,2023-08-22T00:03:00,1692662520,75.38,159.85,0.0,0.0,19156.11,8454.7,0.0,0.0
UNHCR_OGOJA_OFFICE_DG1_and_DG2_1692662580,2023-08-22T00:03:00,2023-08-22T00:04:00,1692662580,75.02,159.85,0.35999999999999943,0.0,19156.11,8454.7,0.0,0.0
UNHCR_OGOJA_OFFICE_DG1_and_DG2_1692662640,2023-08-22T00:04:00,2023-08-22T00:05:00,1692662640,75.02,159.85,0.0,0.0,19156.11,8454.7,0.0,0.0
UNHCR_OGOJA_OFFICE_DG1_and_DG2_1692662700,2023-08-22T00:05:00,2023-08-22T00:06:00,1692662700,75.02,159.85,0.0,0.0,19156.11,8454.7,0.0,0.0
UNHCR_OGOJA_OFFICE_DG1_and_DG2_1692662760,2023-08-22T00:06:00,2023-08-22T00:07:00,1692662760,75.02,159.85,0.0,0.0,19156.11,8454.7,0.0,0.0
UNHCR_OGOJA_OFFICE_DG1_and_DG2_1692662820,2023-08-22T00:07:00,2023-08-22T00:08:00,1692662820,75.02,159.85,0.0,0.0,19156.11,8454.7,0.0,0.0
UNHCR_OGOJA_OFFICE_DG1_and_DG2_1692662880,2023-08-22T00:08:00,2023-08-22T00:09:00,1692662880,75.02,159.85,0.0,0.0,19156.11,8454.7,0.0,0.0
UNHCR_OGOJA_OFFICE_DG1_and_DG2_1692662940,2023-08-22T00:09:00,2023-08-22T00:10:00,1692662940,74.65,159.85,0.36999999999999034,0.0,19156.11,8454.7,0.0,0.0
UNHCR_OGOJA_OFFICE_DG1_and_DG2_1692663000,2023-08-22T00:10:00,2023-08-22T00:11:00,1692663000,74.29,159.85,0.35999999999999943,0.0,19156.11,8454.7,0.0,0.0
UNHCR_OGOJA_OFFICE_DG1_and_DG2_1692663060,2023-08-22T00:11:00,2023-08-22T00:12:00,1692663060,74.29,159.85,0.0,0.0,19156.11,8454.7,0.0,0.0
UNHCR_OGOJA_OFFICE_DG1_and_DG2_1692663120,2023-08-22T00:12:00,2023-08-22T00:13:00,1692663120,74.29,159.85,0.0,0.0,19156.11,8454.7,0.0,0.0
UNHCR_OGOJA_OFFICE_DG1_and_DG2_1692663180,2023-08-22T00:13:00,2023-08-22T00:14:00,1692663180,74.29,159.85,0.0,0.0,19156.11,8454.7,0.0,0.0
UNHCR_OGOJA_OFFICE_DG1_and_DG2_1692663240,2023-08-22T00:14:00,2023-08-22T00:15:00,1692663240,74.29,159.85,0.0,0.0,19156.11,8454.7,0.0,0.0
UNHCR_OGOJA_OFFICE_DG1_and_DG2_1692663300,2023-08-22T00:15:00,2023-08-22T00:16:00,1692663300,74.29,159.85,0.0,0.0,19156.11,8454.7,0.0,0.0
UNHCR_OGOJA_OFFICE_DG1_and_DG2_1692663360,2023-08-22T00:16:00,2023-08-22T00:17:00,1692663360,74.29,159.85,0.0,0.0,19156.11,8454.7,0.0,0.0
UNHCR_OGOJA_OFFICE_DG1_and_DG2_1692663420,2023-08-22T00:17:00,2023-08-22T00:18:00,1692663420,73.93,159.85,0.35999999999999943,0.0,19156.11,8454.7,0.0,0.0
UNHCR_OGOJA_OFFICE_DG1_and_DG2_1692663480,2023-08-22T00:18:00,2023-08-22T00:19:00,1692663480,73.93,159.85,0.0,0.0,19156.11,8454.7,0.0,0.0
UNHCR_OGOJA_OFFICE_DG1_and_DG2_1692663540,2023-08-22T00:19:00,2023-08-22T00:20:00,1692663540,73.56,159.85,0.37000000000000455,0.0,19156.11,8454.7,0.0,0.0
UNHCR_OGOJA_OFFICE_DG1_and_DG2_1692663600,2023-08-22T00:20:00,2023-08-22T00:21:00,1692663600,73.2,159.85,0.35999999999999943,0.0,19156.11,8454.7,0.0,0.0
UNHCR_OGOJA_OFFICE_DG1_and_DG2_1692663660,2023-08-22T00:21:00,2023-08-22T00:22:00,1692663660,73.2,159.85,0.0,0.0,19156.11,8454.7,0.0,0.0
UNHCR_OGOJA_OFFICE_DG1_and_DG2_1692663720,2023-08-22T00:22:00,2023-08-22T00:23:00,1692663720,72.84,159.85,0.35999999999999943,0.0,19156.11,8454.7,0.0,0.0
UNHCR_OGOJA_OFFICE_DG1_and_DG2_1692663780,2023-08-22T00:23:00,2023-08-22T00:24:00,1692663780,72.84,159.85,0.0,0.0,19156.11,8454.7,0.0,0.0
UNHCR_OGOJA_OFFICE_DG1_and_DG2_1692663840,2023-08-22T00:24:00,2023-08-22T00:25:00,1692663840,72.84,159.85,0.0,0.0,19156.11,8454.7,0.0,0.0
UNHCR_OGOJA_OFFICE_DG1_and_DG2_1692663900,2023-08-22T00:25:00,2023-08-22T00:26:00,1692663900,72.84,159.85,0.0,0.0,19156.11,8454.7,0.0,0.0
UNHCR_OGOJA_OFFICE_DG1_and_DG2_1692663960,2023-08-22T00:26:00,2023-08-22T00:27:00,1692663960,72.84,159.85,0.0,0.0,19156.11,8454.7,0.0,0.0
UNHCR_OGOJA_OFFICE_DG1_and_DG2_1692664020,2023-08-22T00:27:00,2023-08-22T00:28:00,1692664020,72.84,159.85,0.0,0.0,19156.11,8454.7,0.0,0.0
UNHCR_OGOJA_OFFICE_DG1_and_DG2_1692664080,2023-08-22T00:28:00,2023-08-22T00:29:00,1692664080,72.84,159.85,0.0,0.0,19156.11,8454.7,0.0,0.0
UNHCR_OGOJA_OFFICE_DG1_and_DG2_1692664140,2023-08-22T00:29:00,2023-08-22T00:30:00,1692664140,72.84,159.85,0.0,0.0,19156.11,8454.7,0.0,0.0
UNHCR_OGOJA_OFFICE_DG1_and_DG2_1692664200,2023-08-22T00:30:00,2023-08-22T00:31:00,1692664200,72.84,159.85,0.0,0.0,19156.11,8454.7,0.0,0.0
UNHCR_OGOJA_OFFICE_DG1_and_DG2_1692664260,2023-08-22T00:31:00,2023-08-22T00:32:00,1692664260,72.84,159.85,0.0,0.0,19156.11,8454.7,0.0,0.0
UNHCR_OGOJA_OFFICE_DG1_and_DG2_1692664320,2023-08-22T00:32:00,2023-08-22T00:33:00,1692664320,72.84,159.85,0.0,0.0,19156.11,8454.7,0.0,0.0
UNHCR_OGOJA_OFFICE_DG1_and_DG2_1692664380,2023-08-22T00:33:00,2023-08-22T00:34:00,1692664380,72.84,159.85,0.0,0.0,19156.11,8454.7,0.0,0.0
UNHCR_OGOJA_OFFICE_DG1_and_DG2_1692664440,2023-08-22T00:34:00,2023-08-22T00:35:00,1692664440,72.84,159.85,0.0,0.0,19156.11,8454.7,0.0,0.0
UNHCR_OGOJA_OFFICE_DG1_and_DG2_1692664500,2023-08-22T00:35:00,2023-08-22T00:36:00,1692664500,72.48,159.85,0.35999999999999943,0.0,19156.11,8454.7,0.0,0.0
UNHCR_OGOJA_OFFICE_DG1_and_DG2_1692664560,2023-08-22T00:36:00,2023-08-22T00:37:00,1692664560,72.11,159.85,0.37000000000000455,0.0,19156.11,8454.7,0.0,0.0
UNHCR_OGOJA_OFFICE_DG1_and_DG2_1692664620,2023-08-22T00:37:00,2023-08-22T00:38:00,1692664620,71.75,159.85,0.35999999999999943,0.0,19156.11,8454.7,0.0,0.0
UNHCR_OGOJA_OFFICE_DG1_and_DG2_1692664680,2023-08-22T00:38:00,2023-08-22T00:39:00,1692664680,71.39,159.85,0.35999999999999943,0.0,19156.11,8454.7,0.0,0.0
UNHCR_OGOJA_OFFICE_DG1_and_DG2_1692664740,2023-08-22T00:39:00,2023-08-22T00:40:00,1692664740,71.39,159.85,0.0,0.0,19156.11,8454.7,0.0,0.0
UNHCR_OGOJA_OFFICE_DG1_and_DG2_1692664800,2023-08-22T00:40:00,2023-08-22T00:41:00,1692664800,71.39,159.85,0.0,0.0,19156.11,8454.7,0.0,0.0
UNHCR_OGOJA_OFFICE_DG1_and_DG2_1692664860,2023-08-22T00:41:00,2023-08-22T00:42:00,1692664860,71.39,159.85,0.0,0.0,19156.11,8454.7,0.0,0.0
UNHCR_OGOJA_OFFICE_DG1_and_DG2_1692664920,2023-08-22T00:42:00,2023-08-22T00:43:00,1692664920,71.39,159.85,0.0,0.0,19156.11,8454.7,0.0,0.0
UNHCR_OGOJA_OFFICE_DG1_and_DG2_1692664980,2023-08-22T00:43:00,2023-08-22T00:44:00,1692664980,71.39,159.85,0.0,0.0,19156.11,8454.7,0.0,0.0
UNHCR_OGOJA_OFFICE_DG1_and_DG2_1692665040,2023-08-22T00:44:00,2023-08-22T00:45:00,1692665040,71.39,159.85,0.0,0.0,19156.11,8454.7,0.0,0.0
UNHCR_OGOJA_OFFICE_DG1_and_DG2_1692665100,2023-08-22T00:45:00,2023-08-22T00:46:00,1692665100,71.39,159.85,0.0,0.0,19156.11,8454.7,0.0,0.0
UNHCR_OGOJA_OFFICE_DG1_and_DG2_1692665160,2023-08-22T00:46:00,2023-08-22T00:47:00,1692665160,71.02,159.85,0.37000000000000455,0.0,19156.11,8454.7,0.0,0.0
UNHCR_OGOJA_OFFICE_DG1_and_DG2_1692665220,2023-08-22T00:47:00,2023-08-22T00:48:00,1692665220,71.02,159.85,0.0,0.0,19156.11,8454.7,0.0,0.0
UNHCR_OGOJA_OFFICE_DG1_and_DG2_1692665280,2023-08-22T00:48:00,2023-08-22T00:49:00,1692665280,71.02,159.85,0.0,0.0,19156.11,8454.7,0.0,0.0
UNHCR_OGOJA_OFFICE_DG1_and_DG2_1692665340,2023-08-22T00:49:00,2023-08-22T00:50:00,1692665340,71.02,159.85,0.0,0.0,19156.11,8454.7,0.0,0.0
UNHCR_OGOJA_OFFICE_DG1_and_DG2_1692665400,2023-08-22T00:50:00,2023-08-22T00:51:00,1692665400,71.02,159.85,0.0,0.0,19156.11,8454.7,0.0,0.0
UNHCR_OGOJA_OFFICE_DG1_and_DG2_1692665460,2023-08-22T00:51:00,2023-08-22T00:52:00,1692665460,71.02,159.85,0.0,0.0,19156.11,8454.7,0.0,0.0
UNHCR_OGOJA_OFFICE_DG1_and_DG2_1692665520,2023-08-22T00:52:00,2023-08-22T00:53:00,1692665520,70.66,159.85,0.35999999999999943,0.0,19156.11,8454.7,0.0,0.0
UNHCR_OGOJA_OFFICE_DG1_and_DG2_1692665580,2023-08-22T00:53:00,2023-08-22T00:54:00,1692665580,70.3,159.85,0.35999999999999943,0.0,19156.11,8454.7,0.0,0.0
UNHCR_OGOJA_OFFICE_DG1_and_DG2_1692665640,2023-08-22T00:54:00,2023-08-22T00:55:00,1692665640,70.3,159.85,0.0,0.0,19156.11,8454.7,0.0,0.0
UNHCR_OGOJA_OFFICE_DG1_and_DG2_1692665700,2023-08-22T00:55:00,2023-08-22T00:56:00,1692665700,70.3,159.85,0.0,0.0,19156.11,8454.7,0.0,0.0
UNHCR_OGOJA_OFFICE_DG1_and_DG2_1692665760,2023-08-22T00:56:00,2023-08-22T00:57:00,1692665760,70.3,159.85,0.0,0.0,19156.11,8454.7,0.0,0.0
UNHCR_OGOJA_OFFICE_DG1_and_DG2_1692665820,2023-08-22T00:57:00,2023-08-22T00:58:00,1692665820,70.3,159.85,0.0,0.0,19156.11,8454.7,0.0,0.0
UNHCR_OGOJA_OFFICE_DG1_and_DG2_1692665880,2023-08-22T00:58:00,2023-08-22T00:59:00,1692665880,70.3,159.85,0.0,0.0,19156.11,8454.7,0.0,0.0
UNHCR_OGOJA_OFFICE_DG1_and_DG2_1692665940,2023-08-22T00:59:00,2023-08-22T01:00:00,1692665940,69.94,159.85,0.35999999999999943,0.0,19156.11,8454.7,0.0,0.0
UNHCR_OGOJA_OFFICE_DG1_and_DG2_1692666000,2023-08-22T01:00:00,2023-08-22T01:01:00,1692666000,69.94,159.85,0.0,0.0,19156.11,8454.7,0.0,0.0
UNHCR_OGOJA_OFFICE_DG1_and_DG2_1692666060,2023-08-22T01:01:00,2023-08-22T01:02:00,1692666060,69.94,159.85,0.0,0.0,19156.11,8454.7,0.0,0.0
UNHCR_OGOJA_OFFICE_DG1_and_DG2_1692666120,2023-08-22T01:02:00,2023-08-22T01:03:00,1692666120,69.94,159.85,0.0,0.0,19156.11,8454.7,0.0,0.0
UNHCR_OGOJA_OFFICE_DG1_and_DG2_1692666180,2023-08-22T01:03:00,2023-08-22T01:04:00,1692666180,69.94,159.85,0.0,0.0,19156.11,8454.7,0.0,0.0
UNHCR_OGOJA_OFFICE_DG1_and_DG2_1692666240,2023-08-22T01:04:00,2023-08-22T01:05:00,1692666240,69.94,159.85,0.0,0.0,19156.11,8454.7,0.0,0.0
UNHCR_OGOJA_OFFICE_DG1_and_DG2_1692666300,2023-08-22T01:05:00,2023-08-22T01:06:00,1692666300,69.57,159.85,0.37000000000000455,0.0,19156.11,8454.7,0.0,0.0
UNHCR_OGOJA_OFFICE_DG1_and_DG2_1692666360,2023-08-22T01:06:00,2023-08-22T01:07:00,1692666360,69.21,159.85,0.35999999999999943,0.0,19156.11,8454.7,0.0,0.0
UNHCR_OGOJA_OFFICE_DG1_and_DG2_1692666420,2023-08-22T01:07:00,2023-08-22T01:08:00,1692666420,68.85,159.85,0.35999999999999943,0.0,19156.11,8454.7,0.0,0.0
UNHCR_OGOJA_OFFICE_DG1_and_DG2_1692666480,2023-08-22T01:08:00,2023-08-22T01:09:00,1692666480,68.85,159.85,0.0,0.0,19156.11,8454.7,0.0,0.0
UNHCR_OGOJA_OFFICE_DG1_and_DG2_1692666540,2023-08-22T01:09:00,2023-08-22T01:10:00,1692666540,68.85,159.85,0.0,0.0,19156.11,8454.7,0.0,0.0
UNHCR_OGOJA_OFFICE_DG1_and_DG2_1692666600,2023-08-22T01:10:00,2023-08-22T01:11:00,1692666600,68.85,159.85,0.0,0.0,19156.11,8454.7,0.0,0.0
UNHCR_OGOJA_OFFICE_DG1_and_DG2_1692666660,2023-08-22T01:11:00,2023-08-22T01:12:00,1692666660,68.85,159.85,0.0,0.0,19156.11,8454.7,0.0,0.0
UNHCR_OGOJA_OFFICE_DG1_and_DG2_1692666720,2023-08-22T01:12:00,2023-08-22T01:13:00,1692666720,68.85,159.85,0.0,0.0,19156.11,8454.7,0.0,0.0
UNHCR_OGOJA_OFFICE_DG1_and_DG2_1692666780,2023-08-22T01:13:00,2023-08-22T01:14:00,1692666780,68.85,159.85,0.0,0.0,19156.11,8454.7,0.0,0.0
UNHCR_OGOJA_OFFICE_DG1_and_DG2_1692666840,2023-08-22T01:14:00,2023-08-22T01:15:00,1692666840,68.85,159.85,0.0,0.0,19156.11,8454.7,0.0,0.0
UNHCR_OGOJA_OFFICE_DG1_and_DG2_1692666900,2023-08-22T01:15:00,2023-08-22T01:16:00,1692666900,68.48,159.85,0.36999999999999034,0.0,19156.11,8454.7,0.0,0.0
UNHCR_OGOJA_OFFICE_DG1_and_DG2_1692666960,2023-08-22T01:16:00,2023-08-22T01:17:00,1692666960,68.48,159.85,0.0,0.0,19156.11,8454.7,0.0,0.0
UNHCR_OGOJA_OFFICE_DG1_and_DG2_1692667020,2023-08-22T01:17:00,2023-08-22T01:18:00,1692667020,68.48,159.85,0.0,0.0,19156.11,8454.7,0.0,0.0
UNHCR_OGOJA_OFFICE_DG1_and_DG2_1692667080,2023-08-22T01:18:00,2023-08-22T01:19:00,1692667080,68.48,159.85,0.0,0.0,19156.11,8454.7,0.0,0.0
UNHCR_OGOJA_OFFICE_DG1_and_DG2_1692667140,2023-08-22T01:19:00,2023-08-22T01:20:00,1692667140,68.48,159.85,0.0,0.0,19156.11,8454.7,0.0,0.0
UNHCR_OGOJA_OFFICE_DG1_and_DG2_1692667200,2023-08-22T01:20:00,2023-08-22T01:21:00,1692667200,68.48,159.85,0.0,0.0,19156.11,8454.7,0.0,0.0
UNHCR_OGOJA_OFFICE_DG1_and_DG2_1692667260,2023-08-22T01:21:00,2023-08-22T01:22:00,1692667260,68.12,159.85,0.35999999999999943,0.0,19156.11,8454.7,0.0,0.0
UNHCR_OGOJA_OFFICE_DG1_and_DG2_1692667320,2023-08-22T01:22:00,2023-08-22T01:23:00,1692667320,68.12,159.85,0.0,0.0,19156.11,8454.7,0.0,0.0
UNHCR_OGOJA_OFFICE_DG1_and_DG2_1692667380,2023-08-22T01:23:00,2023-08-22T01:24:00,1692667380,68.12,159.85,0.0,0.0,19156.11,8454.7,0.0,0.0
UNHCR_OGOJA_OFFICE_DG1_and_DG2_1692667440,2023-08-22T01:24:00,2023-08-22T01:25:00,1692667440,68.12,159.85,0.0,0.0,19156.11,8454.7,0.0,0.0
UNHCR_OGOJA_OFFICE_DG1_and_DG2_1692667500,2023-08-22T01:25:00,2023-08-22T01:26:00,1692667500,68.12,159.85,0.0,0.0,19156.11,8454.7,0.0,0.0
UNHCR_OGOJA_OFFICE_DG1_and_DG2_1692667560,2023-08-22T01:26:00,2023-08-22T01:27:00,1692667560,67.76,159.85,0.35999999999999943,0.0,19156.11,8454.7,0.0,0.0
UNHCR_OGOJA_OFFICE_DG1_and_DG2_1692667620,2023-08-22T01:27:00,2023-08-22T01:28:00,1692667620,67.4,159.85,0.35999999999999943,0.0,19156.11,8454.7,0.0,0.0
UNHCR_OGOJA_OFFICE_DG1_and_DG2_1692667680,2023-08-22T01:28:00,2023-08-22T01:29:00,1692667680,67.4,159.85,0.0,0.0,19156.11,8454.7,0.0,0.0
UNHCR_OGOJA_OFFICE_DG1_and_DG2_1692667740,2023-08-22T01:29:00,2023-08-22T01:30:00,1692667740,67.4,159.85,0.0,0.0,19156.11,8454.7,0.0,0.0
UNHCR_OGOJA_OFFICE_DG1_and_DG2_1692667800,2023-08-22T01:30:00,2023-08-22T01:31:00,1692667800,67.4,159.85,0.0,0.0,19156.11,8454.7,0.0,0.0
UNHCR_OGOJA_OFFICE_DG1_and_DG2_1692667860,2023-08-22T01:31:00,2023-08-22T01:32:00,1692667860,67.4,159.85,0.0,0.0,19156.11,8454.7,0.0,0.0
UNHCR_OGOJA_OFFICE_DG1_and_DG2_1692667920,2023-08-22T01:32:00,2023-08-22T01:33:00,1692667920,67.4,159.85,0.0,0.0,19156.11,8454.7,0.0,0.0
UNHCR_OGOJA_OFFICE_DG1_and_DG2_1692667980,2023-08-22T01:33:00,2023-08-22T01:34:00,1692667980,67.03,159.85,0.37000000000000455,0.0,19156.11,8454.7,0.0,0.0
UNHCR_OGOJA_OFFICE_DG1_and_DG2_1692668040,2023-08-22T01:34:00,2023-08-22T01:35:00,1692668040,67.03,159.85,0.0,0.0,19156.11,8454.7,0.0,0.0
UNHCR_OGOJA_OFFICE_DG1_and_DG2_1692668100,2023-08-22T01:35:00,2023-08-22T01:36:00,1692668100,67.03,159.85,0.0,0.0,19156.11,8454.7,0.0,0.0
UNHCR_OGOJA_OFFICE_DG1_and_DG2_1692668160,2023-08-22T01:36:00,2023-08-22T01:37:00,1692668160,67.03,159.85,0.0,0.0,19156.11,8454.7,0.0,0.0
UNHCR_OGOJA_OFFICE_DG1_and_DG2_1692668220,2023-08-22T01:37:00,2023-08-22T01:38:00,1692668220,67.03,159.85,0.0,0.0,19156.11,8454.7,0.0,0.0
UNHCR_OGOJA_OFFICE_DG1_and_DG2_1692668280,2023-08-22T01:38:00,2023-08-22T01:39:00,1692668280,66.67,159.85,0.35999999999999943,0.0,19156.11,8454.7,0.0,0.0
UNHCR_OGOJA_OFFICE_DG1_and_DG2_1692668340,2023-08-22T01:39:00,2023-08-22T01:40:00,1692668340,66.31,159.85,0.35999999999999943,0.0,19156.11,8454.7,0.0,0.0
UNHCR_OGOJA_OFFICE_DG1_and_DG2_1692668400,2023-08-22T01:40:00,2023-08-22T01:41:00,1692668400,66.31,159.85,0.0,0.0,19156.11,8454.7,0.0,0.0
UNHCR_OGOJA_OFFICE_DG1_and_DG2_1692668460,2023-08-22T01:41:00,2023-08-22T01:42:00,1692668460,66.31,159.85,0.0,0.0,19156.11,8454.7,0.0,0.0
UNHCR_OGOJA_OFFICE_DG1_and_DG2_1692668520,2023-08-22T01:42:00,2023-08-22T01:43:00,1692668520,66.31,159.85,0.0,0.0,19156.11,8454.7,0.0,0.0
UNHCR_OGOJA_OFFICE_DG1_and_DG2_1692668580,2023-08-22T01:43:00,2023-08-22T01:44:00,1692668580,66.31,159.85,0.0,0.0,19156.11,8454.7,0.0,0.0
UNHCR_OGOJA_OFFICE_DG1_and_DG2_1692668640,2023-08-22T01:44:00,2023-08-22T01:45:00,1692668640,66.31,159.85,0.0,0.0,19156.11,8454.7,0.0,0.0
UNHCR_OGOJA_OFFICE_DG1_and_DG2_1692668700,2023-08-22T01:45:00,2023-08-22T01:46:00,1692668700,65.94,159.85,0.37000000000000455,0.0,19156.11,8454.7,0.0,0.0
UNHCR_OGOJA_OFFICE_DG1_and_DG2_1692668760,2023-08-22T01:46:00,2023-08-22T01:47:00,1692668760,65.58,159.85,0.35999999999999943,0.0,19156.11,8454.7,0.0,0.0
UNHCR_OGOJA_OFFICE_DG1_and_DG2_1692668820,2023-08-22T01:47:00,2023-08-22T01:48:00,1692668820,65.58,159.85,0.0,0.0,19156.11,8454.7,0.0,0.0
UNHCR_OGOJA_OFFICE_DG1_and_DG2_1692668880,2023-08-22T01:48:00,2023-08-22T01:49:00,1692668880,65.58,159.85,0.0,0.0,19156.11,8454.7,0.0,0.0
UNHCR_OGOJA_OFFICE_DG1_and_DG2_1692668940,2023-08-22T01:49:00,2023-08-22T01:50:00,1692668940,65.58,159.85,0.0,0.0,19156.11,8454.7,0.0,0.0
UNHCR_OGOJA_OFFICE_DG1_and_DG2_1692669000,2023-08-22T01:50:00,2023-08-22T01:51:00,1692669000,65.58,159.85,0.0,0.0,19156.11,8454.7,0.0,0.0
UNHCR_OGOJA_OFFICE_DG1_and_DG2_1692669060,2023-08-22T01:51:00,2023-08-22T01:52:00,1692669060,65.58,159.85,0.0,0.0,19156.11,8454.7,0.0,0.0
UNHCR_OGOJA_OFFICE_DG1_and_DG2_1692669120,2023-08-22T01:52:00,2023-08-22T01:53:00,1692669120,65.58,159.85,0.0,0.0,19156.11,8454.7,0.0,0.0
UNHCR_OGOJA_OFFICE_DG1_and_DG2_1692669180,2023-08-22T01:53:00,2023-08-22T01:54:00,1692669180,65.58,159.85,0.0,0.0,19156.11,8454.7,0.0,0.0
UNHCR_OGOJA_OFFICE_DG1_and_DG2_1692669240,2023-08-22T01:54:00,2023-08-22T01:55:00,1692669240,65.58,159.85,0.0,0.0,19156.11,8454.7,0.0,0.0
UNHCR_OGOJA_OFFICE_DG1_and_DG2_1692669300,2023-08-22T01:55:00,2023-08-22T01:56:00,1692669300,65.58,159.85,0.0,0.0,19156.11,8454.7,0.0,0.0
UNHCR_OGOJA_OFFICE_DG1_and_DG2_1692669360,2023-08-22T01:56:00,2023-08-22T01:57:00,1692669360,65.58,159.85,0.0,0.0,19156.11,8454.7,0.0,0.0
UNHCR_OGOJA_OFFICE_DG1_and_DG2_1692669420,2023-08-22T01:57:00,2023-08-22T01:58:00,1692669420,65.58,159.85,0.0,0.0,19156.11,8454.7,0.0,0.0
UNHCR_OGOJA_OFFICE_DG1_and_DG2_1692669480,2023-08-22T01:58:00,2023-08-22T01:59:00,1692669480,65.22,159.85,0.35999999999999943,0.0,19156.11,8454.7,0.0,0.0
UNHCR_OGOJA_OFFICE_DG1_and_DG2_1692669540,2023-08-22T01:59:00,2023-08-22T02:00:00,1692669540,64.85,159.85,0.37000000000000455,0.0,19156.11,8454.7,0.0,0.0
UNHCR_OGOJA_OFFICE_DG1_and_DG2_1692669600,2023-08-22T02:00:00,2023-08-22T02:01:00,1692669600,64.49,159.85,0.35999999999999943,0.0,19156.11,8454.7,0.0,0.0
UNHCR_OGOJA_OFFICE_DG1_and_DG2_1692669660,2023-08-22T02:01:00,2023-08-22T02:02:00,1692669660,64.13,159.85,0.35999999999999943,0.0,19156.11,8454.7,0.0,0.0
UNHCR_OGOJA_OFFICE_DG1_and_DG2_1692669720,2023-08-22T02:02:00,2023-08-22T02:03:00,1692669720,64.13,159.85,0.0,0.0,19156.11,8454.7,0.0,0.0
UNHCR_OGOJA_OFFICE_DG1_and_DG2_1692669780,2023-08-22T02:03:00,2023-08-22T02:04:00,1692669780,64.13,159.85,0.0,0.0,19156.11,8454.7,0.0,0.0
UNHCR_OGOJA_OFFICE_DG1_and_DG2_1692669840,2023-08-22T02:04:00,2023-08-22T02:05:00,1692669840,64.13,159.85,0.0,0.0,19156.11,8454.7,0.0,0.0
UNHCR_OGOJA_OFFICE_DG1_and_DG2_1692669900,2023-08-22T02:05:00,2023-08-22T02:06:00,1692669900,64.13,159.85,0.0,0.0,19156.11,8454.7,0.0,0.0
UNHCR_OGOJA_OFFICE_DG1_and_DG2_1692669960,2023-08-22T02:06:00,2023-08-22T02:07:00,1692669960,64.13,159.85,0.0,0.0,19156.11,8454.7,0.0,0.0
UNHCR_OGOJA_OFFICE_DG1_and_DG2_1692670020,2023-08-22T02:07:00,2023-08-22T02:08:00,1692670020,64.13,159.85,0.0,0.0,19156.11,8454.7,0.0,0.0
UNHCR_OGOJA_OFFICE_DG1_and_DG2_1692670080,2023-08-22T02:08:00,2023-08-22T02:09:00,1692670080,64.13,159.85,0.0,0.0,19156.11,8454.7,0.0,0.0
UNHCR_OGOJA_OFFICE_DG1_and_DG2_1692670140,2023-08-22T02:09:00,2023-08-22T02:10:00,1692670140,63.77,159.85,0.3599999999999923,0.0,19156.11,8454.7,0.0,0.0
UNHCR_OGOJA_OFFICE_DG1_and_DG2_1692670200,2023-08-22T02:10:00,2023-08-22T02:11:00,1692670200,63.77,159.85,0.0,0.0,19156.11,8454.7,0.0,0.0
UNHCR_OGOJA_OFFICE_DG1_and_DG2_1692670260,2023-08-22T02:11:00,2023-08-22T02:12:00,1692670260,63.77,159.85,0.0,0.0,19156.11,8454.7,0.0,0.0
UNHCR_OGOJA_OFFICE_DG1_and_DG2_1692670320,2023-08-22T02:12:00,2023-08-22T02:13:00,1692670320,63.4,159.85,0.37000000000000455,0.0,19156.11,8454.7,0.0,0.0
UNHCR_OGOJA_OFFICE_DG1_and_DG2_1692670380,2023-08-22T02:13:00,2023-08-22T02:14:00,1692670380,63.4,159.85,0.0,0.0,19156.11,8454.7,0.0,0.0
UNHCR_OGOJA_OFFICE_DG1_and_DG2_1692670440,2023-08-22T02:14:00,2023-08-22T02:15:00,1692670440,63.4,159.85,0.0,0.0,19156.11,8454.7,0.0,0.0
UNHCR_OGOJA_OFFICE_DG1_and_DG2_1692670500,2023-08-22T02:15:00,2023-08-22T02:16:00,1692670500,63.4,159.85,0.0,0.0,19156.11,8454.7,0.0,0.0
UNHCR_OGOJA_OFFICE_DG1_and_DG2_1692670560,2023-08-22T02:16:00,2023-08-22T02:17:00,1692670560,63.4,159.85,0.0,0.0,19156.11,8454.7,0.0,0.0
UNHCR_OGOJA_OFFICE_DG1_and_DG2_1692670620,2023-08-22T02:17:00,2023-08-22T02:18:00,1692670620,63.4,159.85,0.0,0.0,19156.11,8454.7,0.0,0.0
UNHCR_OGOJA_OFFICE_DG1_and_DG2_1692670680,2023-08-22T02:18:00,2023-08-22T02:19:00,1692670680,63.4,159.85,0.0,0.0,19156.11,8454.7,0.0,0.0
UNHCR_OGOJA_OFFICE_DG1_and_DG2_1692670740,2023-08-22T02:19:00,2023-08-22T02:20:00,1692670740,63.04,159.85,0.35999999999999943,0.0,19156.11,8454.7,0.0,0.0
UNHCR_OGOJA_OFFICE_DG1_and_DG2_1692670800,2023-08-22T02:20:00,2023-08-22T02:21:00,1692670800,62.68,159.85,0.35999999999999943,0.0,19156.11,8454.7,0.0,0.0
UNHCR_OGOJA_OFFICE_DG1_and_DG2_1692670860,2023-08-22T02:21:00,2023-08-22T02:22:00,1692670860,62.68,159.85,0.0,0.0,19156.11,8454.7,0.0,0.0
UNHCR_OGOJA_OFFICE_DG1_and_DG2_1692670920,2023-08-22T02:22:00,2023-08-22T02:23:00,1692670920,62.68,159.85,0.0,0.0,19156.11,8454.7,0.0,0.0
UNHCR_OGOJA_OFFICE_DG1_and_DG2_1692670980,2023-08-22T02:23:00,2023-08-22T02:24:00,1692670980,62.68,159.85,0.0,0.0,19156.11,8454.7,0.0,0.0
UNHCR_OGOJA_OFFICE_DG1_and_DG2_1692671040,2023-08-22T02:24:00,2023-08-22T02:25:00,1692671040,62.68,159.85,0.0,0.0,19156.11,8454.7,0.0,0.0
UNHCR_OGOJA_OFFICE_DG1_and_DG2_1692671100,2023-08-22T02:25:00,2023-08-22T02:26:00,1692671100,62.68,159.85,0.0,0.0,19156.11,8454.7,0.0,0.0
UNHCR_OGOJA_OFFICE_DG1_and_DG2_1692671160,2023-08-22T02:26:00,2023-08-22T02:27:00,1692671160,62.31,159.85,0.36999999999999744,0.0,19156.11,8454.7,0.0,0.0
UNHCR_OGOJA_OFFICE_DG1_and_DG2_1692671220,2023-08-22T02:27:00,2023-08-22T02:28:00,1692671220,62.31,159.85,0.0,0.0,19156.11,8454.7,0.0,0.0
UNHCR_OGOJA_OFFICE_DG1_and_DG2_1692671280,2023-08-22T02:28:00,2023-08-22T02:29:00,1692671280,61.95,159.85,0.35999999999999943,0.0,19156.11,8454.7,0.0,0.0
UNHCR_OGOJA_OFFICE_DG1_and_DG2_1692671340,2023-08-22T02:29:00,2023-08-22T02:30:00,1692671340,61.59,159.85,0.35999999999999943,0.0,19156.11,8454.7,0.0,0.0
UNHCR_OGOJA_OFFICE_DG1_and_DG2_1692671400,2023-08-22T02:30:00,2023-08-22T02:31:00,1692671400,61.59,159.85,0.0,0.0,19156.11,8454.7,0.0,0.0
UNHCR_OGOJA_OFFICE_DG1_and_DG2_1692671460,2023-08-22T02:31:00,2023-08-22T02:32:00,1692671460,61.59,159.85,0.0,0.0,19156.11,8454.7,0.0,0.0
UNHCR_OGOJA_OFFICE_DG1_and_DG2_1692671520,2023-08-22T02:32:00,2023-08-22T02:33:00,1692671520,61.59,159.85,0.0,0.0,19156.11,8454.7,0.0,0.0
UNHCR_OGOJA_OFFICE_DG1_and_DG2_1692671580,2023-08-22T02:33:00,2023-08-22T02:34:00,1692671580,61.59,159.85,0.0,0.0,19156.11,8454.7,0.0,0.0
UNHCR_OGOJA_OFFICE_DG1_and_DG2_1692671640,2023-08-22T02:34:00,2023-08-22T02:35:00,1692671640,61.59,159.85,0.0,0.0,19156.11,8454.7,0.0,0.0
UNHCR_OGOJA_OFFICE_DG1_and_DG2_1692671700,2023-08-22T02:35:00,2023-08-22T02:36:00,1692671700,61.59,159.85,0.0,0.0,19156.11,8454.7,0.0,0.0
UNHCR_OGOJA_OFFICE_DG1_and_DG2_1692671760,2023-08-22T02:36:00,2023-08-22T02:37:00,1692671760,61.59,159.85,0.0,0.0,19156.11,8454.7,0.0,0.0
UNHCR_OGOJA_OFFICE_DG1_and_DG2_1692671820,2023-08-22T02:37:00,2023-08-22T02:38:00,1692671820,61.59,159.85,0.0,0.0,19156.11,8454.7,0.0,0.0
UNHCR_OGOJA_OFFICE_DG1_and_DG2_1692671880,2023-08-22T02:38:00,2023-08-22T02:39:00,1692671880,61.23,159.85,0.36000000000000654,0.0,19156.11,8454.7,0.0,0.0
UNHCR_OGOJA_OFFICE_DG1_and_DG2_1692671940,2023-08-22T02:39:00,2023-08-22T02:40:00,1692671940,61.23,159.85,0.0,0.0,19156.11,8454.7,0.0,0.0
UNHCR_OGOJA_OFFICE_DG1_and_DG2_1692672000,2023-08-22T02:40:00,2023-08-22T02:41:00,1692672000,60.86,159.85,0.36999999999999744,0.0,19156.11,8454.7,0.0,0.0
UNHCR_OGOJA_OFFICE_DG1_and_DG2_1692672060,2023-08-22T02:41:00,2023-08-22T02:42:00,1692672060,60.86,159.85,0.0,0.0,19156.11,8454.7,0.0,0.0
UNHCR_OGOJA_OFFICE_DG1_and_DG2_1692672120,2023-08-22T02:42:00,2023-08-22T02:43:00,1692672120,60.5,159.85,0.35999999999999943,0.0,19156.11,8454.7,0.0,0.0
UNHCR_OGOJA_OFFICE_DG1_and_DG2_1692672180,2023-08-22T02:43:00,2023-08-22T02:44:00,1692672180,60.5,159.85,0.0,0.0,19156.11,8454.7,0.0,0.0
UNHCR_OGOJA_OFFICE_DG1_and_DG2_1692672240,2023-08-22T02:44:00,2023-08-22T02:45:00,1692672240,60.5,159.85,0.0,0.0,19156.11,8454.7,0.0,0.0
UNHCR_OGOJA_OFFICE_DG1_and_DG2_1692672300,2023-08-22T02:45:00,2023-08-22T02:46:00,1692672300,60.5,159.85,0.0,0.0,19156.11,8454.7,0.0,0.0
UNHCR_OGOJA_OFFICE_DG1_and_DG2_1692672360,2023-08-22T02:46:00,2023-08-22T02:47:00,1692672360,60.5,159.85,0.0,0.0,19156.11,8454.7,0.0,0.0
UNHCR_OGOJA_OFFICE_DG1_and_DG2_1692672420,2023-08-22T02:47:00,2023-08-22T02:48:00,1692672420,60.5,159.85,0.0,0.0,19156.11,8454.7,0.0,0.0
UNHCR_OGOJA_OFFICE_DG1_and_DG2_1692672480,2023-08-22T02:48:00,2023-08-22T02:49:00,1692672480,60.14,159.85,0.35999999999999943,0.0,19156.11,8454.7,0.0,0.0
UNHCR_OGOJA_OFFICE_DG1_and_DG2_1692672540,2023-08-22T02:49:00,2023-08-22T02:50:00,1692672540,60.14,159.85,0.0,0.0,19156.11,8454.7,0.0,0.0
UNHCR_OGOJA_OFFICE_DG1_and_DG2_1692672600,2023-08-22T02:50:00,2023-08-22T02:51:00,1692672600,59.77,159.85,0.36999999999999744,0.0,19156.11,8454.7,0.0,0.0
UNHCR_OGOJA_OFFICE_DG1_and_DG2_1692672660,2023-08-22T02:51:00,2023-08-22T02:52:00,1692672660,59.77,159.85,0.0,0.0,19156.11,8454.7,0.0,0.0
UNHCR_OGOJA_OFFICE_DG1_and_DG2_1692672720,2023-08-22T02:52:00,2023-08-22T02:53:00,1692672720,59.77,159.85,0.0,0.0,19156.11,8454.7,0.0,0.0
UNHCR_OGOJA_OFFICE_DG1_and_DG2_1692672780,2023-08-22T02:53:00,2023-08-22T02:54:00,1692672780,59.77,159.85,0.0,0.0,19156.11,8454.7,0.0,0.0
UNHCR_OGOJA_OFFICE_DG1_and_DG2_1692672840,2023-08-22T02:54:00,2023-08-22T02:55:00,1692672840,59.77,159.85,0.0,0.0,19156.11,8454.7,0.0,0.0
UNHCR_OGOJA_OFFICE_DG1_and_DG2_1692672900,2023-08-22T02:55:00,2023-08-22T02:56:00,1692672900,59.77,159.85,0.0,0.0,19156.11,8454.7,0.0,0.0
UNHCR_OGOJA_OFFICE_DG1_and_DG2_1692672960,2023-08-22T02:56:00,2023-08-22T02:57:00,1692672960,59.77,159.85,0.0,0.0,19156.11,8454.7,0.0,0.0
UNHCR_OGOJA_OFFICE_DG1_and_DG2_1692673020,2023-08-22T02:57:00,2023-08-22T02:58:00,1692673020,59.77,159.85,0.0,0.0,19156.11,8454.7,0.0,0.0
UNHCR_OGOJA_OFFICE_DG1_and_DG2_1692673080,2023-08-22T02:58:00,2023-08-22T02:59:00,1692673080,59.77,159.85,0.0,0.0,19156.11,8454.7,0.0,0.0
UNHCR_OGOJA_OFFICE_DG1_and_DG2_1692673140,2023-08-22T02:59:00,2023-08-22T03:00:00,1692673140,59.77,159.85,0.0,0.0,19156.11,8454.7,0.0,0.0
UNHCR_OGOJA_OFFICE_DG1_and_DG2_1692673200,2023-08-22T03:00:00,2023-08-22T03:01:00,1692673200,59.41,159.85,0.36000000000000654,0.0,19156.11,8454.7,0.0,0.0
UNHCR_OGOJA_OFFICE_DG1_and_DG2_1692673260,2023-08-22T03:01:00,2023-08-22T03:02:00,1692673260,59.41,159.85,0.0,0.0,19156.11,8454.7,0.0,0.0
UNHCR_OGOJA_OFFICE_DG1_and_DG2_1692673320,2023-08-22T03:02:00,2023-08-22T03:03:00,1692673320,59.41,159.85,0.0,0.0,19156.11,8454.7,0.0,0.0
UNHCR_OGOJA_OFFICE_DG1_and_DG2_1692673380,2023-08-22T03:03:00,2023-08-22T03:04:00,1692673380,59.41,159.85,0.0,0.0,19156.11,8454.7,0.0,0.0
UNHCR_OGOJA_OFFICE_DG1_and_DG2_1692673440,2023-08-22T03:04:00,2023-08-22T03:05:00,1692673440,59.41,159.85,0.0,0.0,19156.11,8454.7,0.0,0.0
UNHCR_OGOJA_OFFICE_DG1_and_DG2_1692673500,2023-08-22T03:05:00,2023-08-22T03:06:00,1692673500,59.05,159.85,0.35999999999999943,0.0,19156.11,8454.7,0.0,0.0
UNHCR_OGOJA_OFFICE_DG1_and_DG2_1692673560,2023-08-22T03:06:00,2023-08-22T03:07:00,1692673560,58.69,159.85,0.35999999999999943,0.0,19156.11,8454.7,0.0,0.0
UNHCR_OGOJA_OFFICE_DG1_and_DG2_1692673620,2023-08-22T03:07:00,2023-08-22T03:08:00,1692673620,58.32,159.85,0.36999999999999744,0.0,19156.11,8454.7,0.0,0.0
UNHCR_OGOJA_OFFICE_DG1_and_DG2_1692673680,2023-08-22T03:08:00,2023-08-22T03:09:00,1692673680,58.32,159.85,0.0,0.0,19156.11,8454.7,0.0,0.0
UNHCR_OGOJA_OFFICE_DG1_and_DG2_1692673740,2023-08-22T03:09:00,2023-08-22T03:10:00,1692673740,58.32,159.85,0.0,0.0,19156.11,8454.7,0.0,0.0
UNHCR_OGOJA_OFFICE_DG1_and_DG2_1692673800,2023-08-22T03:10:00,2023-08-22T03:11:00,1692673800,58.32,159.85,0.0,0.0,19156.11,8454.7,0.0,0.0
UNHCR_OGOJA_OFFICE_DG1_and_DG2_1692673860,2023-08-22T03:11:00,2023-08-22T03:12:00,1692673860,58.32,159.85,0.0,0.0,19156.11,8454.7,0.0,0.0
UNHCR_OGOJA_OFFICE_DG1_and_DG2_1692673920,2023-08-22T03:12:00,2023-08-22T03:13:00,1692673920,58.32,159.85,0.0,0.0,19156.11,8454.7,0.0,0.0
UNHCR_OGOJA_OFFICE_DG1_and_DG2_1692673980,2023-08-22T03:13:00,2023-08-22T03:14:00,1692673980,57.96,159.85,0.35999999999999943,0.0,19156.11,8454.7,0.0,0.0
UNHCR_OGOJA_OFFICE_DG1_and_DG2_1692674040,2023-08-22T03:14:00,2023-08-22T03:15:00,1692674040,57.6,159.85,0.35999999999999943,0.0,19156.11,8454.7,0.0,0.0
UNHCR_OGOJA_OFFICE_DG1_and_DG2_1692674100,2023-08-22T03:15:00,2023-08-22T03:16:00,1692674100,57.6,159.85,0.0,0.0,19156.11,8454.7,0.0,0.0
UNHCR_OGOJA_OFFICE_DG1_and_DG2_1692674160,2023-08-22T03:16:00,2023-08-22T03:17:00,1692674160,57.6,159.85,0.0,0.0,19156.11,8454.7,0.0,0.0
UNHCR_OGOJA_OFFICE_DG1_and_DG2_1692674220,2023-08-22T03:17:00,2023-08-22T03:18:00,1692674220,57.6,159.85,0.0,0.0,19156.11,8454.7,0.0,0.0
UNHCR_OGOJA_OFFICE_DG1_and_DG2_1692674280,2023-08-22T03:18:00,2023-08-22T03:19:00,1692674280,57.6,159.85,0.0,0.0,19156.11,8454.7,0.0,0.0
UNHCR_OGOJA_OFFICE_DG1_and_DG2_1692674340,2023-08-22T03:19:00,2023-08-22T03:20:00,1692674340,57.6,159.85,0.0,0.0,19156.11,8454.7,0.0,0.0
UNHCR_OGOJA_OFFICE_DG1_and_DG2_1692674400,2023-08-22T03:20:00,2023-08-22T03:21:00,1692674400,57.23,159.85,0.37000000000000455,0.0,19156.11,8454.7,0.0,0.0
UNHCR_OGOJA_OFFICE_DG1_and_DG2_1692674460,2023-08-22T03:21:00,2023-08-22T03:22:00,1692674460,57.23,159.85,0.0,0.0,19156.11,8454.7,0.0,0.0
UNHCR_OGOJA_OFFICE_DG1_and_DG2_1692674520,2023-08-22T03:22:00,2023-08-22T03:23:00,1692674520,56.87,159.85,0.35999999999999943,0.0,19156.11,8454.7,0.0,0.0
UNHCR_OGOJA_OFFICE_DG1_and_DG2_1692674580,2023-08-22T03:23:00,2023-08-22T03:24:00,1692674580,56.87,159.85,0.0,0.0,19156.11,8454.7,0.0,0.0
UNHCR_OGOJA_OFFICE_DG1_and_DG2_1692674640,2023-08-22T03:24:00,2023-08-22T03:25:00,1692674640,56.87,159.85,0.0,0.0,19156.11,8454.7,0.0,0.0
UNHCR_OGOJA_OFFICE_DG1_and_DG2_1692674700,2023-08-22T03:25:00,2023-08-22T03:26:00,1692674700,56.87,159.85,0.0,0.0,19156.11,8454.7,0.0,0.0
UNHCR_OGOJA_OFFICE_DG1_and_DG2_1692674760,2023-08-22T03:26:00,2023-08-22T03:27:00,1692674760,56.87,159.85,0.0,0.0,19156.11,8454.7,0.0,0.0
UNHCR_OGOJA_OFFICE_DG1_and_DG2_1692674820,2023-08-22T03:27:00,2023-08-22T03:28:00,1692674820,56.87,159.85,0.0,0.0,19156.11,8454.7,0.0,0.0
UNHCR_OGOJA_OFFICE_DG1_and_DG2_1692674880,2023-08-22T03:28:00,2023-08-22T03:29:00,1692674880,56.87,159.85,0.0,0.0,19156.11,8454.7,0.0,0.0
UNHCR_OGOJA_OFFICE_DG1_and_DG2_1692674940,2023-08-22T03:29:00,2023-08-22T03:30:00,1692674940,56.51,159.85,0.35999999999999943,0.0,19156.11,8454.7,0.0,0.0
UNHCR_OGOJA_OFFICE_DG1_and_DG2_1692675000,2023-08-22T03:30:00,2023-08-22T03:31:00,1692675000,56.51,159.85,0.0,0.0,19156.11,8454.7,0.0,0.0
UNHCR_OGOJA_OFFICE_DG1_and_DG2_1692675060,2023-08-22T03:31:00,2023-08-22T03:32:00,1692675060,56.51,159.85,0.0,0.0,19156.11,8454.7,0.0,0.0
UNHCR_OGOJA_OFFICE_DG1_and_DG2_1692675120,2023-08-22T03:32:00,2023-08-22T03:33:00,1692675120,56.51,159.85,0.0,0.0,19156.11,8454.7,0.0,0.0
UNHCR_OGOJA_OFFICE_DG1_and_DG2_1692675180,2023-08-22T03:33:00,2023-08-22T03:34:00,1692675180,56.51,159.85,0.0,0.0,19156.11,8454.7,0.0,0.0
UNHCR_OGOJA_OFFICE_DG1_and_DG2_1692675240,2023-08-22T03:34:00,2023-08-22T03:35:00,1692675240,56.51,159.85,0.0,0.0,19156.11,8454.7,0.0,0.0
UNHCR_OGOJA_OFFICE_DG1_and_DG2_1692675300,2023-08-22T03:35:00,2023-08-22T03:36:00,1692675300,56.51,159.85,0.0,0.0,19156.11,8454.7,0.0,0.0
UNHCR_OGOJA_OFFICE_DG1_and_DG2_1692675360,2023-08-22T03:36:00,2023-08-22T03:37:00,1692675360,56.15,159.85,0.35999999999999943,0.0,19156.11,8454.7,0.0,0.0
UNHCR_OGOJA_OFFICE_DG1_and_DG2_1692675420,2023-08-22T03:37:00,2023-08-22T03:38:00,1692675420,55.78,159.85,0.36999999999999744,0.0,19156.11,8454.7,0.0,0.0
UNHCR_OGOJA_OFFICE_DG1_and_DG2_1692675480,2023-08-22T03:38:00,2023-08-22T03:39:00,1692675480,55.78,159.85,0.0,0.0,19156.11,8454.7,0.0,0.0
UNHCR_OGOJA_OFFICE_DG1_and_DG2_1692675540,2023-08-22T03:39:00,2023-08-22T03:40:00,1692675540,55.42,159.85,0.35999999999999943,0.0,19156.11,8454.7,0.0,0.0
UNHCR_OGOJA_OFFICE_DG1_and_DG2_1692675600,2023-08-22T03:40:00,2023-08-22T03:41:00,1692675600,55.42,159.85,0.0,0.0,19156.11,8454.7,0.0,0.0
UNHCR_OGOJA_OFFICE_DG1_and_DG2_1692675660,2023-08-22T03:41:00,2023-08-22T03:42:00,1692675660,55.42,159.85,0.0,0.0,19156.11,8454.7,0.0,0.0
UNHCR_OGOJA_OFFICE_DG1_and_DG2_1692675720,2023-08-22T03:42:00,2023-08-22T03:43:00,1692675720,55.42,159.85,0.0,0.0,19156.11,8454.7,0.0,0.0
UNHCR_OGOJA_OFFICE_DG1_and_DG2_1692675780,2023-08-22T03:43:00,2023-08-22T03:44:00,1692675780,55.42,159.85,0.0,0.0,19156.11,8454.7,0.0,0.0
UNHCR_OGOJA_OFFICE_DG1_and_DG2_1692675840,2023-08-22T03:44:00,2023-08-22T03:45:00,1692675840,55.42,159.85,0.0,0.0,19156.11,8454.7,0.0,0.0
UNHCR_OGOJA_OFFICE_DG1_and_DG2_1692675900,2023-08-22T03:45:00,2023-08-22T03:46:00,1692675900,55.42,159.85,0.0,0.0,19156.11,8454.7,0.0,0.0
UNHCR_OGOJA_OFFICE_DG1_and_DG2_1692675960,2023-08-22T03:46:00,2023-08-22T03:47:00,1692675960,55.42,159.85,0.0,0.0,19156.11,8454.7,0.0,0.0
UNHCR_OGOJA_OFFICE_DG1_and_DG2_1692676020,2023-08-22T03:47:00,2023-08-22T03:48:00,1692676020,55.42,159.85,0.0,0.0,19156.11,8454.7,0.0,0.0
UNHCR_OGOJA_OFFICE_DG1_and_DG2_1692676080,2023-08-22T03:48:00,2023-08-22T03:49:00,1692676080,55.42,159.85,0.0,0.0,19156.11,8454.7,0.0,0.0
UNHCR_OGOJA_OFFICE_DG1_and_DG2_1692676140,2023-08-22T03:49:00,2023-08-22T03:50:00,1692676140,55.06,159.85,0.35999999999999943,0.0,19156.11,8454.7,0.0,0.0
UNHCR_OGOJA_OFFICE_DG1_and_DG2_1692676200,2023-08-22T03:50:00,2023-08-22T03:51:00,1692676200,55.06,159.85,0.0,0.0,19156.11,8454.7,0.0,0.0
UNHCR_OGOJA_OFFICE_DG1_and_DG2_1692676260,2023-08-22T03:51:00,2023-08-22T03:52:00,1692676260,55.06,159.85,0.0,0.0,19156.11,8454.7,0.0,0.0
UNHCR_OGOJA_OFFICE_DG1_and_DG2_1692676320,2023-08-22T03:52:00,2023-08-22T03:53:00,1692676320,54.69,159.85,0.37000000000000455,0.0,19156.11,8454.7,0.0,0.0
UNHCR_OGOJA_OFFICE_DG1_and_DG2_1692676380,2023-08-22T03:53:00,2023-08-22T03:54:00,1692676380,54.69,159.85,0.0,0.0,19156.11,8454.7,0.0,0.0
UNHCR_OGOJA_OFFICE_DG1_and_DG2_1692676440,2023-08-22T03:54:00,2023-08-22T03:55:00,1692676440,54.33,159.85,0.35999999999999943,0.0,19156.11,8454.7,0.0,0.0
UNHCR_OGOJA_OFFICE_DG1_and_DG2_1692676500,2023-08-22T03:55:00,2023-08-22T03:56:00,1692676500,53.97,159.85,0.35999999999999943,0.0,19156.11,8454.7,0.0,0.0
UNHCR_OGOJA_OFFICE_DG1_and_DG2_1692676560,2023-08-22T03:56:00,2023-08-22T03:57:00,1692676560,53.97,159.85,0.0,0.0,19156.11,8454.7,0.0,0.0
UNHCR_OGOJA_OFFICE_DG1_and_DG2_1692676620,2023-08-22T03:57:00,2023-08-22T03:58:00,1692676620,53.97,159.85,0.0,0.0,19156.11,8454.7,0.0,0.0
UNHCR_OGOJA_OFFICE_DG1_and_DG2_1692676680,2023-08-22T03:58:00,2023-08-22T03:59:00,1692676680,53.97,159.85,0.0,0.0,19156.11,8454.7,0.0,0.0
UNHCR_OGOJA_OFFICE_DG1_and_DG2_1692676740,2023-08-22T03:59:00,2023-08-22T04:00:00,1692676740,53.97,159.85,0.0,0.0,19156.11,8454.7,0.0,0.0
UNHCR_OGOJA_OFFICE_DG1_and_DG2_1692676800,2023-08-22T04:00:00,2023-08-22T04:01:00,1692676800,53.97,159.85,0.0,0.0,19156.11,8454.7,0.0,0.0
UNHCR_OGOJA_OFFICE_DG1_and_DG2_1692676860,2023-08-22T04:01:00,2023-08-22T04:02:00,1692676860,53.97,159.85,0.0,0.0,19156.11,8454.7,0.0,0.0
UNHCR_OGOJA_OFFICE_DG1_and_DG2_1692676920,2023-08-22T04:02:00,2023-08-22T04:03:00,1692676920,53.97,159.85,0.0,0.0,19156.11,8454.7,0.0,0.0
UNHCR_OGOJA_OFFICE_DG1_and_DG2_1692676980,2023-08-22T04:03:00,2023-08-22T04:04:00,1692676980,53.97,159.85,0.0,0.0,19156.11,8454.7,0.0,0.0
UNHCR_OGOJA_OFFICE_DG1_and_DG2_1692677040,2023-08-22T04:04:00,2023-08-22T04:05:00,1692677040,53.97,159.85,0.0,0.0,19156.11,8454.7,0.0,0.0
UNHCR_OGOJA_OFFICE_DG1_and_DG2_1692677100,2023-08-22T04:05:00,2023-08-22T04:06:00,1692677100,53.97,159.85,0.0,0.0,19156.11,8454.7,0.0,0.0
UNHCR_OGOJA_OFFICE_DG1_and_DG2_1692677160,2023-08-22T04:06:00,2023-08-22T04:07:00,1692677160,53.97,159.85,0.0,0.0,19156.11,8454.7,0.0,0.0
UNHCR_OGOJA_OFFICE_DG1_and_DG2_1692677220,2023-08-22T04:07:00,2023-08-22T04:08:00,1692677220,53.6,159.85,0.36999999999999744,0.0,19156.11,8454.7,0.0,0.0
UNHCR_OGOJA_OFFICE_DG1_and_DG2_1692677280,2023-08-22T04:08:00,2023-08-22T04:09:00,1692677280,53.6,159.85,0.0,0.0,19156.11,8454.7,0.0,0.0
UNHCR_OGOJA_OFFICE_DG1_and_DG2_1692677340,2023-08-22T04:09:00,2023-08-22T04:10:00,1692677340,53.6,159.85,0.0,0.0,19156.11,8454.7,0.0,0.0
UNHCR_OGOJA_OFFICE_DG1_and_DG2_1692677400,2023-08-22T04:10:00,2023-08-22T04:11:00,1692677400,53.24,159.85,0.35999999999999943,0.0,19156.11,8454.7,0.0,0.0
UNHCR_OGOJA_OFFICE_DG1_and_DG2_1692677460,2023-08-22T04:11:00,2023-08-22T04:12:00,1692677460,53.24,159.85,0.0,0.0,19156.11,8454.7,0.0,0.0
UNHCR_OGOJA_OFFICE_DG1_and_DG2_1692677520,2023-08-22T04:12:00,2023-08-22T04:13:00,1692677520,53.24,159.85,0.0,0.0,19156.11,8454.7,0.0,0.0
UNHCR_OGOJA_OFFICE_DG1_and_DG2_1692677580,2023-08-22T04:13:00,2023-08-22T04:14:00,1692677580,52.88,159.85,0.35999999999999943,0.0,19156.11,8454.7,0.0,0.0
UNHCR_OGOJA_OFFICE_DG1_and_DG2_1692677640,2023-08-22T04:14:00,2023-08-22T04:15:00,1692677640,52.88,159.85,0.0,0.0,19156.11,8454.7,0.0,0.0
UNHCR_OGOJA_OFFICE_DG1_and_DG2_1692677700,2023-08-22T04:15:00,2023-08-22T04:16:00,1692677700,52.52,159.85,0.35999999999999943,0.0,19156.11,8454.7,0.0,0.0
UNHCR_OGOJA_OFFICE_DG1_and_DG2_1692677760,2023-08-22T04:16:00,2023-08-22T04:17:00,1692677760,52.52,159.85,0.0,0.0,19156.11,8454.7,0.0,0.0
UNHCR_OGOJA_OFFICE_DG1_and_DG2_1692677820,2023-08-22T04:17:00,2023-08-22T04:18:00,1692677820,52.52,159.85,0.0,0.0,19156.11,8454.7,0.0,0.0
UNHCR_OGOJA_OFFICE_DG1_and_DG2_1692677880,2023-08-22T04:18:00,2023-08-22T04:19:00,1692677880,52.52,159.85,0.0,0.0,19156.11,8454.7,0.0,0.0
UNHCR_OGOJA_OFFICE_DG1_and_DG2_1692677940,2023-08-22T04:19:00,2023-08-22T04:20:00,1692677940,52.52,159.85,0.0,0.0,19156.11,8454.7,0.0,0.0
UNHCR_OGOJA_OFFICE_DG1_and_DG2_1692678000,2023-08-22T04:20:00,2023-08-22T04:21:00,1692678000,52.52,159.85,0.0,0.0,19156.11,8454.7,0.0,0.0
UNHCR_OGOJA_OFFICE_DG1_and_DG2_1692678060,2023-08-22T04:21:00,2023-08-22T04:22:00,1692678060,52.52,159.85,0.0,0.0,19156.11,8454.7,0.0,0.0
UNHCR_OGOJA_OFFICE_DG1_and_DG2_1692678120,2023-08-22T04:22:00,2023-08-22T04:23:00,1692678120,52.15,159.85,0.37000000000000455,0.0,19156.11,8454.7,0.0,0.0
UNHCR_OGOJA_OFFICE_DG1_and_DG2_1692678180,2023-08-22T04:23:00,2023-08-22T04:24:00,1692678180,52.15,159.85,0.0,0.0,19156.11,8454.7,0.0,0.0
UNHCR_OGOJA_OFFICE_DG1_and_DG2_1692678240,2023-08-22T04:24:00,2023-08-22T04:25:00,1692678240,52.15,159.85,0.0,0.0,19156.11,8454.7,0.0,0.0
UNHCR_OGOJA_OFFICE_DG1_and_DG2_1692678300,2023-08-22T04:25:00,2023-08-22T04:26:00,1692678300,51.79,159.85,0.35999999999999943,0.0,19156.11,8454.7,0.0,0.0
UNHCR_OGOJA_OFFICE_DG1_and_DG2_1692678360,2023-08-22T04:26:00,2023-08-22T04:27:00,1692678360,51.79,159.85,0.0,0.0,19156.11,8454.7,0.0,0.0
UNHCR_OGOJA_OFFICE_DG1_and_DG2_1692678420,2023-08-22T04:27:00,2023-08-22T04:28:00,1692678420,51.79,159.85,0.0,0.0,19156.11,8454.7,0.0,0.0
UNHCR_OGOJA_OFFICE_DG1_and_DG2_1692678480,2023-08-22T04:28:00,2023-08-22T04:29:00,1692678480,51.79,159.85,0.0,0.0,19156.11,8454.7,0.0,0.0
UNHCR_OGOJA_OFFICE_DG1_and_DG2_1692678540,2023-08-22T04:29:00,2023-08-22T04:30:00,1692678540,51.79,159.85,0.0,0.0,19156.11,8454.7,0.0,0.0
UNHCR_OGOJA_OFFICE_DG1_and_DG2_1692678600,2023-08-22T04:30:00,2023-08-22T04:31:00,1692678600,51.43,159.85,0.35999999999999943,0.0,19156.11,8454.7,0.0,0.0
UNHCR_OGOJA_OFFICE_DG1_and_DG2_1692678660,2023-08-22T04:31:00,2023-08-22T04:32:00,1692678660,51.06,159.85,0.36999999999999744,0.0,19156.11,8454.7,0.0,0.0
UNHCR_OGOJA_OFFICE_DG1_and_DG2_1692678720,2023-08-22T04:32:00,2023-08-22T04:33:00,1692678720,51.06,159.85,0.0,0.0,19156.11,8454.7,0.0,0.0
UNHCR_OGOJA_OFFICE_DG1_and_DG2_1692678780,2023-08-22T04:33:00,2023-08-22T04:34:00,1692678780,51.06,159.85,0.0,0.0,19156.11,8454.7,0.0,0.0
UNHCR_OGOJA_OFFICE_DG1_and_DG2_1692678840,2023-08-22T04:34:00,2023-08-22T04:35:00,1692678840,51.06,159.85,0.0,0.0,19156.11,8454.7,0.0,0.0
UNHCR_OGOJA_OFFICE_DG1_and_DG2_1692678900,2023-08-22T04:35:00,2023-08-22T04:36:00,1692678900,51.06,159.85,0.0,0.0,19156.11,8454.7,0.0,0.0
UNHCR_OGOJA_OFFICE_DG1_and_DG2_1692678960,2023-08-22T04:36:00,2023-08-22T04:37:00,1692678960,51.06,159.85,0.0,0.0,19156.11,8454.7,0.0,0.0
UNHCR_OGOJA_OFFICE_DG1_and_DG2_1692679020,2023-08-22T04:37:00,2023-08-22T04:38:00,1692679020,51.06,159.85,0.0,0.0,19156.11,8454.7,0.0,0.0
UNHCR_OGOJA_OFFICE_DG1_and_DG2_1692679080,2023-08-22T04:38:00,2023-08-22T04:39:00,1692679080,51.06,159.85,0.0,0.0,19156.11,8454.7,0.0,0.0
UNHCR_OGOJA_OFFICE_DG1_and_DG2_1692679140,2023-08-22T04:39:00,2023-08-22T04:40:00,1692679140,51.06,159.85,0.0,0.0,19156.11,8454.7,0.0,0.0
UNHCR_OGOJA_OFFICE_DG1_and_DG2_1692679200,2023-08-22T04:40:00,2023-08-22T04:41:00,1692679200,51.06,159.85,0.0,0.0,19156.11,8454.7,0.0,0.0
UNHCR_OGOJA_OFFICE_DG1_and_DG2_1692679260,2023-08-22T04:41:00,2023-08-22T04:42:00,1692679260,51.06,159.85,0.0,0.0,19156.11,8454.7,0.0,0.0
UNHCR_OGOJA_OFFICE_DG1_and_DG2_1692679320,2023-08-22T04:42:00,2023-08-22T04:43:00,1692679320,50.7,159.85,0.35999999999999943,0.0,19156.11,8454.7,0.0,0.0
UNHCR_OGOJA_OFFICE_DG1_and_DG2_1692679380,2023-08-22T04:43:00,2023-08-22T04:44:00,1692679380,50.7,159.85,0.0,0.0,19156.11,8454.7,0.0,0.0
UNHCR_OGOJA_OFFICE_DG1_and_DG2_1692679440,2023-08-22T04:44:00,2023-08-22T04:45:00,1692679440,50.34,159.85,0.35999999999999943,0.0,19156.11,8454.7,0.0,0.0
UNHCR_OGOJA_OFFICE_DG1_and_DG2_1692679500,2023-08-22T04:45:00,2023-08-22T04:46:00,1692679500,49.98,159.85,0.36000000000000654,0.0,19156.11,8454.7,0.0,0.0
UNHCR_OGOJA_OFFICE_DG1_and_DG2_1692679560,2023-08-22T04:46:00,2023-08-22T04:47:00,1692679560,49.98,159.85,0.0,0.0,19156.11,8454.7,0.0,0.0
UNHCR_OGOJA_OFFICE_DG1_and_DG2_1692679620,2023-08-22T04:47:00,2023-08-22T04:48:00,1692679620,49.61,159.85,0.36999999999999744,0.0,19156.11,8454.7,0.0,0.0
UNHCR_OGOJA_OFFICE_DG1_and_DG2_1692679680,2023-08-22T04:48:00,2023-08-22T04:49:00,1692679680,49.61,159.85,0.0,0.0,19156.11,8454.7,0.0,0.0
UNHCR_OGOJA_OFFICE_DG1_and_DG2_1692679740,2023-08-22T04:49:00,2023-08-22T04:50:00,1692679740,49.61,159.85,0.0,0.0,19156.11,8454.7,0.0,0.0
UNHCR_OGOJA_OFFICE_DG1_and_DG2_1692679800,2023-08-22T04:50:00,2023-08-22T04:51:00,1692679800,49.61,159.85,0.0,0.0,19156.11,8454.7,0.0,0.0
UNHCR_OGOJA_OFFICE_DG1_and_DG2_1692679860,2023-08-22T04:51:00,2023-08-22T04:52:00,1692679860,49.61,159.85,0.0,0.0,19156.11,8454.7,0.0,0.0
UNHCR_OGOJA_OFFICE_DG1_and_DG2_1692679920,2023-08-22T04:52:00,2023-08-22T04:53:00,1692679920,49.61,159.85,0.0,0.0,19156.11,8454.7,0.0,0.0
UNHCR_OGOJA_OFFICE_DG1_and_DG2_1692679980,2023-08-22T04:53:00,2023-08-22T04:54:00,1692679980,49.61,159.85,0.0,0.0,19156.11,8454.7,0.0,0.0
UNHCR_OGOJA_OFFICE_DG1_and_DG2_1692680040,2023-08-22T04:54:00,2023-08-22T04:55:00,1692680040,49.61,159.85,0.0,0.0,19156.11,8454.7,0.0,0.0
UNHCR_OGOJA_OFFICE_DG1_and_DG2_1692680100,2023-08-22T04:55:00,2023-08-22T04:56:00,1692680100,49.61,159.85,0.0,0.0,19156.11,8454.7,0.0,0.0
UNHCR_OGOJA_OFFICE_DG1_and_DG2_1692680160,2023-08-22T04:56:00,2023-08-22T04:57:00,1692680160,49.61,159.85,0.0,0.0,19156.11,8454.7,0.0,0.0
UNHCR_OGOJA_OFFICE_DG1_and_DG2_1692680220,2023-08-22T04:57:00,2023-08-22T04:58:00,1692680220,49.25,159.85,0.35999999999999943,0.0,19156.11,8454.7,0.0,0.0
UNHCR_OGOJA_OFFICE_DG1_and_DG2_1692680280,2023-08-22T04:58:00,2023-08-22T04:59:00,1692680280,49.25,159.85,0.0,0.0,19156.11,8454.7,0.0,0.0
UNHCR_OGOJA_OFFICE_DG1_and_DG2_1692680340,2023-08-22T04:59:00,2023-08-22T05:00:00,1692680340,49.25,159.85,0.0,0.0,19156.11,8454.7,0.0,0.0
UNHCR_OGOJA_OFFICE_DG1_and_DG2_1692680400,2023-08-22T05:00:00,2023-08-22T05:01:00,1692680400,49.25,159.85,0.0,0.0,19156.11,8454.7,0.0,0.0
UNHCR_OGOJA_OFFICE_DG1_and_DG2_1692680460,2023-08-22T05:01:00,2023-08-22T05:02:00,1692680460,49.25,159.85,0.0,0.0,19156.11,8454.7,0.0,0.0
UNHCR_OGOJA_OFFICE_DG1_and_DG2_1692680520,2023-08-22T05:02:00,2023-08-22T05:03:00,1692680520,49.25,159.85,0.0,0.0,19156.11,8454.7,0.0,0.0
UNHCR_OGOJA_OFFICE_DG1_and_DG2_1692680580,2023-08-22T05:03:00,2023-08-22T05:04:00,1692680580,48.89,159.85,0.35999999999999943,0.0,19156.11,8454.7,0.0,0.0
UNHCR_OGOJA_OFFICE_DG1_and_DG2_1692680640,2023-08-22T05:04:00,2023-08-22T05:05:00,1692680640,48.52,159.85,0.36999999999999744,0.0,19156.11,8454.7,0.0,0.0
UNHCR_OGOJA_OFFICE_DG1_and_DG2_1692680700,2023-08-22T05:05:00,2023-08-22T05:06:00,1692680700,48.16,159.85,0.36000000000000654,0.0,19156.11,8454.7,0.0,0.0
UNHCR_OGOJA_OFFICE_DG1_and_DG2_1692680760,2023-08-22T05:06:00,2023-08-22T05:07:00,1692680760,48.16,159.85,0.0,0.0,19156.11,8454.7,0.0,0.0
UNHCR_OGOJA_OFFICE_DG1_and_DG2_1692680820,2023-08-22T05:07:00,2023-08-22T05:08:00,1692680820,48.16,159.85,0.0,0.0,19156.11,8454.7,0.0,0.0
UNHCR_OGOJA_OFFICE_DG1_and_DG2_1692680880,2023-08-22T05:08:00,2023-08-22T05:09:00,1692680880,48.16,159.85,0.0,0.0,19156.11,8454.7,0.0,0.0
UNHCR_OGOJA_OFFICE_DG1_and_DG2_1692680940,2023-08-22T05:09:00,2023-08-22T05:10:00,1692680940,48.16,159.85,0.0,0.0,19156.11,8454.7,0.0,0.0
UNHCR_OGOJA_OFFICE_DG1_and_DG2_1692681000,2023-08-22T05:10:00,2023-08-22T05:11:00,1692681000,48.16,159.85,0.0,0.0,19156.11,8454.7,0.0,0.0
UNHCR_OGOJA_OFFICE_DG1_and_DG2_1692681060,2023-08-22T05:11:00,2023-08-22T05:12:00,1692681060,48.16,159.85,0.0,0.0,19156.11,8454.7,0.0,0.0
UNHCR_OGOJA_OFFICE_DG1_and_DG2_1692681120,2023-08-22T05:12:00,2023-08-22T05:13:00,1692681120,47.8,159.85,0.35999999999999943,0.0,19156.11,8454.7,0.0,0.0
UNHCR_OGOJA_OFFICE_DG1_and_DG2_1692681180,2023-08-22T05:13:00,2023-08-22T05:14:00,1692681180,47.44,159.85,0.35999999999999943,0.0,19156.11,8454.7,0.0,0.0
UNHCR_OGOJA_OFFICE_DG1_and_DG2_1692681240,2023-08-22T05:14:00,2023-08-22T05:15:00,1692681240,47.07,159.85,0.36999999999999744,0.0,19156.11,8454.7,0.0,0.0
UNHCR_OGOJA_OFFICE_DG1_and_DG2_1692681300,2023-08-22T05:15:00,2023-08-22T05:16:00,1692681300,47.07,159.85,0.0,0.0,19156.11,8454.7,0.0,0.0
UNHCR_OGOJA_OFFICE_DG1_and_DG2_1692681360,2023-08-22T05:16:00,2023-08-22T05:17:00,1692681360,47.07,159.85,0.0,0.0,19156.11,8454.7,0.0,0.0
UNHCR_OGOJA_OFFICE_DG1_and_DG2_1692681420,2023-08-22T05:17:00,2023-08-22T05:18:00,1692681420,47.07,159.85,0.0,0.0,19156.11,8454.7,0.0,0.0
UNHCR_OGOJA_OFFICE_DG1_and_DG2_1692681480,2023-08-22T05:18:00,2023-08-22T05:19:00,1692681480,47.07,159.85,0.0,0.0,19156.11,8454.7,0.0,0.0
UNHCR_OGOJA_OFFICE_DG1_and_DG2_1692681540,2023-08-22T05:19:00,2023-08-22T05:20:00,1692681540,47.07,159.85,0.0,0.0,19156.11,8454.7,0.0,0.0
UNHCR_OGOJA_OFFICE_DG1_and_DG2_1692681600,2023-08-22T05:20:00,2023-08-22T05:21:00,1692681600,46.71,159.85,0.35999999999999943,0.0,19156.11,8454.7,0.0,0.0
UNHCR_OGOJA_OFFICE_DG1_and_DG2_1692681660,2023-08-22T05:21:00,2023-08-22T05:22:00,1692681660,46.71,159.85,0.0,0.0,19156.11,8454.7,0.0,0.0
UNHCR_OGOJA_OFFICE_DG1_and_DG2_1692681720,2023-08-22T05:22:00,2023-08-22T05:23:00,1692681720,46.71,159.85,0.0,0.0,19156.11,8454.7,0.0,0.0
UNHCR_OGOJA_OFFICE_DG1_and_DG2_1692681780,2023-08-22T05:23:00,2023-08-22T05:24:00,1692681780,46.71,159.85,0.0,0.0,19156.11,8454.7,0.0,0.0
UNHCR_OGOJA_OFFICE_DG1_and_DG2_1692681840,2023-08-22T05:24:00,2023-08-22T05:25:00,1692681840,46.71,159.85,0.0,0.0,19156.11,8454.7,0.0,0.0
UNHCR_OGOJA_OFFICE_DG1_and_DG2_1692681900,2023-08-22T05:25:00,2023-08-22T05:26:00,1692681900,46.71,159.85,0.0,0.0,19156.11,8454.7,0.0,0.0
UNHCR_OGOJA_OFFICE_DG1_and_DG2_1692681960,2023-08-22T05:26:00,2023-08-22T05:27:00,1692681960,46.71,159.85,0.0,0.0,19156.11,8454.7,0.0,0.0
UNHCR_OGOJA_OFFICE_DG1_and_DG2_1692682020,2023-08-22T05:27:00,2023-08-22T05:28:00,1692682020,46.71,159.85,0.0,0.0,19156.11,8454.7,0.0,0.0
UNHCR_OGOJA_OFFICE_DG1_and_DG2_1692682080,2023-08-22T05:28:00,2023-08-22T05:29:00,1692682080,46.71,159.85,0.0,0.0,19156.11,8454.7,0.0,0.0
UNHCR_OGOJA_OFFICE_DG1_and_DG2_1692682140,2023-08-22T05:29:00,2023-08-22T05:30:00,1692682140,46.71,159.85,0.0,0.0,19156.11,8454.7,0.0,0.0
UNHCR_OGOJA_OFFICE_DG1_and_DG2_1692682200,2023-08-22T05:30:00,2023-08-22T05:31:00,1692682200,46.71,159.85,0.0,0.0,19156.11,8454.7,0.0,0.0
UNHCR_OGOJA_OFFICE_DG1_and_DG2_1692682260,2023-08-22T05:31:00,2023-08-22T05:32:00,1692682260,46.71,159.85,0.0,0.0,19156.11,8454.7,0.0,0.0
UNHCR_OGOJA_OFFICE_DG1_and_DG2_1692682320,2023-08-22T05:32:00,2023-08-22T05:33:00,1692682320,46.71,159.85,0.0,0.0,19156.11,8454.7,0.0,0.0
UNHCR_OGOJA_OFFICE_DG1_and_DG2_1692682380,2023-08-22T05:33:00,2023-08-22T05:34:00,1692682380,46.35,159.85,0.35999999999999943,0.0,19156.11,8454.7,0.0,0.0
UNHCR_OGOJA_OFFICE_DG1_and_DG2_1692682440,2023-08-22T05:34:00,2023-08-22T05:35:00,1692682440,45.98,159.85,0.37000000000000455,0.0,19156.11,8454.7,0.0,0.0
UNHCR_OGOJA_OFFICE_DG1_and_DG2_1692682500,2023-08-22T05:35:00,2023-08-22T05:36:00,1692682500,45.62,159.85,0.35999999999999943,0.0,19156.11,8454.7,0.0,0.0
UNHCR_OGOJA_OFFICE_DG1_and_DG2_1692682560,2023-08-22T05:36:00,2023-08-22T05:37:00,1692682560,45.26,159.85,0.35999999999999943,0.0,19156.11,8454.7,0.0,0.0
UNHCR_OGOJA_OFFICE_DG1_and_DG2_1692682620,2023-08-22T05:37:00,2023-08-22T05:38:00,1692682620,45.26,159.85,0.0,0.0,19156.11,8454.7,0.0,0.0
UNHCR_OGOJA_OFFICE_DG1_and_DG2_1692682680,2023-08-22T05:38:00,2023-08-22T05:39:00,1692682680,45.26,159.85,0.0,0.0,19156.11,8454.7,0.0,0.0
UNHCR_OGOJA_OFFICE_DG1_and_DG2_1692682740,2023-08-22T05:39:00,2023-08-22T05:40:00,1692682740,45.26,159.85,0.0,0.0,19156.11,8454.7,0.0,0.0
UNHCR_OGOJA_OFFICE_DG1_and_DG2_1692682800,2023-08-22T05:40:00,2023-08-22T05:41:00,1692682800,45.26,159.85,0.0,0.0,19156.11,8454.7,0.0,0.0
UNHCR_OGOJA_OFFICE_DG1_and_DG2_1692682860,2023-08-22T05:41:00,2023-08-22T05:42:00,1692682860,45.26,159.85,0.0,0.0,19156.11,8454.7,0.0,0.0
UNHCR_OGOJA_OFFICE_DG1_and_DG2_1692682920,2023-08-22T05:42:00,2023-08-22T05:43:00,1692682920,45.26,159.85,0.0,0.0,19156.11,8454.7,0.0,0.0
UNHCR_OGOJA_OFFICE_DG1_and_DG2_1692682980,2023-08-22T05:43:00,2023-08-22T05:44:00,1692682980,45.26,159.85,0.0,0.0,19156.11,8454.7,0.0,0.0
UNHCR_OGOJA_OFFICE_DG1_and_DG2_1692683040,2023-08-22T05:44:00,2023-08-22T05:45:00,1692683040,45.26,159.85,0.0,0.0,19156.11,8454.7,0.0,0.0
