key,start,end,epoch,tankl1,tankl2,deltal1,deltal2,hrs1,hrs2,deltahrs1,deltahrs2,GB1_kwh
TARABA_DG1_And_DG2_1699228800_OFFICE-00980AA1,2023-11-06 00:00:00,2023-11-06 00:15:00,1699228800,74.35,207.91,0.73,0.0,7529.13,7030.38,-7528.31,-7030.38,0.0
TARABA_DG1_And_DG2_1699229700_OFFICE-00980AA1,2023-11-06 00:15:00,2023-11-06 00:30:00,1699229700,73.62,207.91,1.08,0.0,7529.13,7030.63,-7528.31,-7030.63,0.0
TARABA_DG1_And_DG2_1699230600_OFFICE-00980AA1,2023-11-06 00:30:00,2023-11-06 00:45:00,1699230600,72.9,207.91,0.72,0.0,7529.13,7030.88,-7528.31,-7030.88,0.0
TARABA_DG1_And_DG2_1699231500_OFFICE-00980AA1,2023-11-06 00:45:00,2023-11-06 01:00:00,1699231500,71.45,207.91,1.44,0.0,7529.13,7031.13,-7528.31,-7031.13,0.0
TARABA_DG1_And_DG2_1699232400_OFFICE-00980AA1,2023-11-06 01:00:00,2023-11-06 01:15:00,1699232400,70.36,207.91,1.08,0.0,7529.13,7031.38,-7528.31,-7031.38,0.0
TARABA_DG1_And_DG2_1699233300_OFFICE-00980AA1,2023-11-06 01:15:00,2023-11-06 01:30:00,1699233300,69.28,207.91,1.08,0.0,7529.13,7031.63,-7528.31,-7031.63,0.0
TARABA_DG1_And_DG2_1699234200_OFFICE-00980AA1,2023-11-06 01:30:00,2023-11-06 01:45:00,1699234200,68.19,207.91,1.08,0.0,7529.13,7031.88,-7528.31,-7031.88,0.0
TARABA_DG1_And_DG2_1699235100_OFFICE-00980AA1,2023-11-06 01:45:00,2023-11-06 02:00:00,1699235100,67.1,207.91,1.08,0.0,7529.13,7032.14,-7528.31,-7032.14,0.0
TARABA_DG1_And_DG2_1699236000_OFFICE-00980AA1,2023-11-06 02:00:00,2023-11-06 02:15:00,1699236000,65.65,207.91,1.08,0.0,7529.13,7032.38,-7528.31,-7032.38,0.0
TARABA_DG1_And_DG2_1699236900_OFFICE-00980AA1,2023-11-06 02:15:00,2023-11-06 02:30:00,1699236900,65.29,207.91,0.72,0.0,7529.13,7032.64,-7528.31,-7032.64,0.0
TARABA_DG1_And_DG2_1699237800_OFFICE-00980AA1,2023-11-06 02:30:00,2023-11-06 02:45:00,1699237800,64.2,207.91,0.73,0.0,7529.13,7032.88,-7528.31,-7032.88,0.0
TARABA_DG1_And_DG2_1699238700_OFFICE-00980AA1,2023-11-06 02:45:00,2023-11-06 03:00:00,1699238700,63.11,207.91,1.45,0.0,7529.13,7033.14,-7528.31,-7033.14,0.0
TARABA_DG1_And_DG2_1699239600_OFFICE-00980AA1,2023-11-06 03:00:00,2023-11-06 03:15:00,1699239600,61.66,207.91,1.44,0.0,7529.13,7033.38,-7528.31,-7033.38,0.0
TARABA_DG1_And_DG2_1699240500_OFFICE-00980AA1,2023-11-06 03:15:00,2023-11-06 03:30:00,1699240500,60.94,207.91,0.36,0.0,7529.13,7033.64,-7528.31,-7033.64,0.0
TARABA_DG1_And_DG2_1699241400_OFFICE-00980AA1,2023-11-06 03:30:00,2023-11-06 03:45:00,1699241400,60.58,207.91,0.72,0.0,7529.13,7033.88,-7528.31,-7033.88,0.0
TARABA_DG1_And_DG2_1699242300_OFFICE-00980AA1,2023-11-06 03:45:00,2023-11-06 04:00:00,1699242300,59.12,207.91,1.46,0.0,7529.13,7034.14,-7528.31,-7034.14,0.0
TARABA_DG1_And_DG2_1699243200_OFFICE-00980AA1,2023-11-06 04:00:00,2023-11-06 04:15:00,1699243200,58.04,207.91,0.72,0.0,7529.13,7034.39,-7528.31,-7034.39,0.0
TARABA_DG1_And_DG2_1699244100_OFFICE-00980AA1,2023-11-06 04:15:00,2023-11-06 04:30:00,1699244100,56.95,207.91,1.44,0.0,7529.13,7034.64,-7528.31,-7034.64,0.0
TARABA_DG1_And_DG2_1699245000_OFFICE-00980AA1,2023-11-06 04:30:00,2023-11-06 04:45:00,1699245000,56.22,207.91,0.73,0.0,7529.13,7034.89,-7528.31,-7034.89,0.0
TARABA_DG1_And_DG2_1699245900_OFFICE-00980AA1,2023-11-06 04:45:00,2023-11-06 05:00:00,1699245900,54.78,207.91,1.44,0.0,7529.13,7035.14,-7528.31,-7035.14,0.0
TARABA_DG1_And_DG2_1699246800_OFFICE-00980AA1,2023-11-06 05:00:00,2023-11-06 05:15:00,1699246800,54.05,207.91,0.73,0.0,7529.13,7035.39,-7528.31,-7035.39,0.0
TARABA_DG1_And_DG2_1699247700_OFFICE-00980AA1,2023-11-06 05:15:00,2023-11-06 05:30:00,1699247700,53.32,207.91,0.73,0.0,7529.13,7035.64,-7528.31,-7035.64,0.0
TARABA_DG1_And_DG2_1699248600_OFFICE-00980AA1,2023-11-06 05:30:00,2023-11-06 05:45:00,1699248600,52.6,207.91,0.72,0.0,7529.13,7035.89,-7528.31,-7035.89,0.0
TARABA_DG1_And_DG2_1699249500_OFFICE-00980AA1,2023-11-06 05:45:00,2023-11-06 06:00:00,1699249500,51.51,207.91,1.08,0.0,7529.13,7036.14,-7528.31,-7036.14,0.0
TARABA_DG1_And_DG2_1699250400_OFFICE-00980AA1,2023-11-06 06:00:00,2023-11-06 06:15:00,1699250400,50.06,207.91,1.44,0.0,7529.13,7036.39,-7528.31,-7036.39,0.0
TARABA_DG1_And_DG2_1699251300_OFFICE-00980AA1,2023-11-06 06:15:00,2023-11-06 06:30:00,1699251300,48.98,207.91,1.08,0.0,7529.13,7036.64,-7528.31,-7036.64,0.0
TARABA_DG1_And_DG2_1699252200_OFFICE-00980AA1,2023-11-06 06:30:00,2023-11-06 06:45:00,1699252200,48.25,207.91,0.73,0.0,7529.13,7036.89,-7528.31,-7036.89,0.0
TARABA_DG1_And_DG2_1699253100_OFFICE-00980AA1,2023-11-06 06:45:00,2023-11-06 07:00:00,1699253100,46.44,207.91,1.44,0.0,7529.13,7037.14,-7528.31,-7037.14,0.0
TARABA_DG1_And_DG2_1699254000_OFFICE-00980AA1,2023-11-06 07:00:00,2023-11-06 07:15:00,1699254000,44.99,207.91,1.80,0.0,7529.13,7037.39,-7528.31,-7037.39,0.0
TARABA_DG1_And_DG2_1699254900_OFFICE-00980AA1,2023-11-06 07:15:00,2023-11-06 07:30:00,1699254900,43.54,207.91,1.08,0.0,7529.13,7037.64,-7528.31,-7037.64,0.0
TARABA_DG1_And_DG2_1699255800_OFFICE-00980AA1,2023-11-06 07:30:00,2023-11-06 07:45:00,1699255800,42.09,207.91,1.80,0.0,7529.13,7037.89,-7528.31,-7037.89,0.0
TARABA_DG1_And_DG2_1699256700_OFFICE-00980AA1,2023-11-06 07:45:00,2023-11-06 08:00:00,1699256700,41,207.91,1.08,0.0,7529.13,7038.14,-7528.31,-7038.14,0.0
TARABA_DG1_And_DG2_1699257600_OFFICE-00980AA1,2023-11-06 08:00:00,2023-11-06 08:15:00,1699257600,41,207.91,0.0,0.0,7529.13,7038.39,-7528.31,-7038.39,0.0
TARABA_DG1_And_DG2_1699258500_OFFICE-00980AA1,2023-11-06 08:15:00,2023-11-06 08:30:00,1699258500,41,207.91,0.0,0.0,7529.13,7038.64,-7528.31,-7038.64,0.0
TARABA_DG1_And_DG2_1699259400_OFFICE-00980AA1,2023-11-06 08:30:00,2023-11-06 08:45:00,1699259400,41,207.91,0.0,0.0,7529.13,7038.89,-7528.31,-7038.89,0.0
TARABA_DG1_And_DG2_1699260300_OFFICE-00980AA1,2023-11-06 08:45:00,2023-11-06 09:00:00,1699260300,41,207.91,0.0,0.0,7529.13,7039.14,-7528.31,-7039.14,0.0
TARABA_DG1_And_DG2_1699261200_OFFICE-00980AA1,2023-11-06 09:00:00,2023-11-06 09:15:00,1699261200,41,207.91,0.0,0.0,7529.13,7039.39,-7528.31,-7039.39,0.0
TARABA_DG1_And_DG2_1699262100_OFFICE-00980AA1,2023-11-06 09:15:00,2023-11-06 09:30:00,1699262100,41,207.91,0.0,0.0,7529.13,7039.64,-7528.31,-7039.64,0.0
TARABA_DG1_And_DG2_1699263000_OFFICE-00980AA1,2023-11-06 09:30:00,2023-11-06 09:45:00,1699263000,41,207.91,0.0,0.0,7529.13,7039.89,-7528.31,-7039.89,0.0
TARABA_DG1_And_DG2_1699263900_OFFICE-00980AA1,2023-11-06 09:45:00,2023-11-06 10:00:00,1699263900,41,207.91,0.0,0.0,7529.13,7040.14,-7528.31,-7040.14,0.0
TARABA_DG1_And_DG2_1699264800_OFFICE-00980AA1,2023-11-06 10:00:00,2023-11-06 10:15:00,1699264800,41,207.91,0.0,0.0,7529.13,7040.39,-7528.31,-7040.39,0.0
TARABA_DG1_And_DG2_1699265700_OFFICE-00980AA1,2023-11-06 10:15:00,2023-11-06 10:30:00,1699265700,41,207.91,0.0,0.0,7529.13,7040.62,-7528.31,-7040.62,0.0
TARABA_DG1_And_DG2_1699266600_OFFICE-00980AA1,2023-11-06 10:30:00,2023-11-06 10:45:00,1699266600,41,207.91,0.0,0.0,7529.13,7040.87,-7528.31,-7040.87,0.0
TARABA_DG1_And_DG2_1699267500_OFFICE-00980AA1,2023-11-06 10:45:00,2023-11-06 11:00:00,1699267500,41,207.91,0.0,0.0,7529.13,7041.12,-7528.31,-7041.12,0.0
TARABA_DG1_And_DG2_1699268400_OFFICE-00980AA1,2023-11-06 11:00:00,2023-11-06 11:15:00,1699268400,41,207.91,0.0,0.0,7529.13,7041.37,-7528.31,-7041.37,0.0
TARABA_DG1_And_DG2_1699269300_OFFICE-00980AA1,2023-11-06 11:15:00,2023-11-06 11:30:00,1699269300,41,207.91,0.0,0.0,7529.13,7041.62,-7528.31,-7041.62,0.0
TARABA_DG1_And_DG2_1699270200_OFFICE-00980AA1,2023-11-06 11:30:00,2023-11-06 11:45:00,1699270200,41,207.91,0.0,0.0,7529.13,7041.87,-7528.31,-7041.87,0.0
TARABA_DG1_And_DG2_1699271100_OFFICE-00980AA1,2023-11-06 11:45:00,2023-11-06 12:00:00,1699271100,41,207.91,0.0,0.0,7529.13,7042.06,-7528.31,-7042.06,0.0
TARABA_DG1_And_DG2_1699272000_OFFICE-00980AA1,2023-11-06 12:00:00,2023-11-06 12:15:00,1699272000,41,207.91,0.0,0.0,7529.13,7042.06,-7528.31,-7042.06,0.0
TARABA_DG1_And_DG2_1699272900_OFFICE-00980AA1,2023-11-06 12:15:00,2023-11-06 12:30:00,1699272900,41,207.91,0.0,0.0,7529.13,7042.06,-7528.31,-7042.06,0.0
TARABA_DG1_And_DG2_1699273800_OFFICE-00980AA1,2023-11-06 12:30:00,2023-11-06 12:45:00,1699273800,41,207.91,0.0,0.0,7529.13,7042.18,-7528.31,-7042.18,0.0
TARABA_DG1_And_DG2_1699274700_OFFICE-00980AA1,2023-11-06 12:45:00,2023-11-06 13:00:00,1699274700,41,207.91,0.0,0.0,7529.13,7042.42,-7528.31,-7042.42,0.0
TARABA_DG1_And_DG2_1699275600_OFFICE-00980AA1,2023-11-06 13:00:00,2023-11-06 13:15:00,1699275600,41,207.91,0.0,0.0,7529.13,7042.42,-7528.31,-7042.42,0.0
TARABA_DG1_And_DG2_1699276500_OFFICE-00980AA1,2023-11-06 13:15:00,2023-11-06 13:30:00,1699276500,41,207.91,0.0,0.0,7529.13,7042.42,-7528.31,-7042.42,0.0
TARABA_DG1_And_DG2_1699277400_OFFICE-00980AA1,2023-11-06 13:30:00,2023-11-06 13:45:00,1699277400,41,207.91,0.0,0.0,7529.13,7042.42,-7528.31,-7042.42,0.0
TARABA_DG1_And_DG2_1699278300_OFFICE-00980AA1,2023-11-06 13:45:00,2023-11-06 14:00:00,1699278300,41,207.91,0.0,0.0,7529.13,7042.42,-7528.31,-7042.42,0.0
TARABA_DG1_And_DG2_1699279200_OFFICE-00980AA1,2023-11-06 14:00:00,2023-11-06 14:15:00,1699279200,41,207.91,0.0,0.0,7529.13,7042.42,-7528.31,-7042.42,0.0
TARABA_DG1_And_DG2_1699280100_OFFICE-00980AA1,2023-11-06 14:15:00,2023-11-06 14:30:00,1699280100,41,207.91,0.0,0.0,7529.13,7042.42,-7528.31,-7042.42,0.0
TARABA_DG1_And_DG2_1699281000_OFFICE-00980AA1,2023-11-06 14:30:00,2023-11-06 14:45:00,1699281000,41,207.91,0.0,0.0,7529.13,7042.42,-7528.31,-7042.42,0.0
TARABA_DG1_And_DG2_1699281900_OFFICE-00980AA1,2023-11-06 14:45:00,2023-11-06 15:00:00,1699281900,41,207.91,0.0,0.0,7529.13,7042.42,-7528.31,-7042.42,0.0
TARABA_DG1_And_DG2_1699282800_OFFICE-00980AA1,2023-11-06 15:00:00,2023-11-06 15:15:00,1699282800,41,207.91,0.0,0.0,7529.13,7042.42,-7528.31,-7042.42,0.0
TARABA_DG1_And_DG2_1699283700_OFFICE-00980AA1,2023-11-06 15:15:00,2023-11-06 15:30:00,1699283700,41,207.91,0.0,0.0,7529.13,7042.42,-7528.31,-7042.42,0.0
TARABA_DG1_And_DG2_1699284600_OFFICE-00980AA1,2023-11-06 15:30:00,2023-11-06 15:45:00,1699284600,41,207.91,0.0,0.0,7529.13,7042.42,-7528.31,-7042.42,0.0
TARABA_DG1_And_DG2_1699285500_OFFICE-00980AA1,2023-11-06 15:45:00,2023-11-06 16:00:00,1699285500,41,207.91,0.0,0.0,7529.13,7042.42,-7528.31,-7042.42,0.0
TARABA_DG1_And_DG2_1699286400_OFFICE-00980AA1,2023-11-06 16:00:00,2023-11-06 16:15:00,1699286400,41,207.91,0.0,0.0,7529.13,7042.67,-7528.31,-7042.67,0.0
TARABA_DG1_And_DG2_1699287300_OFFICE-00980AA1,2023-11-06 16:15:00,2023-11-06 16:30:00,1699287300,41,207.91,0.0,0.0,7529.13,7042.92,-7528.31,-7042.92,0.0
TARABA_DG1_And_DG2_1699288200_OFFICE-00980AA1,2023-11-06 16:30:00,2023-11-06 16:45:00,1699288200,41,207.91,0.0,0.0,7529.13,7043.17,-7528.31,-7043.17,0.0
TARABA_DG1_And_DG2_1699289100_OFFICE-00980AA1,2023-11-06 16:45:00,2023-11-06 17:00:00,1699289100,146.49,207.91,0.0,0.0,7529.13,7043.42,-7528.31,-7043.42,0.0
TARABA_DG1_And_DG2_1699290000_OFFICE-00980AA1,2023-11-06 17:00:00,2023-11-06 17:15:00,1699290000,188.9,207.91,0.72,0.0,7529.13,7043.67,-7528.31,-7043.67,0.0
TARABA_DG1_And_DG2_1699290900_OFFICE-00980AA1,2023-11-06 17:15:00,2023-11-06 17:30:00,1699290900,187.81,207.91,1.08,0.0,7529.13,7043.92,-7528.31,-7043.92,0.0
TARABA_DG1_And_DG2_1699291800_OFFICE-00980AA1,2023-11-06 17:30:00,2023-11-06 17:45:00,1699291800,186.36,207.91,1.45,0.0,7529.13,7044.17,-7528.31,-7044.17,0.0
TARABA_DG1_And_DG2_1699292700_OFFICE-00980AA1,2023-11-06 17:45:00,2023-11-06 18:00:00,1699292700,184.55,207.91,1.45,0.0,7529.13,7044.42,-7528.31,-7044.42,0.0
TARABA_DG1_And_DG2_1699293600_OFFICE-00980AA1,2023-11-06 18:00:00,2023-11-06 18:15:00,1699293600,183.82,207.91,1.08,0.0,7529.13,7044.64,-7528.31,-7044.64,0.0
TARABA_DG1_And_DG2_1699294500_OFFICE-00980AA1,2023-11-06 18:15:00,2023-11-06 18:30:00,1699294500,182.38,207.91,1.44,0.0,7529.13,7044.89,-7528.31,-7044.89,0.0
TARABA_DG1_And_DG2_1699295400_OFFICE-00980AA1,2023-11-06 18:30:00,2023-11-06 18:45:00,1699295400,180.92,207.91,1.46,0.0,7529.13,7045.14,-7528.31,-7045.14,0.0
TARABA_DG1_And_DG2_1699296300_OFFICE-00980AA1,2023-11-06 18:45:00,2023-11-06 19:00:00,1699296300,180.2,207.91,0.72,0.0,7529.13,7045.39,-7528.31,-7045.39,0.0
TARABA_DG1_And_DG2_1699297200_OFFICE-00980AA1,2023-11-06 19:00:00,2023-11-06 19:15:00,1699297200,179.11,207.91,1.08,0.0,7529.13,7045.64,-7528.31,-7045.64,0.0
TARABA_DG1_And_DG2_1699298100_OFFICE-00980AA1,2023-11-06 19:15:00,2023-11-06 19:30:00,1699298100,179.11,207.91,0.0,0.0,7529.13,7045.89,-7528.31,-7045.89,0.0
TARABA_DG1_And_DG2_1699299000_OFFICE-00980AA1,2023-11-06 19:30:00,2023-11-06 19:45:00,1699299000,177.3,207.91,1.80,0.0,7529.13,7046.14,-7528.31,-7046.14,0.0
TARABA_DG1_And_DG2_1699299900_OFFICE-00980AA1,2023-11-06 19:45:00,2023-11-06 20:00:00,1699299900,175.85,207.91,1.45,0.0,7529.13,7046.39,-7528.31,-7046.39,0.0
TARABA_DG1_And_DG2_1699300800_OFFICE-00980AA1,2023-11-06 20:00:00,2023-11-06 20:15:00,1699300800,175.85,207.91,0.0,0.0,7529.13,7046.64,-7528.31,-7046.64,0.0
TARABA_DG1_And_DG2_1699301700_OFFICE-00980AA1,2023-11-06 20:15:00,2023-11-06 20:30:00,1699301700,174.76,207.91,1.08,0.0,7529.13,7046.89,-7528.31,-7046.89,0.0
TARABA_DG1_And_DG2_1699302600_OFFICE-00980AA1,2023-11-06 20:30:00,2023-11-06 20:45:00,1699302600,173.68,207.91,1.08,0.0,7529.13,7047.14,-7528.31,-7047.14,0.0
TARABA_DG1_And_DG2_1699303500_OFFICE-00980AA1,2023-11-06 20:45:00,2023-11-06 21:00:00,1699303500,171.86,207.91,1.81,0.0,7529.13,7047.39,-7528.31,-7047.39,0.0
TARABA_DG1_And_DG2_1699304400_OFFICE-00980AA1,2023-11-06 21:00:00,2023-11-06 21:15:00,1699304400,170.41,207.91,1.45,0.0,7529.13,7047.64,-7528.31,-7047.64,0.0
TARABA_DG1_And_DG2_1699305300_OFFICE-00980AA1,2023-11-06 21:15:00,2023-11-06 21:30:00,1699305300,170.41,207.91,0.0,0.0,7529.13,7047.89,-7528.31,-7047.89,0.0
TARABA_DG1_And_DG2_1699306200_OFFICE-00980AA1,2023-11-06 21:30:00,2023-11-06 21:45:00,1699306200,169.32,207.91,1.08,0.0,7529.13,7048.14,-7528.31,-7048.14,0.0
TARABA_DG1_And_DG2_1699307100_OFFICE-00980AA1,2023-11-06 21:45:00,2023-11-06 22:00:00,1699307100,167.88,207.91,1.44,0.0,7529.13,7048.39,-7528.31,-7048.39,0.0
TARABA_DG1_And_DG2_1699308000_OFFICE-00980AA1,2023-11-06 22:00:00,2023-11-06 22:15:00,1699308000,167.51,207.91,2.54,0.0,7529.13,7048.64,-7528.31,-7048.64,0.0
TARABA_DG1_And_DG2_1699308900_OFFICE-00980AA1,2023-11-06 22:15:00,2023-11-06 22:30:00,1699308900,165.7,207.91,1.80,0.0,7529.13,7048.88,-7528.31,-7048.88,0.0
TARABA_DG1_And_DG2_1699309800_OFFICE-00980AA1,2023-11-06 22:30:00,2023-11-06 22:45:00,1699309800,164.98,207.91,0.72,0.0,7529.13,7049.13,-7528.31,-7049.13,0.0
TARABA_DG1_And_DG2_1699310700_OFFICE-00980AA1,2023-11-06 22:45:00,2023-11-06 23:00:00,1699310700,164.25,207.91,0.37,0.0,7529.13,7049.38,-7528.31,-7049.38,0.0
TARABA_DG1_And_DG2_1699311600_OFFICE-00980AA1,2023-11-06 23:00:00,2023-11-06 23:15:00,1699311600,162.44,207.91,2.17,0.0,7529.13,7049.63,-7528.31,-7049.63,0.0
TARABA_DG1_And_DG2_1699312500_OFFICE-00980AA1,2023-11-06 23:15:00,2023-11-06 23:30:00,1699312500,161.71,207.91,0.73,0.0,7529.13,7049.88,-7528.31,-7049.88,0.0
TARABA_DG1_And_DG2_1699313400_OFFICE-00980AA1,2023-11-06 23:30:00,2023-11-06 23:45:00,1699313400,160.26,207.91,1.44,0.0,7529.13,7050.13,-7528.31,-7050.13,0.0
TARABA_DG1_And_DG2_1699314300_OFFICE-00980AA1,2023-11-06 23:45:00,2023-11-07 00:00:00,1699314300,159.9,207.91,0.36,0.0,7529.13,7050.38,-7528.31,-7050.38,0.0
