key,start,end,epoch,tankl1,tankl2,deltal1,deltal2,hrs1,hrs2,deltahrs1,deltahrs2,GB1_kwh
OGOJA_GUEST_HOUSE_1698451200_HOUSE-00980AA3,2023-10-28 00:00:00,2023-10-28 00:15:00,1698451200,137.14,175.18,1.06,0.0,21,251.78,-1,-74.94,1.93
OGOJA_GUEST_HOUSE_1698452100_HOUSE-00980AA3,2023-10-28 00:15:00,2023-10-28 00:30:00,1698452100,136.07,175.18,1.06,0.0,21,252.03,-1,-75.19,2.135
OGOJA_GUEST_HOUSE_1698453000_HOUSE-00980AA3,2023-10-28 00:30:00,2023-10-28 00:45:00,1698453000,134.64,175.18,1.42,0.0,21,252.28,-1,-75.44,2.144
OGOJA_GUEST_HOUSE_1698453900_HOUSE-00980AA3,2023-10-28 00:45:00,2023-10-28 01:00:00,1698453900,133.21,175.18,1.42,0.0,21,252.53,-1,-75.69,2.214
OGOJA_GUEST_HOUSE_1698454800_HOUSE-00980AA3,2023-10-28 01:00:00,2023-10-28 01:15:00,1698454800,131.79,175.18,1.42,0.0,21,252.78,-1,-75.94,1.958
OGOJA_GUEST_HOUSE_1698455700_HOUSE-00980AA3,2023-10-28 01:15:00,2023-10-28 01:30:00,1698455700,130.72,175.18,1.06,0.0,21,253.03,-1,-76.19,1.976
OGOJA_GUEST_HOUSE_1698456600_HOUSE-00980AA3,2023-10-28 01:30:00,2023-10-28 01:45:00,1698456600,129.29,175.18,1.42,0.0,21,253.28,-1,-76.44,2.003
OGOJA_GUEST_HOUSE_1698457500_HOUSE-00980AA3,2023-10-28 01:45:00,2023-10-28 02:00:00,1698457500,128.22,175.18,1.06,0.0,21,253.53,-1,-76.69,1.844
OGOJA_GUEST_HOUSE_1698458400_HOUSE-00980AA3,2023-10-28 02:00:00,2023-10-28 02:15:00,1698458400,126.79,175.18,1.42,0.0,21,253.78,-1,-76.94,1.929
OGOJA_GUEST_HOUSE_1698459300_HOUSE-00980AA3,2023-10-28 02:15:00,2023-10-28 02:30:00,1698459300,125.01,175.18,1.42,0.0,21,254.03,-1,-77.19,1.885
OGOJA_GUEST_HOUSE_1698460200_HOUSE-00980AA3,2023-10-28 02:30:00,2023-10-28 02:45:00,1698460200,123.94,175.18,1.42,0.0,21,254.28,-1,-77.44,1.886
OGOJA_GUEST_HOUSE_1698461100_HOUSE-00980AA3,2023-10-28 02:45:00,2023-10-28 03:00:00,1698461100,122.51,175.18,1.43,0.0,21,254.53,-1,-77.69,1.846
OGOJA_GUEST_HOUSE_1698462000_HOUSE-00980AA3,2023-10-28 03:00:00,2023-10-28 03:15:00,1698462000,121.44,175.18,1.06,0.0,21,254.78,-1,-77.94,1.956
OGOJA_GUEST_HOUSE_1698462900_HOUSE-00980AA3,2023-10-28 03:15:00,2023-10-28 03:30:00,1698462900,120.01,175.18,1.42,0.0,21,255.03,-1,-78.19,1.793
OGOJA_GUEST_HOUSE_1698463800_HOUSE-00980AA3,2023-10-28 03:30:00,2023-10-28 03:45:00,1698463800,118.23,175.18,1.42,0.0,21,255.28,-1,-78.44,1.686
OGOJA_GUEST_HOUSE_1698464700_HOUSE-00980AA3,2023-10-28 03:45:00,2023-10-28 04:00:00,1698464700,117.51,175.18,1.06,0.0,21,255.53,-1,-78.69,1.565
OGOJA_GUEST_HOUSE_1698465600_HOUSE-00980AA3,2023-10-28 04:00:00,2023-10-28 04:15:00,1698465600,116.08,175.18,1.42,0.0,21,255.78,-1,-78.94,1.72
OGOJA_GUEST_HOUSE_1698466500_HOUSE-00980AA3,2023-10-28 04:15:00,2023-10-28 04:30:00,1698466500,115.37,175.18,0.71,0.0,21,256.03,-1,-79.19,1.762
OGOJA_GUEST_HOUSE_1698467400_HOUSE-00980AA3,2023-10-28 04:30:00,2023-10-28 04:45:00,1698467400,113.23,175.18,2.13,0.0,21,256.28,-1,-79.44,2.196
OGOJA_GUEST_HOUSE_1698468300_HOUSE-00980AA3,2023-10-28 04:45:00,2023-10-28 05:00:00,1698468300,111.80,175.18,1.42,0.0,21,256.53,-1,-79.69,2.56
OGOJA_GUEST_HOUSE_1698469200_HOUSE-00980AA3,2023-10-28 05:00:00,2023-10-28 05:15:00,1698469200,110.37,175.18,1.06,0.0,21,256.78,-1,-79.94,2.131
OGOJA_GUEST_HOUSE_1698470100_HOUSE-00980AA3,2023-10-28 05:15:00,2023-10-28 05:30:00,1698470100,109.30,175.18,1.42,0.0,21,257.03,-1,-80.19,2.136
OGOJA_GUEST_HOUSE_1698471000_HOUSE-00980AA3,2023-10-28 05:30:00,2023-10-28 05:45:00,1698471000,107.52,175.18,1.77,0.0,21,257.28,-1,-80.44,2.174
OGOJA_GUEST_HOUSE_1698471900_HOUSE-00980AA3,2023-10-28 05:45:00,2023-10-28 06:00:00,1698471900,106.45,175.18,0.71,0.0,21,257.53,-1,-80.69,2.204
OGOJA_GUEST_HOUSE_1698472800_HOUSE-00980AA3,2023-10-28 06:00:00,2023-10-28 06:15:00,1698472800,104.67,175.18,1.78,0.0,21,257.78,-1,-80.94,2.064
OGOJA_GUEST_HOUSE_1698473700_HOUSE-00980AA3,2023-10-28 06:15:00,2023-10-28 06:30:00,1698473700,103.59,175.18,1.42,0.0,21,258.03,-1,-81.19,1.442
OGOJA_GUEST_HOUSE_1698474600_HOUSE-00980AA3,2023-10-28 06:30:00,2023-10-28 06:45:00,1698474600,102.52,175.18,1.06,0.0,21,258.28,-1,-81.44,1.427
OGOJA_GUEST_HOUSE_1698475500_HOUSE-00980AA3,2023-10-28 06:45:00,2023-10-28 07:00:00,1698475500,101.10,175.18,1.42,0.0,21,258.53,-1,-81.69,1.48
OGOJA_GUEST_HOUSE_1698476400_HOUSE-00980AA3,2023-10-28 07:00:00,2023-10-28 07:15:00,1698476400,100.38,175.18,0.72,0.0,21,258.78,-1,-81.94,1.437
OGOJA_GUEST_HOUSE_1698477300_HOUSE-00980AA3,2023-10-28 07:15:00,2023-10-28 07:30:00,1698477300,98.60,175.18,1.77,0.0,21,259.03,-1,-82.19,1.655
OGOJA_GUEST_HOUSE_1698478200_HOUSE-00980AA3,2023-10-28 07:30:00,2023-10-28 07:45:00,1698478200,97.89,175.18,0.71,0.0,21,259.27,-1,-82.43,1.995
OGOJA_GUEST_HOUSE_1698479100_HOUSE-00980AA3,2023-10-28 07:45:00,2023-10-28 08:00:00,1698479100,192.45,175.18,0.0,0.0,21,259.27,-1,-82.43,2.026
OGOJA_GUEST_HOUSE_1698480000_HOUSE-00980AA3,2023-10-28 08:00:00,2023-10-28 08:15:00,1698480000,192.45,175.18,0.0,0.0,21,259.27,-1,-82.43,2.379
OGOJA_GUEST_HOUSE_1698480900_HOUSE-00980AA3,2023-10-28 08:15:00,2023-10-28 08:30:00,1698480900,192.45,175.18,0.0,0.0,21,259.27,-1,-82.43,2.467
OGOJA_GUEST_HOUSE_1698481800_HOUSE-00980AA3,2023-10-28 08:30:00,2023-10-28 08:45:00,1698481800,192.45,175.18,0.0,0.0,21,259.27,-1,-82.43,2.672
OGOJA_GUEST_HOUSE_1698482700_HOUSE-00980AA3,2023-10-28 08:45:00,2023-10-28 09:00:00,1698482700,192.45,175.18,0.0,0.0,21,259.27,-1,-82.43,3.072
OGOJA_GUEST_HOUSE_1698483600_HOUSE-00980AA3,2023-10-28 09:00:00,2023-10-28 09:15:00,1698483600,192.45,175.18,0.0,0.0,21,259.27,-1,-82.43,2.774
OGOJA_GUEST_HOUSE_1698484500_HOUSE-00980AA3,2023-10-28 09:15:00,2023-10-28 09:30:00,1698484500,192.45,175.18,0.0,0.0,21,259.27,-1,-82.43,2.81
OGOJA_GUEST_HOUSE_1698485400_HOUSE-00980AA3,2023-10-28 09:30:00,2023-10-28 09:45:00,1698485400,192.45,175.18,0.0,0.0,21,259.27,-1,-82.43,2.405
OGOJA_GUEST_HOUSE_1698486300_HOUSE-00980AA3,2023-10-28 09:45:00,2023-10-28 10:00:00,1698486300,192.45,175.18,0.0,0.0,21,259.27,-1,-82.43,2.336
OGOJA_GUEST_HOUSE_1698487200_HOUSE-00980AA3,2023-10-28 10:00:00,2023-10-28 10:15:00,1698487200,192.45,175.18,0.0,0.0,21,259.27,-1,-82.43,2.404
OGOJA_GUEST_HOUSE_1698488100_HOUSE-00980AA3,2023-10-28 10:15:00,2023-10-28 10:30:00,1698488100,192.45,175.18,0.0,0.0,21,259.27,-1,-82.43,2.606
OGOJA_GUEST_HOUSE_1698489000_HOUSE-00980AA3,2023-10-28 10:30:00,2023-10-28 10:45:00,1698489000,192.45,175.18,0.0,0.0,21,259.27,-1,-82.43,2.902
OGOJA_GUEST_HOUSE_1698489900_HOUSE-00980AA3,2023-10-28 10:45:00,2023-10-28 11:00:00,1698489900,192.45,175.18,0.0,0.0,21,259.27,-1,-82.43,2.764
OGOJA_GUEST_HOUSE_1698490800_HOUSE-00980AA3,2023-10-28 11:00:00,2023-10-28 11:15:00,1698490800,192.45,175.18,0.0,0.0,21,259.27,-1,-82.43,3.155
OGOJA_GUEST_HOUSE_1698491700_HOUSE-00980AA3,2023-10-28 11:15:00,2023-10-28 11:30:00,1698491700,192.45,175.18,0.0,0.0,21,259.27,-1,-82.43,3.508
OGOJA_GUEST_HOUSE_1698492600_HOUSE-00980AA3,2023-10-28 11:30:00,2023-10-28 11:45:00,1698492600,192.45,175.18,0.0,0.0,21,259.27,-1,-82.43,3.431
OGOJA_GUEST_HOUSE_1698493500_HOUSE-00980AA3,2023-10-28 11:45:00,2023-10-28 12:00:00,1698493500,192.45,175.18,0.0,0.0,21,259.27,-1,-82.43,3.364
OGOJA_GUEST_HOUSE_1698494400_HOUSE-00980AA3,2023-10-28 12:00:00,2023-10-28 12:15:00,1698494400,192.45,175.18,0.0,0.0,21,259.27,-1,-82.43,3.577
OGOJA_GUEST_HOUSE_1698495300_HOUSE-00980AA3,2023-10-28 12:15:00,2023-10-28 12:30:00,1698495300,192.45,175.18,0.0,0.0,21,259.27,-1,-82.43,3.808
OGOJA_GUEST_HOUSE_1698496200_HOUSE-00980AA3,2023-10-28 12:30:00,2023-10-28 12:45:00,1698496200,192.45,175.18,0.0,0.0,21,259.27,-1,-82.43,4.12
OGOJA_GUEST_HOUSE_1698497100_HOUSE-00980AA3,2023-10-28 12:45:00,2023-10-28 13:00:00,1698497100,192.45,175.18,0.0,0.0,21,259.27,-1,-82.43,3.909
OGOJA_GUEST_HOUSE_1698498000_HOUSE-00980AA3,2023-10-28 13:00:00,2023-10-28 13:15:00,1698498000,192.45,175.18,0.0,0.0,21,259.27,-1,-82.43,3.943
OGOJA_GUEST_HOUSE_1698498900_HOUSE-00980AA3,2023-10-28 13:15:00,2023-10-28 13:30:00,1698498900,192.45,175.18,0.0,0.0,21,259.27,-1,-82.43,3.508
OGOJA_GUEST_HOUSE_1698499800_HOUSE-00980AA3,2023-10-28 13:30:00,2023-10-28 13:45:00,1698499800,192.45,175.18,0.0,0.0,21,259.27,-1,-82.43,3.207
OGOJA_GUEST_HOUSE_1698500700_HOUSE-00980AA3,2023-10-28 13:45:00,2023-10-28 14:00:00,1698500700,192.45,175.18,0.0,0.0,21,259.27,-1,-82.43,3.359
OGOJA_GUEST_HOUSE_1698501600_HOUSE-00980AA3,2023-10-28 14:00:00,2023-10-28 14:15:00,1698501600,192.45,175.18,0.0,0.0,21,259.27,-1,-82.43,3.498
OGOJA_GUEST_HOUSE_1698502500_HOUSE-00980AA3,2023-10-28 14:15:00,2023-10-28 14:30:00,1698502500,192.45,175.18,0.0,0.0,21,259.27,-1,-82.43,3.274
OGOJA_GUEST_HOUSE_1698503400_HOUSE-00980AA3,2023-10-28 14:30:00,2023-10-28 14:45:00,1698503400,192.45,175.18,0.0,0.0,21,259.27,-1,-82.43,3.003
OGOJA_GUEST_HOUSE_1698504300_HOUSE-00980AA3,2023-10-28 14:45:00,2023-10-28 15:00:00,1698504300,192.45,175.18,0.0,0.0,21,259.27,-1,-82.43,2.929
OGOJA_GUEST_HOUSE_1698505200_HOUSE-00980AA3,2023-10-28 15:00:00,2023-10-28 15:15:00,1698505200,192.45,175.18,0.0,0.0,21,259.27,-1,-82.43,2.798
OGOJA_GUEST_HOUSE_1698506100_HOUSE-00980AA3,2023-10-28 15:15:00,2023-10-28 15:30:00,1698506100,192.45,175.18,0.0,0.0,21,259.27,-1,-82.43,2.734
OGOJA_GUEST_HOUSE_1698507000_HOUSE-00980AA3,2023-10-28 15:30:00,2023-10-28 15:45:00,1698507000,192.45,175.18,0.0,0.0,21,259.27,-1,-82.43,3.504
OGOJA_GUEST_HOUSE_1698507900_HOUSE-00980AA3,2023-10-28 15:45:00,2023-10-28 16:00:00,1698507900,192.45,175.18,0.0,0.0,21,259.27,-1,-82.43,3.678
OGOJA_GUEST_HOUSE_1698508800_HOUSE-00980AA3,2023-10-28 16:00:00,2023-10-28 16:15:00,1698508800,192.45,175.18,0.0,0.0,21,259.27,-1,-82.43,3.613
OGOJA_GUEST_HOUSE_1698509700_HOUSE-00980AA3,2023-10-28 16:15:00,2023-10-28 16:30:00,1698509700,192.45,175.18,0.0,0.0,21,259.27,-1,-82.43,4.009
OGOJA_GUEST_HOUSE_1698510600_HOUSE-00980AA3,2023-10-28 16:30:00,2023-10-28 16:45:00,1698510600,192.45,175.18,0.0,0.0,21,259.27,-1,-82.43,4.028
OGOJA_GUEST_HOUSE_1698511500_HOUSE-00980AA3,2023-10-28 16:45:00,2023-10-28 17:00:00,1698511500,192.45,175.18,0.0,0.0,21,259.27,-1,-82.43,4.062
OGOJA_GUEST_HOUSE_1698512400_HOUSE-00980AA3,2023-10-28 17:00:00,2023-10-28 17:15:00,1698512400,192.45,175.18,0.0,0.0,21,259.27,-1,-82.43,4.161
OGOJA_GUEST_HOUSE_1698513300_HOUSE-00980AA3,2023-10-28 17:15:00,2023-10-28 17:30:00,1698513300,192.45,175.18,0.0,0.0,21,259.27,-1,-82.43,4.128
OGOJA_GUEST_HOUSE_1698514200_HOUSE-00980AA3,2023-10-28 17:30:00,2023-10-28 17:45:00,1698514200,190.31,175.18,2.13,0.0,21,259.47,-1,-82.63,4.257
OGOJA_GUEST_HOUSE_1698515100_HOUSE-00980AA3,2023-10-28 17:45:00,2023-10-28 18:00:00,1698515100,186.74,175.18,3.56,0.0,21,259.72,-1,-82.88,4.688
OGOJA_GUEST_HOUSE_1698516000_HOUSE-00980AA3,2023-10-28 18:00:00,2023-10-28 18:15:00,1698516000,184.60,175.18,2.13,0.0,21,259.97,-1,-83.13,4.425
OGOJA_GUEST_HOUSE_1698516900_HOUSE-00980AA3,2023-10-28 18:15:00,2023-10-28 18:30:00,1698516900,181.39,175.18,3.20,0.0,21,260.22,-1,-83.38,5.107
OGOJA_GUEST_HOUSE_1698517800_HOUSE-00980AA3,2023-10-28 18:30:00,2023-10-28 18:45:00,1698517800,178.18,175.18,3.20,0.0,21,260.47,-1,-83.63,5.169
OGOJA_GUEST_HOUSE_1698518700_HOUSE-00980AA3,2023-10-28 18:45:00,2023-10-28 19:00:00,1698518700,176.04,175.18,2.13,0.0,21,260.72,-1,-83.88,4.494
OGOJA_GUEST_HOUSE_1698519600_HOUSE-00980AA3,2023-10-28 19:00:00,2023-10-28 19:15:00,1698519600,173.18,175.18,2.85,0.0,21,260.97,-1,-84.13,4.574
OGOJA_GUEST_HOUSE_1698520500_HOUSE-00980AA3,2023-10-28 19:15:00,2023-10-28 19:30:00,1698520500,171.04,175.18,1.77,0.0,21,261.22,-1,-84.38,4.223
OGOJA_GUEST_HOUSE_1698521400_HOUSE-00980AA3,2023-10-28 19:30:00,2023-10-28 19:45:00,1698521400,169.26,175.18,2.14,0.0,21,261.47,-1,-84.63,3.796
OGOJA_GUEST_HOUSE_1698522300_HOUSE-00980AA3,2023-10-28 19:45:00,2023-10-28 20:00:00,1698522300,167.83,175.18,1.42,0.0,21,261.72,-1,-84.88,3.729
OGOJA_GUEST_HOUSE_1698523200_HOUSE-00980AA3,2023-10-28 20:00:00,2023-10-28 20:15:00,1698523200,166.04,175.18,1.42,0.0,21,261.97,-1,-85.13,3.648
OGOJA_GUEST_HOUSE_1698524100_HOUSE-00980AA3,2023-10-28 20:15:00,2023-10-28 20:30:00,1698524100,164.62,175.18,1.77,0.0,21,262.22,-1,-85.38,3.601
OGOJA_GUEST_HOUSE_1698525000_HOUSE-00980AA3,2023-10-28 20:30:00,2023-10-28 20:45:00,1698525000,163.90,175.18,0.72,0.0,21,262.47,-1,-85.63,3.71
OGOJA_GUEST_HOUSE_1698525900_HOUSE-00980AA3,2023-10-28 20:45:00,2023-10-28 21:00:00,1698525900,161.76,175.18,2.13,0.0,21,262.72,-1,-85.88,3.439
OGOJA_GUEST_HOUSE_1698526800_HOUSE-00980AA3,2023-10-28 21:00:00,2023-10-28 21:15:00,1698526800,160.33,175.18,1.42,0.0,21,262.97,-1,-86.13,3.638
OGOJA_GUEST_HOUSE_1698527700_HOUSE-00980AA3,2023-10-28 21:15:00,2023-10-28 21:30:00,1698527700,158.19,175.18,1.77,0.0,21,263.22,-1,-86.38,3.375
OGOJA_GUEST_HOUSE_1698528600_HOUSE-00980AA3,2023-10-28 21:30:00,2023-10-28 21:45:00,1698528600,157.48,175.18,2.86,0.0,21,263.47,-1,-86.63,3.294
OGOJA_GUEST_HOUSE_1698529500_HOUSE-00980AA3,2023-10-28 21:45:00,2023-10-28 22:00:00,1698529500,154.62,175.18,2.85,0.0,21,263.72,-1,-86.88,3.453
OGOJA_GUEST_HOUSE_1698530400_HOUSE-00980AA3,2023-10-28 22:00:00,2023-10-28 22:15:00,1698530400,148.20,175.18,6.06,0.0,21,263.97,-1,-87.13,3.242
OGOJA_GUEST_HOUSE_1698531300_HOUSE-00980AA3,2023-10-28 22:15:00,2023-10-28 22:30:00,1698531300,146.77,175.18,1.78,0.0,21,264.22,-1,-87.38,2.691
OGOJA_GUEST_HOUSE_1698532200_HOUSE-00980AA3,2023-10-28 22:30:00,2023-10-28 22:45:00,1698532200,145.35,175.18,1.42,0.0,21,264.47,-1,-87.63,2.438
OGOJA_GUEST_HOUSE_1698533100_HOUSE-00980AA3,2023-10-28 22:45:00,2023-10-28 23:00:00,1698533100,142.85,175.18,2.13,0.0,21,264.72,-1,-87.88,2.605
OGOJA_GUEST_HOUSE_1698534000_HOUSE-00980AA3,2023-10-28 23:00:00,2023-10-28 23:15:00,1698534000,141.42,175.18,1.78,0.0,21,264.97,-1,-88.13,2.691
OGOJA_GUEST_HOUSE_1698534900_HOUSE-00980AA3,2023-10-28 23:15:00,2023-10-28 23:30:00,1698534900,139.99,175.18,1.06,0.0,21,265.22,-1,-88.38,2.268
OGOJA_GUEST_HOUSE_1698535800_HOUSE-00980AA3,2023-10-28 23:30:00,2023-10-28 23:45:00,1698535800,138.57,175.18,1.42,0.0,21,265.47,-1,-88.63,1.942
OGOJA_GUEST_HOUSE_1698536700_HOUSE-00980AA3,2023-10-28 23:45:00,2023-10-29 00:00:00,1698536700,137.14,175.18,1.77,0.0,21,265.72,-1,-88.88,2.246
