key,start,end,epoch,tankl1,tankl2,deltal1,deltal2,hrs1,hrs2,deltahrs1,deltahrs2,GB1_kwh
TARABA_DG1_And_DG2_1701993600_OFFICE-00980AA1,2023-12-07 23:00:00,2023-12-07 23:15:00,1701993600,148.3,41,0.72,0.0,7774.17,7254.82,-7773.35,-7254.82,1.005
TARABA_DG1_And_DG2_1701994500_OFFICE-00980AA1,2023-12-07 23:15:00,2023-12-07 23:30:00,1701994500,147.57,41,0.73,0.0,7774.17,7255.06,-7773.35,-7255.06,0.875
TARABA_DG1_And_DG2_1701995400_OFFICE-00980AA1,2023-12-07 23:30:00,2023-12-07 23:45:00,1701995400,145.76,41,1.81,0.0,7774.17,7255.32,-7773.35,-7255.32,0.864
TARABA_DG1_And_DG2_1701996300_OFFICE-00980AA1,2023-12-07 23:45:00,2023-12-08 00:00:00,1701996300,145.04,41,0.72,0.0,7774.17,7255.56,-7773.35,-7255.56,0.912
TARABA_DG1_And_DG2_1701997200_OFFICE-00980AA1,2023-12-08 00:00:00,2023-12-08 00:15:00,1701997200,143.95,41,1.08,0.0,7774.17,7255.82,-7773.35,-7255.82,0.904
TARABA_DG1_And_DG2_1701998100_OFFICE-00980AA1,2023-12-08 00:15:00,2023-12-08 00:30:00,1701998100,143.95,41,0.0,0.0,7774.17,7256.06,-7773.35,-7256.06,0.958
TARABA_DG1_And_DG2_1701999000_OFFICE-00980AA1,2023-12-08 00:30:00,2023-12-08 00:45:00,1701999000,142.86,41,1.08,0.0,7774.17,7256.32,-7773.35,-7256.32,0.974
TARABA_DG1_And_DG2_1701999900_OFFICE-00980AA1,2023-12-08 00:45:00,2023-12-08 01:00:00,1701999900,141.41,41,1.08,0.0,7774.17,7256.56,-7773.35,-7256.56,0.89
TARABA_DG1_And_DG2_1702000800_OFFICE-00980AA1,2023-12-08 01:00:00,2023-12-08 01:15:00,1702000800,141.05,41,0.73,0.0,7774.17,7256.82,-7773.35,-7256.82,0.876
TARABA_DG1_And_DG2_1702001700_OFFICE-00980AA1,2023-12-08 01:15:00,2023-12-08 01:30:00,1702001700,139.24,41,1.80,0.0,7774.17,7257.06,-7773.35,-7257.06,0.979
TARABA_DG1_And_DG2_1702002600_OFFICE-00980AA1,2023-12-08 01:30:00,2023-12-08 01:45:00,1702002600,137.43,41,1.81,0.0,7774.17,7257.32,-7773.35,-7257.32,0.94
TARABA_DG1_And_DG2_1702003500_OFFICE-00980AA1,2023-12-08 01:45:00,2023-12-08 02:00:00,1702003500,137.43,41,0.0,0.0,7774.17,7257.57,-7773.35,-7257.57,0.891
TARABA_DG1_And_DG2_1702004400_OFFICE-00980AA1,2023-12-08 02:00:00,2023-12-08 02:15:00,1702004400,136.7,41,0.73,0.0,7774.17,7257.82,-7773.35,-7257.82,0.869
TARABA_DG1_And_DG2_1702005300_OFFICE-00980AA1,2023-12-08 02:15:00,2023-12-08 02:30:00,1702005300,135.25,41,1.08,0.0,7774.17,7258.07,-7773.35,-7258.07,0.878
TARABA_DG1_And_DG2_1702006200_OFFICE-00980AA1,2023-12-08 02:30:00,2023-12-08 02:45:00,1702006200,134.16,41,1.44,0.0,7774.17,7258.32,-7773.35,-7258.32,0.948
TARABA_DG1_And_DG2_1702007100_OFFICE-00980AA1,2023-12-08 02:45:00,2023-12-08 03:00:00,1702007100,133.07,41,1.08,0.0,7774.17,7258.57,-7773.35,-7258.57,0.898
TARABA_DG1_And_DG2_1702008000_OFFICE-00980AA1,2023-12-08 03:00:00,2023-12-08 03:15:00,1702008000,132.35,41,0.72,0.0,7774.17,7258.82,-7773.35,-7258.82,0.842
TARABA_DG1_And_DG2_1702008900_OFFICE-00980AA1,2023-12-08 03:15:00,2023-12-08 03:30:00,1702008900,131.26,41,1.08,0.0,7774.17,7259.07,-7773.35,-7259.07,0.831
TARABA_DG1_And_DG2_1702009800_OFFICE-00980AA1,2023-12-08 03:30:00,2023-12-08 03:45:00,1702009800,129.81,41,1.08,0.0,7774.17,7259.32,-7773.35,-7259.32,0.844
TARABA_DG1_And_DG2_1702010700_OFFICE-00980AA1,2023-12-08 03:45:00,2023-12-08 04:00:00,1702010700,129.81,41,0.37,0.0,7774.17,7259.57,-7773.35,-7259.57,0.685
TARABA_DG1_And_DG2_1702011600_OFFICE-00980AA1,2023-12-08 04:00:00,2023-12-08 04:15:00,1702011600,128.72,41,1.08,0.0,7774.17,7259.82,-7773.35,-7259.82,0.756
TARABA_DG1_And_DG2_1702012500_OFFICE-00980AA1,2023-12-08 04:15:00,2023-12-08 04:30:00,1702012500,126.91,41,1.81,0.0,7774.17,7260.07,-7773.35,-7260.07,0.771
TARABA_DG1_And_DG2_1702013400_OFFICE-00980AA1,2023-12-08 04:30:00,2023-12-08 04:45:00,1702013400,126.91,41,0.0,0.0,7774.17,7260.3,-7773.35,-7260.3,0.752
TARABA_DG1_And_DG2_1702014300_OFFICE-00980AA1,2023-12-08 04:45:00,2023-12-08 05:00:00,1702014300,125.82,41,1.08,0.0,7774.17,7260.55,-7773.35,-7260.55,0.886
TARABA_DG1_And_DG2_1702015200_OFFICE-00980AA1,2023-12-08 05:00:00,2023-12-08 05:15:00,1702015200,123.65,41,2.17,0.0,7774.17,7260.8,-7773.35,-7260.8,0.858
TARABA_DG1_And_DG2_1702016100_OFFICE-00980AA1,2023-12-08 05:15:00,2023-12-08 05:30:00,1702016100,123.29,41,0.36,0.0,7774.17,7261.05,-7773.35,-7261.05,0.584
TARABA_DG1_And_DG2_1702017000_OFFICE-00980AA1,2023-12-08 05:30:00,2023-12-08 05:45:00,1702017000,122.2,41,1.08,0.0,7774.17,7261.3,-7773.35,-7261.3,0.928
TARABA_DG1_And_DG2_1702017900_OFFICE-00980AA1,2023-12-08 05:45:00,2023-12-08 06:00:00,1702017900,121.84,41,0.36,0.0,7774.17,7261.55,-7773.35,-7261.55,1.057
TARABA_DG1_And_DG2_1702018800_OFFICE-00980AA1,2023-12-08 06:00:00,2023-12-08 06:15:00,1702018800,120.39,41,0.73,0.0,7774.17,7261.8,-7773.35,-7261.8,0.887
TARABA_DG1_And_DG2_1702019700_OFFICE-00980AA1,2023-12-08 06:15:00,2023-12-08 06:30:00,1702019700,118.94,41,2.17,0.0,7774.17,7262.05,-7773.35,-7262.05,1.675
TARABA_DG1_And_DG2_1702020600_OFFICE-00980AA1,2023-12-08 06:30:00,2023-12-08 06:45:00,1702020600,118.58,41,0.36,0.0,7774.17,7262.3,-7773.35,-7262.3,1.111
TARABA_DG1_And_DG2_1702021500_OFFICE-00980AA1,2023-12-08 06:45:00,2023-12-08 07:00:00,1702021500,117.49,41,1.08,0.0,7774.17,7262.55,-7773.35,-7262.55,1.779
TARABA_DG1_And_DG2_1702022400_OFFICE-00980AA1,2023-12-08 07:00:00,2023-12-08 07:15:00,1702022400,116.4,41,1.08,0.0,7774.17,7262.8,-7773.35,-7262.8,1.607
TARABA_DG1_And_DG2_1702023300_OFFICE-00980AA1,2023-12-08 07:15:00,2023-12-08 07:30:00,1702023300,114.22,41,2.17,0.0,7774.17,7263.05,-7773.35,-7263.05,1.593
TARABA_DG1_And_DG2_1702024200_OFFICE-00980AA1,2023-12-08 07:30:00,2023-12-08 07:45:00,1702024200,113.5,41,0.72,0.0,7774.17,7263.3,-7773.35,-7263.3,1.595
TARABA_DG1_And_DG2_1702025100_OFFICE-00980AA1,2023-12-08 07:45:00,2023-12-08 08:00:00,1702025100,112.78,41,0.72,0.0,7774.17,7263.55,-7773.35,-7263.55,1.618
TARABA_DG1_And_DG2_1702026000_OFFICE-00980AA1,2023-12-08 08:00:00,2023-12-08 08:15:00,1702026000,110.6,41,2.17,0.0,7774.17,7263.8,-7773.35,-7263.8,1.232
TARABA_DG1_And_DG2_1702026900_OFFICE-00980AA1,2023-12-08 08:15:00,2023-12-08 08:30:00,1702026900,109.88,41,0.72,0.0,7774.17,7264.05,-7773.35,-7264.05,1.54
TARABA_DG1_And_DG2_1702027800_OFFICE-00980AA1,2023-12-08 08:30:00,2023-12-08 08:45:00,1702027800,108.79,41,0.73,0.0,7774.17,7264.3,-7773.35,-7264.3,1.467
TARABA_DG1_And_DG2_1702028700_OFFICE-00980AA1,2023-12-08 08:45:00,2023-12-08 09:00:00,1702028700,107.34,41,1.44,0.0,7774.17,7264.55,-7773.35,-7264.55,1.403
TARABA_DG1_And_DG2_1702029600_OFFICE-00980AA1,2023-12-08 09:00:00,2023-12-08 09:15:00,1702029600,106.25,41,1.44,0.0,7774.17,7264.8,-7773.35,-7264.8,1.3
TARABA_DG1_And_DG2_1702030500_OFFICE-00980AA1,2023-12-08 09:15:00,2023-12-08 09:30:00,1702030500,104.44,41,1.80,0.0,7774.17,7265.05,-7773.35,-7265.05,1.786
TARABA_DG1_And_DG2_1702031400_OFFICE-00980AA1,2023-12-08 09:30:00,2023-12-08 09:45:00,1702031400,103.71,41,0.36,0.0,7774.17,7265.3,-7773.35,-7265.3,1.575
TARABA_DG1_And_DG2_1702032300_OFFICE-00980AA1,2023-12-08 09:45:00,2023-12-08 10:00:00,1702032300,102.62,41,1.46,0.0,7774.17,7265.55,-7773.35,-7265.55,1.714
TARABA_DG1_And_DG2_1702033200_OFFICE-00980AA1,2023-12-08 10:00:00,2023-12-08 10:15:00,1702033200,101.18,41,1.44,0.0,7774.17,7265.8,-7773.35,-7265.8,1.988
TARABA_DG1_And_DG2_1702034100_OFFICE-00980AA1,2023-12-08 10:15:00,2023-12-08 10:30:00,1702034100,100.45,41,0.73,0.0,7774.17,7266.05,-7773.35,-7266.05,1.862
TARABA_DG1_And_DG2_1702035000_OFFICE-00980AA1,2023-12-08 10:30:00,2023-12-08 10:45:00,1702035000,98.64,41,1.80,0.0,7774.17,7266.3,-7773.35,-7266.3,1.826
TARABA_DG1_And_DG2_1702035900_OFFICE-00980AA1,2023-12-08 10:45:00,2023-12-08 11:00:00,1702035900,97.55,41,1.08,0.0,7774.17,7266.55,-7773.35,-7266.55,1.978
TARABA_DG1_And_DG2_1702036800_OFFICE-00980AA1,2023-12-08 11:00:00,2023-12-08 11:15:00,1702036800,96.1,41,1.44,0.0,7774.17,7266.8,-7773.35,-7266.8,1.822
TARABA_DG1_And_DG2_1702037700_OFFICE-00980AA1,2023-12-08 11:15:00,2023-12-08 11:30:00,1702037700,94.65,41,1.44,0.0,7774.17,7267.05,-7773.35,-7267.05,1.736
TARABA_DG1_And_DG2_1702038600_OFFICE-00980AA1,2023-12-08 11:30:00,2023-12-08 11:45:00,1702038600,93.56,41,1.08,0.0,7774.17,7267.31,-7773.35,-7267.31,1.679
TARABA_DG1_And_DG2_1702039500_OFFICE-00980AA1,2023-12-08 11:45:00,2023-12-08 12:00:00,1702039500,92.48,41,1.08,0.0,7774.17,7267.56,-7773.35,-7267.56,1.742
TARABA_DG1_And_DG2_1702040400_OFFICE-00980AA1,2023-12-08 12:00:00,2023-12-08 12:15:00,1702040400,91.02,41,1.46,0.0,7774.17,7267.82,-7773.35,-7267.82,1.874
TARABA_DG1_And_DG2_1702041300_OFFICE-00980AA1,2023-12-08 12:15:00,2023-12-08 12:30:00,1702041300,89.94,41,1.08,0.0,7774.17,7268.06,-7773.35,-7268.06,1.619
TARABA_DG1_And_DG2_1702042200_OFFICE-00980AA1,2023-12-08 12:30:00,2023-12-08 12:45:00,1702042200,88.85,41,1.08,0.0,7774.17,7268.32,-7773.35,-7268.32,1.422
TARABA_DG1_And_DG2_1702043100_OFFICE-00980AA1,2023-12-08 12:45:00,2023-12-08 13:00:00,1702043100,88.12,41,0.73,0.0,7774.17,7268.56,-7773.35,-7268.56,1.407
TARABA_DG1_And_DG2_1702044000_OFFICE-00980AA1,2023-12-08 13:00:00,2023-12-08 13:15:00,1702044000,86.31,41,1.81,0.0,7774.17,7268.82,-7773.35,-7268.82,1.444
TARABA_DG1_And_DG2_1702044900_OFFICE-00980AA1,2023-12-08 13:15:00,2023-12-08 13:30:00,1702044900,85.22,41,1.08,0.0,7774.17,7269.07,-7773.35,-7269.07,1.179
TARABA_DG1_And_DG2_1702045800_OFFICE-00980AA1,2023-12-08 13:30:00,2023-12-08 13:45:00,1702045800,84.5,41,0.72,0.0,7774.17,7269.32,-7773.35,-7269.32,1.007
TARABA_DG1_And_DG2_1702046700_OFFICE-00980AA1,2023-12-08 13:45:00,2023-12-08 14:00:00,1702046700,83.05,41,1.44,0.0,7774.17,7269.57,-7773.35,-7269.57,0.983
TARABA_DG1_And_DG2_1702047600_OFFICE-00980AA1,2023-12-08 14:00:00,2023-12-08 14:15:00,1702047600,81.96,41,0.73,0.0,7774.17,7269.82,-7773.35,-7269.82,0.927
TARABA_DG1_And_DG2_1702048500_OFFICE-00980AA1,2023-12-08 14:15:00,2023-12-08 14:30:00,1702048500,81.6,41,0.72,0.0,7774.17,7270.07,-7773.35,-7270.07,0.776
TARABA_DG1_And_DG2_1702049400_OFFICE-00980AA1,2023-12-08 14:30:00,2023-12-08 14:45:00,1702049400,80.88,41,0.72,0.0,7774.17,7270.32,-7773.35,-7270.32,0.763
TARABA_DG1_And_DG2_1702050300_OFFICE-00980AA1,2023-12-08 14:45:00,2023-12-08 15:00:00,1702050300,79.79,41,1.08,0.0,7774.17,7270.57,-7773.35,-7270.57,0.846
TARABA_DG1_And_DG2_1702051200_OFFICE-00980AA1,2023-12-08 15:00:00,2023-12-08 15:15:00,1702051200,78.7,41,1.08,0.0,7774.17,7270.82,-7773.35,-7270.82,0.722
TARABA_DG1_And_DG2_1702052100_OFFICE-00980AA1,2023-12-08 15:15:00,2023-12-08 15:30:00,1702052100,77.97,41,0.73,0.0,7774.17,7271.07,-7773.35,-7271.07,0.724
TARABA_DG1_And_DG2_1702053000_OFFICE-00980AA1,2023-12-08 15:30:00,2023-12-08 15:45:00,1702053000,77.25,41,0.72,0.0,7774.17,7271.32,-7773.35,-7271.32,0.691
TARABA_DG1_And_DG2_1702053900_OFFICE-00980AA1,2023-12-08 15:45:00,2023-12-08 16:00:00,1702053900,75.8,124.46,1.08,0.0,7774.17,7271.57,-7773.35,-7271.57,0.737
TARABA_DG1_And_DG2_1702054800_OFFICE-00980AA1,2023-12-08 16:00:00,2023-12-08 16:15:00,1702054800,75.44,188.36,0.72,0.0,7774.17,7271.82,-7773.35,-7271.82,0.798
TARABA_DG1_And_DG2_1702055700_OFFICE-00980AA1,2023-12-08 16:15:00,2023-12-08 16:30:00,1702055700,74.35,188.36,1.08,0.75,7774.17,7272.05,-7773.35,-7272.05,0.511
TARABA_DG1_And_DG2_1702056600_OFFICE-00980AA1,2023-12-08 16:30:00,2023-12-08 16:45:00,1702056600,73.99,188.36,0.36,0.0,7774.17,7272.3,-7773.35,-7272.3,0.427
TARABA_DG1_And_DG2_1702057500_OFFICE-00980AA1,2023-12-08 16:45:00,2023-12-08 17:00:00,1702057500,72.9,188.36,1.08,0.0,7774.17,7272.55,-7773.35,-7272.55,0.1
TARABA_DG1_And_DG2_1702058400_OFFICE-00980AA1,2023-12-08 17:00:00,2023-12-08 17:15:00,1702058400,71.81,188.36,1.08,0.0,7774.17,7272.8,-7773.35,-7272.8,0.0
TARABA_DG1_And_DG2_1702059300_OFFICE-00980AA1,2023-12-08 17:15:00,2023-12-08 17:30:00,1702059300,71.09,188.36,0.72,0.0,7774.17,7273.05,-7773.35,-7273.05,0.0
TARABA_DG1_And_DG2_1702060200_OFFICE-00980AA1,2023-12-08 17:30:00,2023-12-08 17:45:00,1702060200,69.64,188.36,1.44,0.0,7774.17,7273.3,-7773.35,-7273.3,0.0
TARABA_DG1_And_DG2_1702061100_OFFICE-00980AA1,2023-12-08 17:45:00,2023-12-08 18:00:00,1702061100,68.91,188.36,0.73,0.0,7774.17,7273.55,-7773.35,-7273.55,0.0
TARABA_DG1_And_DG2_1702062000_OFFICE-00980AA1,2023-12-08 18:00:00,2023-12-08 18:15:00,1702062000,68.55,188.36,0.36,0.0,7774.17,7273.8,-7773.35,-7273.8,0.0
TARABA_DG1_And_DG2_1702062900_OFFICE-00980AA1,2023-12-08 18:15:00,2023-12-08 18:30:00,1702062900,67.82,188.36,0.73,0.0,7774.17,7274.05,-7773.35,-7274.05,0.0
TARABA_DG1_And_DG2_1702063800_OFFICE-00980AA1,2023-12-08 18:30:00,2023-12-08 18:45:00,1702063800,66.38,188.36,1.44,0.0,7774.17,7274.3,-7773.35,-7274.3,0.0
TARABA_DG1_And_DG2_1702064700_OFFICE-00980AA1,2023-12-08 18:45:00,2023-12-08 19:00:00,1702064700,65.29,188.36,0.73,0.0,7774.17,7274.55,-7773.35,-7274.55,0.0
TARABA_DG1_And_DG2_1702065600_OFFICE-00980AA1,2023-12-08 19:00:00,2023-12-08 19:15:00,1702065600,64.56,188.36,0.73,0.0,7774.17,7274.8,-7773.35,-7274.8,0.0
TARABA_DG1_And_DG2_1702066500_OFFICE-00980AA1,2023-12-08 19:15:00,2023-12-08 19:30:00,1702066500,63.11,188.36,1.81,0.0,7774.17,7275.05,-7773.35,-7275.05,0.0
TARABA_DG1_And_DG2_1702067400_OFFICE-00980AA1,2023-12-08 19:30:00,2023-12-08 19:45:00,1702067400,63.11,189.87,0.0,1.13,7774.4,7275.07,-7773.58,-7275.07,0.0
TARABA_DG1_And_DG2_1702068300_OFFICE-00980AA1,2023-12-08 19:45:00,2023-12-08 20:00:00,1702068300,63.11,188.74,0.0,0.75,7774.66,7275.07,-7773.84,-7275.07,0.0
TARABA_DG1_And_DG2_1702069200_OFFICE-00980AA1,2023-12-08 20:00:00,2023-12-08 20:15:00,1702069200,63.11,185.36,0.0,4.13,7774.9,7275.07,-7774.08,-7275.07,0.0
TARABA_DG1_And_DG2_1702070100_OFFICE-00980AA1,2023-12-08 20:15:00,2023-12-08 20:30:00,1702070100,63.11,183.48,0.0,1.88,7775.16,7275.07,-7774.34,-7275.07,0.0
TARABA_DG1_And_DG2_1702071000_OFFICE-00980AA1,2023-12-08 20:30:00,2023-12-08 20:45:00,1702071000,63.11,183.48,0.0,0.0,7775.4,7275.07,-7774.58,-7275.07,0.0
TARABA_DG1_And_DG2_1702071900_OFFICE-00980AA1,2023-12-08 20:45:00,2023-12-08 21:00:00,1702071900,63.11,182.35,0.0,0.76,7775.66,7275.07,-7774.84,-7275.07,0.0
TARABA_DG1_And_DG2_1702072800_OFFICE-00980AA1,2023-12-08 21:00:00,2023-12-08 21:15:00,1702072800,63.11,180.84,0.0,1.88,7775.91,7275.07,-7775.09,-7275.07,0.677
TARABA_DG1_And_DG2_1702073700_OFFICE-00980AA1,2023-12-08 21:15:00,2023-12-08 21:30:00,1702073700,63.11,178.96,0.0,1.88,7776.16,7275.07,-7775.34,-7275.07,0.724
TARABA_DG1_And_DG2_1702074600_OFFICE-00980AA1,2023-12-08 21:30:00,2023-12-08 21:45:00,1702074600,63.11,177.09,0.0,1.12,7776.41,7275.07,-7775.59,-7275.07,0.722
TARABA_DG1_And_DG2_1702075500_OFFICE-00980AA1,2023-12-08 21:45:00,2023-12-08 22:00:00,1702075500,63.11,175.96,0.0,1.88,7776.66,7275.07,-7775.84,-7275.07,0.833
TARABA_DG1_And_DG2_1702076400_OFFICE-00980AA1,2023-12-08 22:00:00,2023-12-08 22:15:00,1702076400,63.11,175.96,0.0,3.38,7776.91,7275.07,-7776.09,-7275.07,0.817
TARABA_DG1_And_DG2_1702077300_OFFICE-00980AA1,2023-12-08 22:15:00,2023-12-08 22:30:00,1702077300,63.11,174.08,0.0,1.88,7777.16,7275.07,-7776.34,-7275.07,0.734
TARABA_DG1_And_DG2_1702078200_OFFICE-00980AA1,2023-12-08 22:30:00,2023-12-08 22:45:00,1702078200,63.11,173.7,0.0,0.38,7777.41,7275.07,-7776.59,-7275.07,0.726
TARABA_DG1_And_DG2_1702079100_OFFICE-00980AA1,2023-12-08 22:45:00,2023-12-08 23:00:00,1702079100,63.11,173.33,0.0,0.37,7777.66,7275.07,-7776.84,-7275.07,0.837
