key,start,end,epoch,tankl1,tankl2,deltal1,deltal2,hrs1,hrs2,deltahrs1,deltahrs2,GB1_kwh
ADIKPO_1696204800_OFFICE-00980AAF,2023-10-02 00:00:00,2023-10-02 00:15:00,1696204800,82.77,80.86,1.10,0.0,11,512.82,-11.00,-512.82,0.0
ADIKPO_1696205700_OFFICE-00980AAF,2023-10-02 00:15:00,2023-10-02 00:30:00,1696205700,82.77,80.86,0.0,0.0,11,512.82,-11.00,-512.82,0.0
ADIKPO_1696206600_OFFICE-00980AAF,2023-10-02 00:30:00,2023-10-02 00:45:00,1696206600,82.77,79.84,0.0,1.02,11,512.82,-11.00,-512.82,0.0
ADIKPO_1696207500_OFFICE-00980AAF,2023-10-02 00:45:00,2023-10-02 01:00:00,1696207500,82.77,79.50,0.0,0.34,11,513.06,-11.00,-513.06,0.0
ADIKPO_1696208400_OFFICE-00980AAF,2023-10-02 01:00:00,2023-10-02 01:15:00,1696208400,80.93,79.50,1.84,0.0,11,513.32,-11.00,-513.32,0.0
ADIKPO_1696209300_OFFICE-00980AAF,2023-10-02 01:15:00,2023-10-02 01:30:00,1696209300,80.20,79.50,0.73,0.0,11,513.56,-11.00,-513.56,0.0
ADIKPO_1696210200_OFFICE-00980AAF,2023-10-02 01:30:00,2023-10-02 01:45:00,1696210200,80.20,79.50,0.0,0.0,11,513.82,-11.00,-513.82,0.0
ADIKPO_1696211100_OFFICE-00980AAF,2023-10-02 01:45:00,2023-10-02 02:00:00,1696211100,79.09,79.50,1.10,0.0,11,514.06,-11.00,-514.06,0.0
ADIKPO_1696212000_OFFICE-00980AAF,2023-10-02 02:00:00,2023-10-02 02:15:00,1696212000,77.99,79.50,1.1,0.0,11,514.32,-11.00,-514.32,0.0
ADIKPO_1696212900_OFFICE-00980AAF,2023-10-02 02:15:00,2023-10-02 02:30:00,1696212900,77.25,79.50,0.37,0.0,11,514.56,-11.00,-514.56,0.0
ADIKPO_1696213800_OFFICE-00980AAF,2023-10-02 02:30:00,2023-10-02 02:45:00,1696213800,76.51,79.50,1.10,0.0,11,514.82,-11.00,-514.82,0.0
ADIKPO_1696214700_OFFICE-00980AAF,2023-10-02 02:45:00,2023-10-02 03:00:00,1696214700,76.15,79.50,0.36,0.0,11,515.07,-11.00,-515.07,0.0
ADIKPO_1696215600_OFFICE-00980AAF,2023-10-02 03:00:00,2023-10-02 03:15:00,1696215600,75.04,79.50,1.10,0.0,11,515.29,-11.00,-515.29,0.0
ADIKPO_1696216500_OFFICE-00980AAF,2023-10-02 03:15:00,2023-10-02 03:30:00,1696216500,75.04,79.50,0.0,0.0,11,515.29,-11.00,-515.29,0.0
ADIKPO_1696217400_OFFICE-00980AAF,2023-10-02 03:30:00,2023-10-02 03:45:00,1696217400,75.04,78.48,0.0,1.02,11,515.29,-11.00,-515.29,0.0
ADIKPO_1696218300_OFFICE-00980AAF,2023-10-02 03:45:00,2023-10-02 04:00:00,1696218300,75.04,77.80,0.0,0.68,11,515.29,-11.00,-515.29,0.0
ADIKPO_1696219200_OFFICE-00980AAF,2023-10-02 04:00:00,2023-10-02 04:15:00,1696219200,75.04,76.77,0.0,1.03,11,515.29,-11.00,-515.29,0.0
ADIKPO_1696220100_OFFICE-00980AAF,2023-10-02 04:15:00,2023-10-02 04:30:00,1696220100,75.04,76.43,0.0,0.34,11,515.29,-11.00,-515.29,0.0
ADIKPO_1696221000_OFFICE-00980AAF,2023-10-02 04:30:00,2023-10-02 04:45:00,1696221000,75.04,75.75,0.0,0.68,11,515.29,-11.00,-515.29,0.0
ADIKPO_1696221900_OFFICE-00980AAF,2023-10-02 04:45:00,2023-10-02 05:00:00,1696221900,75.04,74.73,0.0,1.02,11,515.29,-11.00,-515.29,0.0
ADIKPO_1696222800_OFFICE-00980AAF,2023-10-02 05:00:00,2023-10-02 05:15:00,1696222800,75.04,73.70,0.0,1.03,11,515.29,-11.00,-515.29,0.0
ADIKPO_1696223700_OFFICE-00980AAF,2023-10-02 05:15:00,2023-10-02 05:30:00,1696223700,75.04,73.02,0.0,0.68,11,515.29,-11.00,-515.29,0.0
ADIKPO_1696224600_OFFICE-00980AAF,2023-10-02 05:30:00,2023-10-02 05:45:00,1696224600,75.04,72.34,0.0,0.68,11,515.29,-11.00,-515.29,0.0
ADIKPO_1696225500_OFFICE-00980AAF,2023-10-02 05:45:00,2023-10-02 06:00:00,1696225500,75.04,71.32,0.0,1.02,11,515.29,-11.00,-515.29,0.0
ADIKPO_1696226400_OFFICE-00980AAF,2023-10-02 06:00:00,2023-10-02 06:15:00,1696226400,75.04,71.32,0.0,0.0,11,515.29,-11.00,-515.29,0.0
ADIKPO_1696227300_OFFICE-00980AAF,2023-10-02 06:15:00,2023-10-02 06:30:00,1696227300,75.04,70.30,0.0,1.02,11,515.29,-11.00,-515.29,0.0
ADIKPO_1696228200_OFFICE-00980AAF,2023-10-02 06:30:00,2023-10-02 06:45:00,1696228200,75.04,70.30,0.0,0.0,11,515.29,-11.00,-515.29,0.0
ADIKPO_1696229100_OFFICE-00980AAF,2023-10-02 06:45:00,2023-10-02 07:00:00,1696229100,75.04,68.59,0.0,1.71,11,515.29,-11.00,-515.29,0.0
ADIKPO_1696230000_OFFICE-00980AAF,2023-10-02 07:00:00,2023-10-02 07:15:00,1696230000,75.04,68.25,0.0,0.0,11,515.29,-11.00,-515.29,0.0
ADIKPO_1696230900_OFFICE-00980AAF,2023-10-02 07:15:00,2023-10-02 07:30:00,1696230900,75.04,67.91,0.0,0.68,11,515.29,-11.00,-515.29,0.0
ADIKPO_1696231800_OFFICE-00980AAF,2023-10-02 07:30:00,2023-10-02 07:45:00,1696231800,75.04,66.89,0.0,1.02,11,515.29,-11.00,-515.29,0.0
ADIKPO_1696232700_OFFICE-00980AAF,2023-10-02 07:45:00,2023-10-02 08:00:00,1696232700,75.04,65.52,0.0,1.37,11,515.29,-11.00,-515.29,0.0
ADIKPO_1696233600_OFFICE-00980AAF,2023-10-02 08:00:00,2023-10-02 08:15:00,1696233600,75.04,64.50,0.0,0.68,11,515.29,-11.00,-515.29,0.0
ADIKPO_1696234500_OFFICE-00980AAF,2023-10-02 08:15:00,2023-10-02 08:30:00,1696234500,75.04,64.16,0.0,0.68,11,515.29,-11.00,-515.29,0.0
ADIKPO_1696235400_OFFICE-00980AAF,2023-10-02 08:30:00,2023-10-02 08:45:00,1696235400,75.04,64.16,0.0,0.0,11,515.29,-11.00,-515.29,0.0
ADIKPO_1696236300_OFFICE-00980AAF,2023-10-02 08:45:00,2023-10-02 09:00:00,1696236300,75.04,63.14,0.0,1.02,11,515.29,-11.00,-515.29,0.0
ADIKPO_1696237200_OFFICE-00980AAF,2023-10-02 09:00:00,2023-10-02 09:15:00,1696237200,75.04,61.77,0.0,1.37,11,515.29,-11.00,-515.29,0.0
ADIKPO_1696238100_OFFICE-00980AAF,2023-10-02 09:15:00,2023-10-02 09:30:00,1696238100,75.04,61.77,0.0,0.0,11,515.49,-11.00,-515.49,0.0
ADIKPO_1696239000_OFFICE-00980AAF,2023-10-02 09:30:00,2023-10-02 09:45:00,1696239000,73.94,61.77,1.1,0.0,11,515.74,-11.00,-515.74,0.0
ADIKPO_1696239900_OFFICE-00980AAF,2023-10-02 09:45:00,2023-10-02 10:00:00,1696239900,103.03,61.77,1.48,0.0,11,515.95,-11.00,-515.95,0.0
ADIKPO_1696240800_OFFICE-00980AAF,2023-10-02 10:00:00,2023-10-02 10:15:00,1696240800,105.24,111.55,1.1,0.0,11,516.20,-11.00,-516.20,0.0
ADIKPO_1696241700_OFFICE-00980AAF,2023-10-02 10:15:00,2023-10-02 10:30:00,1696241700,103.77,111.55,1.10,0.0,11,516.45,-11.00,-516.45,0.0
ADIKPO_1696242600_OFFICE-00980AAF,2023-10-02 10:30:00,2023-10-02 10:45:00,1696242600,103.03,111.55,1.1,0.0,11,516.70,-11.00,-516.70,0.0
ADIKPO_1696243500_OFFICE-00980AAF,2023-10-02 10:45:00,2023-10-02 11:00:00,1696243500,101.56,111.55,1.46,0.0,11,516.95,-11.00,-516.95,0.0
ADIKPO_1696244400_OFFICE-00980AAF,2023-10-02 11:00:00,2023-10-02 11:15:00,1696244400,101.19,111.55,0.37,0.0,11,517.20,-11.00,-517.20,0.0
ADIKPO_1696245300_OFFICE-00980AAF,2023-10-02 11:15:00,2023-10-02 11:30:00,1696245300,98.98,111.55,2.21,0.0,11,517.46,-11.00,-517.46,0.0
ADIKPO_1696246200_OFFICE-00980AAF,2023-10-02 11:30:00,2023-10-02 11:45:00,1696246200,98.61,111.55,0.0,0.0,11,517.71,-11.00,-517.71,0.0
ADIKPO_1696247100_OFFICE-00980AAF,2023-10-02 11:45:00,2023-10-02 12:00:00,1696247100,97.87,111.55,0.74,0.0,11,517.96,-11.00,-517.96,0.0
ADIKPO_1696248000_OFFICE-00980AAF,2023-10-02 12:00:00,2023-10-02 12:15:00,1696248000,96.40,111.55,1.84,0.0,11,518.21,-11.00,-518.21,0.0
ADIKPO_1696248900_OFFICE-00980AAF,2023-10-02 12:15:00,2023-10-02 12:30:00,1696248900,94.93,111.55,0.74,0.0,11,518.46,-11.00,-518.46,0.0
ADIKPO_1696249800_OFFICE-00980AAF,2023-10-02 12:30:00,2023-10-02 12:45:00,1696249800,94.19,111.55,1.47,0.0,11,518.71,-11.00,-518.71,0.0
ADIKPO_1696250700_OFFICE-00980AAF,2023-10-02 12:45:00,2023-10-02 13:00:00,1696250700,93.09,111.55,1.1,0.0,11,518.96,-11.00,-518.96,0.0
ADIKPO_1696251600_OFFICE-00980AAF,2023-10-02 13:00:00,2023-10-02 13:15:00,1696251600,91.98,111.55,1.10,0.0,11,519.21,-11.00,-519.21,0.0
ADIKPO_1696252500_OFFICE-00980AAF,2023-10-02 13:15:00,2023-10-02 13:30:00,1696252500,90.88,111.55,1.1,0.0,11,519.46,-11.00,-519.46,0.0
ADIKPO_1696253400_OFFICE-00980AAF,2023-10-02 13:30:00,2023-10-02 13:45:00,1696253400,90.14,111.55,0.74,0.0,11,519.71,-11.00,-519.71,0.0
ADIKPO_1696254300_OFFICE-00980AAF,2023-10-02 13:45:00,2023-10-02 14:00:00,1696254300,89.03,111.55,1.10,0.0,11,519.96,-11.00,-519.96,0.0
ADIKPO_1696255200_OFFICE-00980AAF,2023-10-02 14:00:00,2023-10-02 14:15:00,1696255200,87.93,111.55,1.1,0.0,11,520.21,-11.00,-520.21,0.0
ADIKPO_1696256100_OFFICE-00980AAF,2023-10-02 14:15:00,2023-10-02 14:30:00,1696256100,86.46,111.55,1.47,0.0,11,520.46,-11.00,-520.46,0.0
ADIKPO_1696257000_OFFICE-00980AAF,2023-10-02 14:30:00,2023-10-02 14:45:00,1696257000,86.46,111.55,0.0,0.0,11,520.71,-11.00,-520.71,0.0
ADIKPO_1696257900_OFFICE-00980AAF,2023-10-02 14:45:00,2023-10-02 15:00:00,1696257900,84.98,111.55,1.48,0.0,11,520.96,-11.00,-520.96,0.0
ADIKPO_1696258800_OFFICE-00980AAF,2023-10-02 15:00:00,2023-10-02 15:15:00,1696258800,83.88,111.55,1.1,0.0,11,521.21,-11.00,-521.21,0.0
ADIKPO_1696259700_OFFICE-00980AAF,2023-10-02 15:15:00,2023-10-02 15:30:00,1696259700,83.88,108.14,0.0,3.41,11,521.25,-11.00,-521.25,0.0
ADIKPO_1696260600_OFFICE-00980AAF,2023-10-02 15:30:00,2023-10-02 15:45:00,1696260600,83.88,108.14,0.0,0.0,11,521.25,-11.00,-521.25,0.0
ADIKPO_1696261500_OFFICE-00980AAF,2023-10-02 15:45:00,2023-10-02 16:00:00,1696261500,83.88,107.45,0.0,0.69,11,521.25,-11.00,-521.25,0.0
ADIKPO_1696262400_OFFICE-00980AAF,2023-10-02 16:00:00,2023-10-02 16:15:00,1696262400,83.88,106.43,0.0,1.02,11,521.25,-11.00,-521.25,0.0
ADIKPO_1696263300_OFFICE-00980AAF,2023-10-02 16:15:00,2023-10-02 16:30:00,1696263300,83.88,104.39,0.0,2.04,11,521.25,-11.00,-521.25,0.0
ADIKPO_1696264200_OFFICE-00980AAF,2023-10-02 16:30:00,2023-10-02 16:45:00,1696264200,83.88,104.39,0.0,0.0,11,521.25,-11.00,-521.25,0.0
ADIKPO_1696265100_OFFICE-00980AAF,2023-10-02 16:45:00,2023-10-02 17:00:00,1696265100,83.88,105.75,0.0,1.71,11,521.25,-11.00,-521.25,0.0
ADIKPO_1696266000_OFFICE-00980AAF,2023-10-02 17:00:00,2023-10-02 17:15:00,1696266000,83.88,103.02,0.0,3.07,11,521.25,-11.00,-521.25,0.0
ADIKPO_1696266900_OFFICE-00980AAF,2023-10-02 17:15:00,2023-10-02 17:30:00,1696266900,83.88,103.02,0.0,0.0,11,521.25,-11.00,-521.25,0.0
ADIKPO_1696267800_OFFICE-00980AAF,2023-10-02 17:30:00,2023-10-02 17:45:00,1696267800,84.98,102.00,0.74,1.02,11,521.25,-11.00,-521.25,0.0
ADIKPO_1696268700_OFFICE-00980AAF,2023-10-02 17:45:00,2023-10-02 18:00:00,1696268700,84.98,100.64,0.0,1.36,11,521.25,-11.00,-521.25,0.0
ADIKPO_1696269600_OFFICE-00980AAF,2023-10-02 18:00:00,2023-10-02 18:15:00,1696269600,84.98,100.30,0.0,0.34,11,521.25,-11.00,-521.25,0.0
ADIKPO_1696270500_OFFICE-00980AAF,2023-10-02 18:15:00,2023-10-02 18:30:00,1696270500,84.98,99.27,0.0,1.03,11,521.25,-11.00,-521.25,0.0
ADIKPO_1696271400_OFFICE-00980AAF,2023-10-02 18:30:00,2023-10-02 18:45:00,1696271400,84.98,99.27,0.0,0.0,11,521.25,-11.00,-521.25,0.0
ADIKPO_1696272300_OFFICE-00980AAF,2023-10-02 18:45:00,2023-10-02 19:00:00,1696272300,84.98,97.57,0.0,1.70,11,521.25,-11.00,-521.25,0.0
ADIKPO_1696273200_OFFICE-00980AAF,2023-10-02 19:00:00,2023-10-02 19:15:00,1696273200,84.98,97.57,0.0,0.0,11,521.25,-11.00,-521.25,0.0
ADIKPO_1696274100_OFFICE-00980AAF,2023-10-02 19:15:00,2023-10-02 19:30:00,1696274100,84.98,96.20,0.0,1.02,11,521.25,-11.00,-521.25,0.0
ADIKPO_1696275000_OFFICE-00980AAF,2023-10-02 19:30:00,2023-10-02 19:45:00,1696275000,84.98,95.86,0.0,0.69,11,521.25,-11.00,-521.25,0.0
ADIKPO_1696275900_OFFICE-00980AAF,2023-10-02 19:45:00,2023-10-02 20:00:00,1696275900,84.98,95.52,0.0,0.34,11,521.25,-11.00,-521.25,0.0
ADIKPO_1696276800_OFFICE-00980AAF,2023-10-02 20:00:00,2023-10-02 20:15:00,1696276800,84.98,94.16,0.0,1.36,11,521.25,-11.00,-521.25,0.0
ADIKPO_1696277700_OFFICE-00980AAF,2023-10-02 20:15:00,2023-10-02 20:30:00,1696277700,84.98,93.14,0.0,1.02,11,521.25,-11.00,-521.25,0.0
ADIKPO_1696278600_OFFICE-00980AAF,2023-10-02 20:30:00,2023-10-02 20:45:00,1696278600,84.98,93.14,0.0,1.36,11,521.25,-11.00,-521.25,0.0
ADIKPO_1696279500_OFFICE-00980AAF,2023-10-02 20:45:00,2023-10-02 21:00:00,1696279500,84.98,92.11,0.0,1.03,11,521.25,-11.00,-521.25,0.0
ADIKPO_1696280400_OFFICE-00980AAF,2023-10-02 21:00:00,2023-10-02 21:15:00,1696280400,84.98,91.43,0.0,0.68,11,521.25,-11.00,-521.25,0.0
ADIKPO_1696281300_OFFICE-00980AAF,2023-10-02 21:15:00,2023-10-02 21:30:00,1696281300,83.51,91.43,1.1,0.0,11,521.49,-11.00,-521.49,0.0
ADIKPO_1696282200_OFFICE-00980AAF,2023-10-02 21:30:00,2023-10-02 21:45:00,1696282200,83.88,91.43,1.83,0.0,11,521.74,-11.00,-521.74,0.0
ADIKPO_1696283100_OFFICE-00980AAF,2023-10-02 21:45:00,2023-10-02 22:00:00,1696283100,83.14,91.43,0.74,0.0,11,521.99,-11.00,-521.99,0.0
ADIKPO_1696284000_OFFICE-00980AAF,2023-10-02 22:00:00,2023-10-02 22:15:00,1696284000,81.67,91.43,1.1,0.0,11,522.24,-11.00,-522.24,0.0
ADIKPO_1696284900_OFFICE-00980AAF,2023-10-02 22:15:00,2023-10-02 22:30:00,1696284900,81.30,91.43,0.74,0.0,11,522.49,-11.00,-522.49,0.0
ADIKPO_1696285800_OFFICE-00980AAF,2023-10-02 22:30:00,2023-10-02 22:45:00,1696285800,80.56,91.43,0.74,0.0,11,522.74,-11.00,-522.74,0.0
ADIKPO_1696286700_OFFICE-00980AAF,2023-10-02 22:45:00,2023-10-02 23:00:00,1696286700,79.46,91.43,1.1,0.0,11,522.99,-11.00,-522.99,0.0
ADIKPO_1696287600_OFFICE-00980AAF,2023-10-02 23:00:00,2023-10-02 23:15:00,1696287600,78.72,91.43,0.74,0.0,11,523.24,-11.00,-523.24,0.0
ADIKPO_1696288500_OFFICE-00980AAF,2023-10-02 23:15:00,2023-10-02 23:30:00,1696288500,78.35,91.43,0.37,0.0,11,523.49,-11.00,-523.49,0.0
ADIKPO_1696289400_OFFICE-00980AAF,2023-10-02 23:30:00,2023-10-02 23:45:00,1696289400,77.25,91.43,1.1,0.0,11,523.74,-11.00,-523.74,0.0
ADIKPO_1696290300_OFFICE-00980AAF,2023-10-02 23:45:00,2023-10-03 00:00:00,1696290300,76.51,93.14,0.74,0.34,11,523.99,-11.00,-523.99,0.0
