key,start,end,epoch,tankl1,tankl2,deltal1,deltal2,hrs1,hrs2,deltahrs1,deltahrs2,GB1_kwh
TARABA_DG1_And_DG2_1696896000_OFFICE-00980AA1,2023-10-10 00:00:00,2023-10-10 00:15:00,1696896000,41,51.9,0.0,0.75,7178.71,6909.84,-7177.89,-6909.84,1.03
TARABA_DG1_And_DG2_1696896900_OFFICE-00980AA1,2023-10-10 00:15:00,2023-10-10 00:30:00,1696896900,41,50.4,0.0,1.13,7178.96,6909.84,-7178.14,-6909.84,0.982
TARABA_DG1_And_DG2_1696897800_OFFICE-00980AA1,2023-10-10 00:30:00,2023-10-10 00:45:00,1696897800,41,49.65,0.0,1.12,7179.22,6909.84,-7178.40,-6909.84,1.018
TARABA_DG1_And_DG2_1696898700_OFFICE-00980AA1,2023-10-10 00:45:00,2023-10-10 01:00:00,1696898700,41,47.77,0.0,1.51,7179.46,6909.84,-7178.64,-6909.84,1.02
TARABA_DG1_And_DG2_1696899600_OFFICE-00980AA1,2023-10-10 01:00:00,2023-10-10 01:15:00,1696899600,41,47.39,0.0,0.75,7179.72,6909.84,-7178.90,-6909.84,0.833
TARABA_DG1_And_DG2_1696900500_OFFICE-00980AA1,2023-10-10 01:15:00,2023-10-10 01:30:00,1696900500,41,46.64,0.0,0.75,7179.96,6909.84,-7179.14,-6909.84,0.0
TARABA_DG1_And_DG2_1696901400_OFFICE-00980AA1,2023-10-10 01:30:00,2023-10-10 01:45:00,1696901400,41,44.76,0.0,1.88,7180.22,6909.84,-7179.40,-6909.84,0.0
TARABA_DG1_And_DG2_1696902300_OFFICE-00980AA1,2023-10-10 01:45:00,2023-10-10 02:00:00,1696902300,41,44.01,0.0,0.75,7180.46,6909.84,-7179.64,-6909.84,0.0
TARABA_DG1_And_DG2_1696903200_OFFICE-00980AA1,2023-10-10 02:00:00,2023-10-10 02:15:00,1696903200,41,42.88,0.0,1.13,7180.72,6909.84,-7179.90,-6909.84,0.0
TARABA_DG1_And_DG2_1696904100_OFFICE-00980AA1,2023-10-10 02:15:00,2023-10-10 02:30:00,1696904100,41,41.38,0.0,1.13,7180.97,6909.84,-7180.15,-6909.84,0.0
TARABA_DG1_And_DG2_1696905000_OFFICE-00980AA1,2023-10-10 02:30:00,2023-10-10 02:45:00,1696905000,41,41,0.0,0.75,7181.22,6909.84,-7180.40,-6909.84,0.0
TARABA_DG1_And_DG2_1696905900_OFFICE-00980AA1,2023-10-10 02:45:00,2023-10-10 03:00:00,1696905900,41,41,0.0,0.0,7181.47,6909.84,-7180.65,-6909.84,0.0
TARABA_DG1_And_DG2_1696906800_OFFICE-00980AA1,2023-10-10 03:00:00,2023-10-10 03:15:00,1696906800,41,41,0.0,0.0,7181.72,6909.84,-7180.90,-6909.84,0.0
TARABA_DG1_And_DG2_1696907700_OFFICE-00980AA1,2023-10-10 03:15:00,2023-10-10 03:30:00,1696907700,41,41,0.0,0.0,7181.97,6909.84,-7181.15,-6909.84,0.0
TARABA_DG1_And_DG2_1696908600_OFFICE-00980AA1,2023-10-10 03:30:00,2023-10-10 03:45:00,1696908600,41,41,0.0,0.0,7182.22,6909.84,-7181.40,-6909.84,0.0
TARABA_DG1_And_DG2_1696909500_OFFICE-00980AA1,2023-10-10 03:45:00,2023-10-10 04:00:00,1696909500,41,41,0.0,0.0,7182.47,6909.84,-7181.65,-6909.84,0.0
TARABA_DG1_And_DG2_1696910400_OFFICE-00980AA1,2023-10-10 04:00:00,2023-10-10 04:15:00,1696910400,41,41,0.0,0.0,7182.72,6909.84,-7181.90,-6909.84,0.0
TARABA_DG1_And_DG2_1696911300_OFFICE-00980AA1,2023-10-10 04:15:00,2023-10-10 04:30:00,1696911300,41,41,0.0,0.0,7182.97,6909.84,-7182.15,-6909.84,0.0
TARABA_DG1_And_DG2_1696912200_OFFICE-00980AA1,2023-10-10 04:30:00,2023-10-10 04:45:00,1696912200,41,41,0.0,0.0,7183.22,6909.84,-7182.40,-6909.84,0.0
TARABA_DG1_And_DG2_1696913100_OFFICE-00980AA1,2023-10-10 04:45:00,2023-10-10 05:00:00,1696913100,41,41,0.0,0.0,7183.47,6909.84,-7182.65,-6909.84,0.0
TARABA_DG1_And_DG2_1696914000_OFFICE-00980AA1,2023-10-10 05:00:00,2023-10-10 05:15:00,1696914000,41,41,0.0,0.0,7183.72,6909.84,-7182.90,-6909.84,0.0
TARABA_DG1_And_DG2_1696914900_OFFICE-00980AA1,2023-10-10 05:15:00,2023-10-10 05:30:00,1696914900,41,41,0.0,0.0,7183.97,6909.84,-7183.15,-6909.84,0.0
TARABA_DG1_And_DG2_1696915800_OFFICE-00980AA1,2023-10-10 05:30:00,2023-10-10 05:45:00,1696915800,150.11,41,0.0,0.0,7184.03,6910.03,-7183.21,-6910.03,0.0
TARABA_DG1_And_DG2_1696916700_OFFICE-00980AA1,2023-10-10 05:45:00,2023-10-10 06:00:00,1696916700,171.5,41,0.0,0.0,7184.03,6910.28,-7183.21,-6910.28,0.0
TARABA_DG1_And_DG2_1696917600_OFFICE-00980AA1,2023-10-10 06:00:00,2023-10-10 06:15:00,1696917600,168.96,41,2.53,0.0,7184.03,6910.53,-7183.21,-6910.53,0.0
TARABA_DG1_And_DG2_1696918500_OFFICE-00980AA1,2023-10-10 06:15:00,2023-10-10 06:30:00,1696918500,168.96,41,0.0,0.0,7184.03,6910.78,-7183.21,-6910.78,0.0
TARABA_DG1_And_DG2_1696919400_OFFICE-00980AA1,2023-10-10 06:30:00,2023-10-10 06:45:00,1696919400,167.51,41,1.45,0.0,7184.03,6911.03,-7183.21,-6911.03,0.0
TARABA_DG1_And_DG2_1696920300_OFFICE-00980AA1,2023-10-10 06:45:00,2023-10-10 07:00:00,1696920300,166.06,41,1.44,0.0,7184.03,6911.28,-7183.21,-6911.28,0.0
TARABA_DG1_And_DG2_1696921200_OFFICE-00980AA1,2023-10-10 07:00:00,2023-10-10 07:15:00,1696921200,164.61,41,1.08,0.0,7184.03,6911.53,-7183.21,-6911.53,0.0
TARABA_DG1_And_DG2_1696922100_OFFICE-00980AA1,2023-10-10 07:15:00,2023-10-10 07:30:00,1696922100,163.89,41,1.08,0.0,7184.03,6911.78,-7183.21,-6911.78,0.0
TARABA_DG1_And_DG2_1696923000_OFFICE-00980AA1,2023-10-10 07:30:00,2023-10-10 07:45:00,1696923000,161.71,41,2.17,0.0,7184.03,6912.03,-7183.21,-6912.03,0.0
TARABA_DG1_And_DG2_1696923900_OFFICE-00980AA1,2023-10-10 07:45:00,2023-10-10 08:00:00,1696923900,160.99,41,0.72,0.0,7184.03,6912.28,-7183.21,-6912.28,0.0
TARABA_DG1_And_DG2_1696924800_OFFICE-00980AA1,2023-10-10 08:00:00,2023-10-10 08:15:00,1696924800,159.54,41,1.44,0.0,7184.03,6912.53,-7183.21,-6912.53,0.0
TARABA_DG1_And_DG2_1696925700_OFFICE-00980AA1,2023-10-10 08:15:00,2023-10-10 08:30:00,1696925700,159.18,41,0.36,0.0,7184.03,6912.78,-7183.21,-6912.78,0.0
TARABA_DG1_And_DG2_1696926600_OFFICE-00980AA1,2023-10-10 08:30:00,2023-10-10 08:45:00,1696926600,158.09,41,1.08,0.0,7184.03,6913.03,-7183.21,-6913.03,0.0
TARABA_DG1_And_DG2_1696927500_OFFICE-00980AA1,2023-10-10 08:45:00,2023-10-10 09:00:00,1696927500,155.91,41,2.17,0.0,7184.03,6913.28,-7183.21,-6913.28,0.0
TARABA_DG1_And_DG2_1696928400_OFFICE-00980AA1,2023-10-10 09:00:00,2023-10-10 09:15:00,1696928400,154.82,41,1.08,0.0,7184.03,6913.53,-7183.21,-6913.53,0.0
TARABA_DG1_And_DG2_1696929300_OFFICE-00980AA1,2023-10-10 09:15:00,2023-10-10 09:30:00,1696929300,154.1,41,0.72,0.0,7184.03,6913.78,-7183.21,-6913.78,0.0
TARABA_DG1_And_DG2_1696930200_OFFICE-00980AA1,2023-10-10 09:30:00,2023-10-10 09:45:00,1696930200,153.01,41,0.72,0.0,7184.03,6914.03,-7183.21,-6914.03,0.0
TARABA_DG1_And_DG2_1696931100_OFFICE-00980AA1,2023-10-10 09:45:00,2023-10-10 10:00:00,1696931100,151.56,41,1.81,0.0,7184.03,6914.28,-7183.21,-6914.28,0.0
TARABA_DG1_And_DG2_1696932000_OFFICE-00980AA1,2023-10-10 10:00:00,2023-10-10 10:15:00,1696932000,150.48,41,0.72,0.0,7184.03,6914.53,-7183.21,-6914.53,0.0
TARABA_DG1_And_DG2_1696932900_OFFICE-00980AA1,2023-10-10 10:15:00,2023-10-10 10:30:00,1696932900,148.3,41,2.53,0.0,7184.03,6914.78,-7183.21,-6914.78,0.0
TARABA_DG1_And_DG2_1696933800_OFFICE-00980AA1,2023-10-10 10:30:00,2023-10-10 10:45:00,1696933800,148.3,41,0.0,0.0,7184.03,6915.03,-7183.21,-6915.03,0.567
TARABA_DG1_And_DG2_1696934700_OFFICE-00980AA1,2023-10-10 10:45:00,2023-10-10 11:00:00,1696934700,146.49,41,1.80,0.0,7184.03,6915.28,-7183.21,-6915.28,1.816
TARABA_DG1_And_DG2_1696935600_OFFICE-00980AA1,2023-10-10 11:00:00,2023-10-10 11:15:00,1696935600,145.4,41,1.08,0.0,7184.03,6915.53,-7183.21,-6915.53,1.709
TARABA_DG1_And_DG2_1696936500_OFFICE-00980AA1,2023-10-10 11:15:00,2023-10-10 11:30:00,1696936500,144.31,41,1.08,0.0,7184.03,6915.78,-7183.21,-6915.78,1.591
TARABA_DG1_And_DG2_1696937400_OFFICE-00980AA1,2023-10-10 11:30:00,2023-10-10 11:45:00,1696937400,143.59,41,0.72,0.0,7184.03,6916.03,-7183.21,-6916.03,1.976
TARABA_DG1_And_DG2_1696938300_OFFICE-00980AA1,2023-10-10 11:45:00,2023-10-10 12:00:00,1696938300,142.14,41,1.08,0.0,7184.03,6916.28,-7183.21,-6916.28,2.273
TARABA_DG1_And_DG2_1696939200_OFFICE-00980AA1,2023-10-10 12:00:00,2023-10-10 12:15:00,1696939200,140.69,41,1.08,0.0,7184.03,6916.53,-7183.21,-6916.53,1.931
TARABA_DG1_And_DG2_1696940100_OFFICE-00980AA1,2023-10-10 12:15:00,2023-10-10 12:30:00,1696940100,138.88,41,2.53,0.0,7184.03,6916.78,-7183.21,-6916.78,1.083
TARABA_DG1_And_DG2_1696941000_OFFICE-00980AA1,2023-10-10 12:30:00,2023-10-10 12:45:00,1696941000,137.79,41,1.08,0.0,7184.03,6917.03,-7183.21,-6917.03,1.211
TARABA_DG1_And_DG2_1696941900_OFFICE-00980AA1,2023-10-10 12:45:00,2023-10-10 13:00:00,1696941900,136.34,41,1.44,0.0,7184.03,6917.28,-7183.21,-6917.28,1.342
TARABA_DG1_And_DG2_1696942800_OFFICE-00980AA1,2023-10-10 13:00:00,2023-10-10 13:15:00,1696942800,135.61,41,0.73,0.0,7184.03,6917.53,-7183.21,-6917.53,1.312
TARABA_DG1_And_DG2_1696943700_OFFICE-00980AA1,2023-10-10 13:15:00,2023-10-10 13:30:00,1696943700,134.89,41,0.72,0.0,7184.03,6917.78,-7183.21,-6917.78,1.272
TARABA_DG1_And_DG2_1696944600_OFFICE-00980AA1,2023-10-10 13:30:00,2023-10-10 13:45:00,1696944600,132.35,41,2.18,0.0,7184.03,6918.03,-7183.21,-6918.03,1.473
TARABA_DG1_And_DG2_1696945500_OFFICE-00980AA1,2023-10-10 13:45:00,2023-10-10 14:00:00,1696945500,131.26,41,1.44,0.0,7184.03,6918.28,-7183.21,-6918.28,0.741
TARABA_DG1_And_DG2_1696946400_OFFICE-00980AA1,2023-10-10 14:00:00,2023-10-10 14:15:00,1696946400,130.9,41,0.0,0.0,7184.03,6918.53,-7183.21,-6918.53,1.298
TARABA_DG1_And_DG2_1696947300_OFFICE-00980AA1,2023-10-10 14:15:00,2023-10-10 14:30:00,1696947300,129.45,41,1.81,0.0,7184.03,6918.78,-7183.21,-6918.78,1.743
TARABA_DG1_And_DG2_1696948200_OFFICE-00980AA1,2023-10-10 14:30:00,2023-10-10 14:45:00,1696948200,128.72,41,0.73,0.0,7184.03,6919.04,-7183.21,-6919.04,1.537
TARABA_DG1_And_DG2_1696949100_OFFICE-00980AA1,2023-10-10 14:45:00,2023-10-10 15:00:00,1696949100,126.55,41,2.17,0.0,7184.03,6919.29,-7183.21,-6919.29,2.047
TARABA_DG1_And_DG2_1696950000_OFFICE-00980AA1,2023-10-10 15:00:00,2023-10-10 15:15:00,1696950000,124.74,41,1.44,0.0,7184.03,6919.54,-7183.21,-6919.54,1.962
TARABA_DG1_And_DG2_1696950900_OFFICE-00980AA1,2023-10-10 15:15:00,2023-10-10 15:30:00,1696950900,124.38,41,0.72,0.0,7184.03,6919.79,-7183.21,-6919.79,1.825
TARABA_DG1_And_DG2_1696951800_OFFICE-00980AA1,2023-10-10 15:30:00,2023-10-10 15:45:00,1696951800,122.92,41,1.46,0.0,7184.03,6920.04,-7183.21,-6920.04,2.039
TARABA_DG1_And_DG2_1696952700_OFFICE-00980AA1,2023-10-10 15:45:00,2023-10-10 16:00:00,1696952700,121.11,41,1.44,0.0,7184.03,6920.29,-7183.21,-6920.29,2.085
TARABA_DG1_And_DG2_1696953600_OFFICE-00980AA1,2023-10-10 16:00:00,2023-10-10 16:15:00,1696953600,119.66,41,1.46,0.0,7184.03,6920.54,-7183.21,-6920.54,1.701
TARABA_DG1_And_DG2_1696954500_OFFICE-00980AA1,2023-10-10 16:15:00,2023-10-10 16:30:00,1696954500,119.3,41,0.36,0.0,7184.03,6920.79,-7183.21,-6920.79,0.7
TARABA_DG1_And_DG2_1696955400_OFFICE-00980AA1,2023-10-10 16:30:00,2023-10-10 16:45:00,1696955400,118.21,41,1.45,0.0,7184.03,6921.04,-7183.21,-6921.04,0.0
TARABA_DG1_And_DG2_1696956300_OFFICE-00980AA1,2023-10-10 16:45:00,2023-10-10 17:00:00,1696956300,117.49,41,0.72,0.0,7184.03,6921.29,-7183.21,-6921.29,0.0
TARABA_DG1_And_DG2_1696957200_OFFICE-00980AA1,2023-10-10 17:00:00,2023-10-10 17:15:00,1696957200,116.04,41,1.44,0.0,7184.03,6921.54,-7183.21,-6921.54,0.0
TARABA_DG1_And_DG2_1696958100_OFFICE-00980AA1,2023-10-10 17:15:00,2023-10-10 17:30:00,1696958100,115.68,41,0.36,0.0,7184.03,6921.79,-7183.21,-6921.79,0.0
TARABA_DG1_And_DG2_1696959000_OFFICE-00980AA1,2023-10-10 17:30:00,2023-10-10 17:45:00,1696959000,113.86,41,1.81,0.0,7184.03,6922.04,-7183.21,-6922.04,0.0
TARABA_DG1_And_DG2_1696959900_OFFICE-00980AA1,2023-10-10 17:45:00,2023-10-10 18:00:00,1696959900,113.86,41,0.0,0.0,7184.03,6922.29,-7183.21,-6922.29,0.302
TARABA_DG1_And_DG2_1696960800_OFFICE-00980AA1,2023-10-10 18:00:00,2023-10-10 18:15:00,1696960800,112.41,41,1.45,0.0,7184.03,6922.54,-7183.21,-6922.54,0.0
TARABA_DG1_And_DG2_1696961700_OFFICE-00980AA1,2023-10-10 18:15:00,2023-10-10 18:30:00,1696961700,111.32,44.01,1.08,0.0,7184.03,6922.79,-7183.21,-6922.79,0.0
TARABA_DG1_And_DG2_1696962600_OFFICE-00980AA1,2023-10-10 18:30:00,2023-10-10 18:45:00,1696962600,110.6,44.01,0.72,0.0,7184.03,6923.04,-7183.21,-6923.04,0.0
TARABA_DG1_And_DG2_1696963500_OFFICE-00980AA1,2023-10-10 18:45:00,2023-10-10 19:00:00,1696963500,109.51,44.01,1.08,0.0,7184.03,6923.29,-7183.21,-6923.29,0.0
TARABA_DG1_And_DG2_1696964400_OFFICE-00980AA1,2023-10-10 19:00:00,2023-10-10 19:15:00,1696964400,109.51,44.01,0.0,0.0,7184.03,6923.54,-7183.21,-6923.54,0.0
TARABA_DG1_And_DG2_1696965300_OFFICE-00980AA1,2023-10-10 19:15:00,2023-10-10 19:30:00,1696965300,107.7,44.01,1.80,0.0,7184.03,6923.79,-7183.21,-6923.79,0.0
TARABA_DG1_And_DG2_1696966200_OFFICE-00980AA1,2023-10-10 19:30:00,2023-10-10 19:45:00,1696966200,107.7,44.01,0.0,0.0,7184.03,6924.04,-7183.21,-6924.04,0.0
TARABA_DG1_And_DG2_1696967100_OFFICE-00980AA1,2023-10-10 19:45:00,2023-10-10 20:00:00,1696967100,106.98,44.01,0.72,0.0,7184.03,6924.29,-7183.21,-6924.29,0.0
TARABA_DG1_And_DG2_1696968000_OFFICE-00980AA1,2023-10-10 20:00:00,2023-10-10 20:15:00,1696968000,105.16,44.01,1.81,0.0,7184.03,6924.54,-7183.21,-6924.54,0.0
TARABA_DG1_And_DG2_1696968900_OFFICE-00980AA1,2023-10-10 20:15:00,2023-10-10 20:30:00,1696968900,104.8,44.01,0.0,0.0,7184.03,6924.79,-7183.21,-6924.79,0.0
TARABA_DG1_And_DG2_1696969800_OFFICE-00980AA1,2023-10-10 20:30:00,2023-10-10 20:45:00,1696969800,103.71,44.01,1.45,0.0,7184.03,6925.04,-7183.21,-6925.04,0.0
TARABA_DG1_And_DG2_1696970700_OFFICE-00980AA1,2023-10-10 20:45:00,2023-10-10 21:00:00,1696970700,102.99,44.01,0.72,0.0,7184.03,6925.29,-7183.21,-6925.29,0.0
TARABA_DG1_And_DG2_1696971600_OFFICE-00980AA1,2023-10-10 21:00:00,2023-10-10 21:15:00,1696971600,102.26,44.01,0.73,0.0,7184.03,6925.53,-7183.21,-6925.53,0.0
TARABA_DG1_And_DG2_1696972500_OFFICE-00980AA1,2023-10-10 21:15:00,2023-10-10 21:30:00,1696972500,101.54,44.01,0.72,0.0,7184.03,6925.78,-7183.21,-6925.78,0.0
TARABA_DG1_And_DG2_1696973400_OFFICE-00980AA1,2023-10-10 21:30:00,2023-10-10 21:45:00,1696973400,99.72,44.01,1.81,0.0,7184.03,6926.03,-7183.21,-6926.03,0.0
TARABA_DG1_And_DG2_1696974300_OFFICE-00980AA1,2023-10-10 21:45:00,2023-10-10 22:00:00,1696974300,98.28,44.01,1.08,0.0,7184.03,6926.28,-7183.21,-6926.28,0.527
TARABA_DG1_And_DG2_1696975200_OFFICE-00980AA1,2023-10-10 22:00:00,2023-10-10 22:15:00,1696975200,98.28,44.01,0.36,0.0,7184.03,6926.53,-7183.21,-6926.53,0.95
TARABA_DG1_And_DG2_1696976100_OFFICE-00980AA1,2023-10-10 22:15:00,2023-10-10 22:30:00,1696976100,97.19,44.01,1.08,0.0,7184.03,6926.78,-7183.21,-6926.78,1.042
TARABA_DG1_And_DG2_1696977000_OFFICE-00980AA1,2023-10-10 22:30:00,2023-10-10 22:45:00,1696977000,96.46,44.01,0.73,0.0,7184.03,6927.03,-7183.21,-6927.03,0.087
TARABA_DG1_And_DG2_1696977900_OFFICE-00980AA1,2023-10-10 22:45:00,2023-10-10 23:00:00,1696977900,95.38,44.01,0.72,0.0,7184.03,6927.28,-7183.21,-6927.28,0.0
TARABA_DG1_And_DG2_1696978800_OFFICE-00980AA1,2023-10-10 23:00:00,2023-10-10 23:15:00,1696978800,95.01,44.01,0.73,0.0,7184.03,6927.53,-7183.21,-6927.53,0.0
TARABA_DG1_And_DG2_1696979700_OFFICE-00980AA1,2023-10-10 23:15:00,2023-10-10 23:30:00,1696979700,93.92,44.01,0.72,0.0,7184.03,6927.78,-7183.21,-6927.78,0.0
TARABA_DG1_And_DG2_1696980600_OFFICE-00980AA1,2023-10-10 23:30:00,2023-10-10 23:45:00,1696980600,92.48,44.01,1.81,0.0,7184.03,6928.03,-7183.21,-6928.03,0.0
TARABA_DG1_And_DG2_1696981500_OFFICE-00980AA1,2023-10-10 23:45:00,2023-10-11 00:00:00,1696981500,91.39,44.01,1.08,0.0,7184.03,6928.28,-7183.21,-6928.28,0.0
