key,start,end,epoch,tankl1,tankl2,deltal1,deltal2,hrs1,hrs2,deltahrs1,deltahrs2,GB1_kwh
TARABA_DG1_And_DG2_1697846400_OFFICE-00980AA1,2023-10-21 00:00:00,2023-10-21 00:15:00,1697846400,112.78,172.2,0.0,0.75,7332.3,7007.32,-7331.48,-7007.32,0.0
TARABA_DG1_And_DG2_1697847300_OFFICE-00980AA1,2023-10-21 00:15:00,2023-10-21 00:30:00,1697847300,112.78,171.45,0.0,0.75,7332.55,7007.32,-7331.73,-7007.32,0.0
TARABA_DG1_And_DG2_1697848200_OFFICE-00980AA1,2023-10-21 00:30:00,2023-10-21 00:45:00,1697848200,112.78,171.07,0.0,0.0,7332.8,7007.32,-7331.98,-7007.32,0.0
TARABA_DG1_And_DG2_1697849100_OFFICE-00980AA1,2023-10-21 00:45:00,2023-10-21 01:00:00,1697849100,112.78,170.32,0.0,0.38,7333.05,7007.32,-7332.23,-7007.32,0.0
TARABA_DG1_And_DG2_1697850000_OFFICE-00980AA1,2023-10-21 01:00:00,2023-10-21 01:15:00,1697850000,112.78,168.81,0.0,2.26,7333.3,7007.32,-7332.48,-7007.32,0.0
TARABA_DG1_And_DG2_1697850900_OFFICE-00980AA1,2023-10-21 01:15:00,2023-10-21 01:30:00,1697850900,112.78,168.81,0.0,0.0,7333.55,7007.32,-7332.73,-7007.32,0.0
TARABA_DG1_And_DG2_1697851800_OFFICE-00980AA1,2023-10-21 01:30:00,2023-10-21 01:45:00,1697851800,112.78,165.43,0.0,3.38,7333.8,7007.32,-7332.98,-7007.32,0.0
TARABA_DG1_And_DG2_1697852700_OFFICE-00980AA1,2023-10-21 01:45:00,2023-10-21 02:00:00,1697852700,112.78,164.3,0.0,1.13,7334.05,7007.32,-7333.23,-7007.32,0.0
TARABA_DG1_And_DG2_1697853600_OFFICE-00980AA1,2023-10-21 02:00:00,2023-10-21 02:15:00,1697853600,112.78,164.3,0.0,0.0,7334.3,7007.32,-7333.48,-7007.32,0.0
TARABA_DG1_And_DG2_1697854500_OFFICE-00980AA1,2023-10-21 02:15:00,2023-10-21 02:30:00,1697854500,112.78,162.8,0.0,1.5,7334.55,7007.32,-7333.73,-7007.32,0.0
TARABA_DG1_And_DG2_1697855400_OFFICE-00980AA1,2023-10-21 02:30:00,2023-10-21 02:45:00,1697855400,112.78,162.05,0.0,0.75,7334.8,7007.32,-7333.98,-7007.32,0.0
TARABA_DG1_And_DG2_1697856300_OFFICE-00980AA1,2023-10-21 02:45:00,2023-10-21 03:00:00,1697856300,112.78,160.54,0.0,1.50,7335.05,7007.32,-7334.23,-7007.32,0.0
TARABA_DG1_And_DG2_1697857200_OFFICE-00980AA1,2023-10-21 03:00:00,2023-10-21 03:15:00,1697857200,112.78,159.79,0.0,0.75,7335.3,7007.32,-7334.48,-7007.32,0.0
TARABA_DG1_And_DG2_1697858100_OFFICE-00980AA1,2023-10-21 03:15:00,2023-10-21 03:30:00,1697858100,112.78,157.16,0.0,2.63,7335.55,7007.32,-7334.73,-7007.32,0.0
TARABA_DG1_And_DG2_1697859000_OFFICE-00980AA1,2023-10-21 03:30:00,2023-10-21 03:45:00,1697859000,112.78,158.29,0.0,3.01,7335.8,7007.32,-7334.98,-7007.32,0.0
TARABA_DG1_And_DG2_1697859900_OFFICE-00980AA1,2023-10-21 03:45:00,2023-10-21 04:00:00,1697859900,112.78,155.66,0.0,2.63,7336.05,7007.32,-7335.23,-7007.32,0.0
TARABA_DG1_And_DG2_1697860800_OFFICE-00980AA1,2023-10-21 04:00:00,2023-10-21 04:15:00,1697860800,112.78,154.91,0.0,0.75,7336.3,7007.32,-7335.48,-7007.32,0.0
TARABA_DG1_And_DG2_1697861700_OFFICE-00980AA1,2023-10-21 04:15:00,2023-10-21 04:30:00,1697861700,112.78,153.4,0.0,1.13,7336.55,7007.32,-7335.73,-7007.32,0.0
TARABA_DG1_And_DG2_1697862600_OFFICE-00980AA1,2023-10-21 04:30:00,2023-10-21 04:45:00,1697862600,112.78,153.4,0.0,0.38,7336.8,7007.32,-7335.98,-7007.32,0.0
TARABA_DG1_And_DG2_1697863500_OFFICE-00980AA1,2023-10-21 04:45:00,2023-10-21 05:00:00,1697863500,112.78,153.4,0.0,0.0,7336.87,7007.32,-7336.05,-7007.32,0.0
TARABA_DG1_And_DG2_1697864400_OFFICE-00980AA1,2023-10-21 05:00:00,2023-10-21 05:15:00,1697864400,112.78,153.4,0.0,0.0,7336.87,7007.32,-7336.05,-7007.32,0.0
TARABA_DG1_And_DG2_1697865300_OFFICE-00980AA1,2023-10-21 05:15:00,2023-10-21 05:30:00,1697865300,112.78,153.4,0.0,0.0,7336.87,7007.32,-7336.05,-7007.32,0.0
TARABA_DG1_And_DG2_1697866200_OFFICE-00980AA1,2023-10-21 05:30:00,2023-10-21 05:45:00,1697866200,112.78,153.4,0.0,0.0,7336.87,7007.32,-7336.05,-7007.32,0.0
TARABA_DG1_And_DG2_1697867100_OFFICE-00980AA1,2023-10-21 05:45:00,2023-10-21 06:00:00,1697867100,112.78,153.4,0.0,0.0,7336.87,7007.32,-7336.05,-7007.32,0.0
TARABA_DG1_And_DG2_1697868000_OFFICE-00980AA1,2023-10-21 06:00:00,2023-10-21 06:15:00,1697868000,112.78,153.4,0.0,0.0,7336.87,7007.32,-7336.05,-7007.32,0.0
TARABA_DG1_And_DG2_1697868900_OFFICE-00980AA1,2023-10-21 06:15:00,2023-10-21 06:30:00,1697868900,112.78,153.4,0.0,0.0,7336.87,7007.32,-7336.05,-7007.32,0.0
TARABA_DG1_And_DG2_1697869800_OFFICE-00980AA1,2023-10-21 06:30:00,2023-10-21 06:45:00,1697869800,112.78,153.4,0.0,0.0,7336.87,7007.32,-7336.05,-7007.32,0.0
TARABA_DG1_And_DG2_1697870700_OFFICE-00980AA1,2023-10-21 06:45:00,2023-10-21 07:00:00,1697870700,112.78,153.4,0.0,0.0,7336.87,7007.32,-7336.05,-7007.32,0.0
TARABA_DG1_And_DG2_1697871600_OFFICE-00980AA1,2023-10-21 07:00:00,2023-10-21 07:15:00,1697871600,112.78,153.4,0.0,0.0,7336.87,7007.32,-7336.05,-7007.32,0.0
TARABA_DG1_And_DG2_1697872500_OFFICE-00980AA1,2023-10-21 07:15:00,2023-10-21 07:30:00,1697872500,112.78,153.4,0.0,0.0,7336.87,7007.32,-7336.05,-7007.32,0.0
TARABA_DG1_And_DG2_1697873400_OFFICE-00980AA1,2023-10-21 07:30:00,2023-10-21 07:45:00,1697873400,112.78,153.4,0.0,0.0,7336.96,7007.32,-7336.14,-7007.32,0.0
TARABA_DG1_And_DG2_1697874300_OFFICE-00980AA1,2023-10-21 07:45:00,2023-10-21 08:00:00,1697874300,112.78,152.65,0.0,0.0,7337.04,7007.32,-7336.22,-7007.32,0.0
TARABA_DG1_And_DG2_1697875200_OFFICE-00980AA1,2023-10-21 08:00:00,2023-10-21 08:15:00,1697875200,112.78,151.52,0.0,1.88,7337.29,7007.32,-7336.47,-7007.32,0.0
TARABA_DG1_And_DG2_1697876100_OFFICE-00980AA1,2023-10-21 08:15:00,2023-10-21 08:30:00,1697876100,112.78,149.27,0.0,2.25,7337.43,7007.32,-7336.61,-7007.32,0.0
TARABA_DG1_And_DG2_1697877000_OFFICE-00980AA1,2023-10-21 08:30:00,2023-10-21 08:45:00,1697877000,112.78,149.27,0.0,0.0,7337.43,7007.32,-7336.61,-7007.32,0.0
TARABA_DG1_And_DG2_1697877900_OFFICE-00980AA1,2023-10-21 08:45:00,2023-10-21 09:00:00,1697877900,112.78,149.27,0.0,0.0,7337.43,7007.32,-7336.61,-7007.32,0.0
TARABA_DG1_And_DG2_1697878800_OFFICE-00980AA1,2023-10-21 09:00:00,2023-10-21 09:15:00,1697878800,112.78,149.27,0.0,0.0,7337.43,7007.32,-7336.61,-7007.32,0.0
TARABA_DG1_And_DG2_1697879700_OFFICE-00980AA1,2023-10-21 09:15:00,2023-10-21 09:30:00,1697879700,112.78,149.27,0.0,0.0,7337.43,7007.32,-7336.61,-7007.32,0.0
TARABA_DG1_And_DG2_1697880600_OFFICE-00980AA1,2023-10-21 09:30:00,2023-10-21 09:45:00,1697880600,112.78,149.27,0.0,0.0,7337.43,7007.32,-7336.61,-7007.32,0.0
TARABA_DG1_And_DG2_1697881500_OFFICE-00980AA1,2023-10-21 09:45:00,2023-10-21 10:00:00,1697881500,112.78,149.27,0.0,0.0,7337.43,7007.32,-7336.61,-7007.32,0.0
TARABA_DG1_And_DG2_1697882400_OFFICE-00980AA1,2023-10-21 10:00:00,2023-10-21 10:15:00,1697882400,112.78,149.27,0.0,0.0,7337.43,7007.32,-7336.61,-7007.32,0.0
TARABA_DG1_And_DG2_1697883300_OFFICE-00980AA1,2023-10-21 10:15:00,2023-10-21 10:30:00,1697883300,112.78,149.27,0.0,0.0,7337.43,7007.32,-7336.61,-7007.32,0.0
TARABA_DG1_And_DG2_1697884200_OFFICE-00980AA1,2023-10-21 10:30:00,2023-10-21 10:45:00,1697884200,112.78,149.27,0.0,0.0,7337.43,7007.32,-7336.61,-7007.32,0.207
TARABA_DG1_And_DG2_1697885100_OFFICE-00980AA1,2023-10-21 10:45:00,2023-10-21 11:00:00,1697885100,112.78,149.27,0.0,0.0,7337.43,7007.32,-7336.61,-7007.32,0.944
TARABA_DG1_And_DG2_1697886000_OFFICE-00980AA1,2023-10-21 11:00:00,2023-10-21 11:15:00,1697886000,112.78,149.27,0.0,0.0,7337.43,7007.32,-7336.61,-7007.32,1.118
TARABA_DG1_And_DG2_1697886900_OFFICE-00980AA1,2023-10-21 11:15:00,2023-10-21 11:30:00,1697886900,112.78,149.27,0.0,0.0,7337.43,7007.32,-7336.61,-7007.32,0.917
TARABA_DG1_And_DG2_1697887800_OFFICE-00980AA1,2023-10-21 11:30:00,2023-10-21 11:45:00,1697887800,112.78,149.27,0.0,0.0,7337.43,7007.32,-7336.61,-7007.32,1.079
TARABA_DG1_And_DG2_1697888700_OFFICE-00980AA1,2023-10-21 11:45:00,2023-10-21 12:00:00,1697888700,112.78,149.27,0.0,0.0,7337.43,7007.32,-7336.61,-7007.32,1.147
TARABA_DG1_And_DG2_1697889600_OFFICE-00980AA1,2023-10-21 12:00:00,2023-10-21 12:15:00,1697889600,112.78,149.27,0.0,0.0,7337.43,7007.32,-7336.61,-7007.32,0.91
TARABA_DG1_And_DG2_1697890500_OFFICE-00980AA1,2023-10-21 12:15:00,2023-10-21 12:30:00,1697890500,112.78,148.51,0.0,0.76,7337.63,7007.32,-7336.81,-7007.32,0.271
TARABA_DG1_And_DG2_1697891400_OFFICE-00980AA1,2023-10-21 12:30:00,2023-10-21 12:45:00,1697891400,112.78,148.14,0.0,0.37,7337.88,7007.32,-7337.06,-7007.32,1.017
TARABA_DG1_And_DG2_1697892300_OFFICE-00980AA1,2023-10-21 12:45:00,2023-10-21 13:00:00,1697892300,112.78,145.88,0.0,2.26,7338.14,7007.32,-7337.32,-7007.32,1.183
TARABA_DG1_And_DG2_1697893200_OFFICE-00980AA1,2023-10-21 13:00:00,2023-10-21 13:15:00,1697893200,112.78,145.13,0.0,0.75,7338.38,7007.32,-7337.56,-7007.32,1.035
TARABA_DG1_And_DG2_1697894100_OFFICE-00980AA1,2023-10-21 13:15:00,2023-10-21 13:30:00,1697894100,112.78,143.25,0.0,1.88,7338.64,7007.32,-7337.82,-7007.32,0.904
TARABA_DG1_And_DG2_1697895000_OFFICE-00980AA1,2023-10-21 13:30:00,2023-10-21 13:45:00,1697895000,112.78,143.25,0.0,0.0,7338.86,7007.32,-7338.04,-7007.32,1.008
TARABA_DG1_And_DG2_1697895900_OFFICE-00980AA1,2023-10-21 13:45:00,2023-10-21 14:00:00,1697895900,112.78,143.25,0.0,0.0,7338.86,7007.32,-7338.04,-7007.32,0.896
TARABA_DG1_And_DG2_1697896800_OFFICE-00980AA1,2023-10-21 14:00:00,2023-10-21 14:15:00,1697896800,112.78,143.25,0.0,0.0,7338.86,7007.32,-7338.04,-7007.32,0.914
TARABA_DG1_And_DG2_1697897700_OFFICE-00980AA1,2023-10-21 14:15:00,2023-10-21 14:30:00,1697897700,112.78,143.25,0.0,0.0,7338.86,7007.32,-7338.04,-7007.32,0.767
TARABA_DG1_And_DG2_1697898600_OFFICE-00980AA1,2023-10-21 14:30:00,2023-10-21 14:45:00,1697898600,112.78,143.25,0.0,0.0,7338.86,7007.32,-7338.04,-7007.32,0.909
TARABA_DG1_And_DG2_1697899500_OFFICE-00980AA1,2023-10-21 14:45:00,2023-10-21 15:00:00,1697899500,112.78,143.25,0.0,0.0,7338.86,7007.32,-7338.04,-7007.32,1.017
TARABA_DG1_And_DG2_1697900400_OFFICE-00980AA1,2023-10-21 15:00:00,2023-10-21 15:15:00,1697900400,112.78,143.25,0.0,0.0,7338.86,7007.32,-7338.04,-7007.32,0.512
TARABA_DG1_And_DG2_1697901300_OFFICE-00980AA1,2023-10-21 15:15:00,2023-10-21 15:30:00,1697901300,112.78,143.25,0.0,0.0,7338.91,7007.32,-7338.09,-7007.32,0.0
TARABA_DG1_And_DG2_1697902200_OFFICE-00980AA1,2023-10-21 15:30:00,2023-10-21 15:45:00,1697902200,112.78,141.37,0.0,1.88,7339.16,7007.32,-7338.34,-7007.32,0.0
TARABA_DG1_And_DG2_1697903100_OFFICE-00980AA1,2023-10-21 15:45:00,2023-10-21 16:00:00,1697903100,112.78,139.12,0.0,2.25,7339.41,7007.32,-7338.59,-7007.32,0.0
TARABA_DG1_And_DG2_1697904000_OFFICE-00980AA1,2023-10-21 16:00:00,2023-10-21 16:15:00,1697904000,112.78,138.74,0.0,0.0,7339.66,7007.32,-7338.84,-7007.32,0.0
TARABA_DG1_And_DG2_1697904900_OFFICE-00980AA1,2023-10-21 16:15:00,2023-10-21 16:30:00,1697904900,112.78,137.61,0.0,1.50,7339.91,7007.32,-7339.09,-7007.32,0.0
TARABA_DG1_And_DG2_1697905800_OFFICE-00980AA1,2023-10-21 16:30:00,2023-10-21 16:45:00,1697905800,112.78,136.86,0.0,0.75,7340.16,7007.32,-7339.34,-7007.32,0.0
TARABA_DG1_And_DG2_1697906700_OFFICE-00980AA1,2023-10-21 16:45:00,2023-10-21 17:00:00,1697906700,112.78,135.36,0.0,1.5,7340.41,7007.32,-7339.59,-7007.32,0.0
TARABA_DG1_And_DG2_1697907600_OFFICE-00980AA1,2023-10-21 17:00:00,2023-10-21 17:15:00,1697907600,112.78,133.48,0.0,1.88,7340.66,7007.32,-7339.84,-7007.32,0.0
TARABA_DG1_And_DG2_1697908500_OFFICE-00980AA1,2023-10-21 17:15:00,2023-10-21 17:30:00,1697908500,112.78,133.1,0.0,0.38,7340.82,7007.32,-7340.00,-7007.32,0.0
TARABA_DG1_And_DG2_1697909400_OFFICE-00980AA1,2023-10-21 17:30:00,2023-10-21 17:45:00,1697909400,112.78,132.35,0.0,0.75,7341.07,7007.32,-7340.25,-7007.32,0.0
TARABA_DG1_And_DG2_1697910300_OFFICE-00980AA1,2023-10-21 17:45:00,2023-10-21 18:00:00,1697910300,112.78,131.22,0.0,1.13,7341.32,7007.32,-7340.50,-7007.32,0.0
TARABA_DG1_And_DG2_1697911200_OFFICE-00980AA1,2023-10-21 18:00:00,2023-10-21 18:15:00,1697911200,112.78,128.97,0.0,2.25,7341.57,7007.32,-7340.75,-7007.32,0.0
TARABA_DG1_And_DG2_1697912100_OFFICE-00980AA1,2023-10-21 18:15:00,2023-10-21 18:30:00,1697912100,112.78,128.59,0.0,0.38,7341.82,7007.32,-7341.00,-7007.32,0.0
TARABA_DG1_And_DG2_1697913000_OFFICE-00980AA1,2023-10-21 18:30:00,2023-10-21 18:45:00,1697913000,112.78,127.46,0.0,0.75,7342.07,7007.32,-7341.25,-7007.32,0.0
TARABA_DG1_And_DG2_1697913900_OFFICE-00980AA1,2023-10-21 18:45:00,2023-10-21 19:00:00,1697913900,112.78,125.96,0.0,1.5,7342.32,7007.32,-7341.50,-7007.32,0.0
TARABA_DG1_And_DG2_1697914800_OFFICE-00980AA1,2023-10-21 19:00:00,2023-10-21 19:15:00,1697914800,112.78,125.58,0.0,0.76,7342.57,7007.32,-7341.75,-7007.32,0.0
TARABA_DG1_And_DG2_1697915700_OFFICE-00980AA1,2023-10-21 19:15:00,2023-10-21 19:30:00,1697915700,112.78,124.08,0.0,1.5,7342.82,7007.32,-7342.00,-7007.32,0.0
TARABA_DG1_And_DG2_1697916600_OFFICE-00980AA1,2023-10-21 19:30:00,2023-10-21 19:45:00,1697916600,112.78,122.95,0.0,0.75,7343.07,7007.32,-7342.25,-7007.32,0.0
TARABA_DG1_And_DG2_1697917500_OFFICE-00980AA1,2023-10-21 19:45:00,2023-10-21 20:00:00,1697917500,112.78,122.2,0.0,1.13,7343.32,7007.32,-7342.50,-7007.32,0.0
TARABA_DG1_And_DG2_1697918400_OFFICE-00980AA1,2023-10-21 20:00:00,2023-10-21 20:15:00,1697918400,112.78,120.32,0.0,1.88,7343.57,7007.32,-7342.75,-7007.32,0.0
TARABA_DG1_And_DG2_1697919300_OFFICE-00980AA1,2023-10-21 20:15:00,2023-10-21 20:30:00,1697919300,112.78,119.94,0.0,0.38,7343.82,7007.32,-7343.00,-7007.32,0.0
TARABA_DG1_And_DG2_1697920200_OFFICE-00980AA1,2023-10-21 20:30:00,2023-10-21 20:45:00,1697920200,112.78,118.06,0.0,1.88,7344.07,7007.32,-7343.25,-7007.32,0.0
TARABA_DG1_And_DG2_1697921100_OFFICE-00980AA1,2023-10-21 20:45:00,2023-10-21 21:00:00,1697921100,112.78,118.06,0.0,0.0,7344.32,7007.32,-7343.50,-7007.32,0.0
TARABA_DG1_And_DG2_1697922000_OFFICE-00980AA1,2023-10-21 21:00:00,2023-10-21 21:15:00,1697922000,112.78,115.81,0.0,1.87,7344.57,7007.32,-7343.75,-7007.32,0.0
TARABA_DG1_And_DG2_1697922900_OFFICE-00980AA1,2023-10-21 21:15:00,2023-10-21 21:30:00,1697922900,112.78,115.06,0.0,1.13,7344.82,7007.32,-7344.00,-7007.32,0.0
TARABA_DG1_And_DG2_1697923800_OFFICE-00980AA1,2023-10-21 21:30:00,2023-10-21 21:45:00,1697923800,112.78,114.31,0.0,0.75,7345.07,7007.32,-7344.25,-7007.32,0.0
TARABA_DG1_And_DG2_1697924700_OFFICE-00980AA1,2023-10-21 21:45:00,2023-10-21 22:00:00,1697924700,112.78,112.8,0.0,1.50,7345.32,7007.32,-7344.50,-7007.32,0.0
TARABA_DG1_And_DG2_1697925600_OFFICE-00980AA1,2023-10-21 22:00:00,2023-10-21 22:15:00,1697925600,112.78,112.05,0.0,0.75,7345.57,7007.32,-7344.75,-7007.32,0.0
TARABA_DG1_And_DG2_1697926500_OFFICE-00980AA1,2023-10-21 22:15:00,2023-10-21 22:30:00,1697926500,112.78,110.92,0.0,1.13,7345.82,7007.32,-7345.00,-7007.32,0.0
TARABA_DG1_And_DG2_1697927400_OFFICE-00980AA1,2023-10-21 22:30:00,2023-10-21 22:45:00,1697927400,112.78,109.79,0.0,1.13,7346.07,7007.32,-7345.25,-7007.32,0.0
TARABA_DG1_And_DG2_1697928300_OFFICE-00980AA1,2023-10-21 22:45:00,2023-10-21 23:00:00,1697928300,112.78,109.04,0.0,0.75,7346.32,7007.32,-7345.50,-7007.32,0.0
TARABA_DG1_And_DG2_1697929200_OFFICE-00980AA1,2023-10-21 23:00:00,2023-10-21 23:15:00,1697929200,112.78,107.54,0.0,1.5,7346.57,7007.32,-7345.75,-7007.32,0.0
TARABA_DG1_And_DG2_1697930100_OFFICE-00980AA1,2023-10-21 23:15:00,2023-10-21 23:30:00,1697930100,112.78,106.79,0.0,0.75,7346.82,7007.32,-7346.00,-7007.32,0.0
TARABA_DG1_And_DG2_1697931000_OFFICE-00980AA1,2023-10-21 23:30:00,2023-10-21 23:45:00,1697931000,112.78,105.66,0.0,1.13,7347.07,7007.32,-7346.25,-7007.32,0.0
TARABA_DG1_And_DG2_1697931900_OFFICE-00980AA1,2023-10-21 23:45:00,2023-10-22 00:00:00,1697931900,112.78,104.53,0.0,1.13,7347.32,7007.32,-7346.50,-7007.32,0.0
