key,start,end,epoch,tankl1,tankl2,deltal1,deltal2,hrs1,hrs2,deltahrs1,deltahrs2,GB1_kwh
ABUJA_OFFICE_DG1_and_DG2_1696381200,2023-10-04 00:00:00,2023-10-04 00:15:00,1696377600,179.51,224.46,2.06,0.0,8547.84,8530.02,-2.149999999999636,-0.12000000000080036,2.654
ABUJA_OFFICE_DG1_and_DG2_1696382100,2023-10-04 00:15:00,2023-10-04 00:30:00,1696378500,179.51,223.5,0.0,0.91,8547.84,8530.27,-2.149999999999636,-0.37000000000080036,2.628
ABUJA_OFFICE_DG1_and_DG2_1696383000,2023-10-04 00:30:00,2023-10-04 00:45:00,1696379400,179.51,221.71,0.0,1.75,8547.84,8530.52,-2.149999999999636,-0.6200000000008004,2.572
ABUJA_OFFICE_DG1_and_DG2_1696383900,2023-10-04 00:45:00,2023-10-04 01:00:00,1696380300,179.51,219.83,0.0,1.96,8547.84,8530.77,-2.149999999999636,-0.8700000000008004,2.677
ABUJA_OFFICE_DG1_and_DG2_1696384800,2023-10-04 01:00:00,2023-10-04 01:15:00,1696381200,179.51,218.36,0.0,1.19,8547.84,8531.02,-2.149999999999636,-1.1200000000008004,2.825
ABUJA_OFFICE_DG1_and_DG2_1696385700,2023-10-04 01:15:00,2023-10-04 01:30:00,1696382100,179.51,216.93,0.0,1.71,8547.84,8531.27,-2.149999999999636,-1.3700000000008004,2.692
ABUJA_OFFICE_DG1_and_DG2_1696386600,2023-10-04 01:30:00,2023-10-04 01:45:00,1696383000,179.51,215.49,0.0,1.43,8547.84,8531.52,-2.149999999999636,-1.6200000000008004,2.67
ABUJA_OFFICE_DG1_and_DG2_1696387500,2023-10-04 01:45:00,2023-10-04 02:00:00,1696383900,179.51,213.66,0.0,1.67,8547.84,8531.77,-2.149999999999636,-1.8700000000008004,2.581
ABUJA_OFFICE_DG1_and_DG2_1696388400,2023-10-04 02:00:00,2023-10-04 02:15:00,1696384800,179.51,212.18,0.0,1.28,8547.84,8532.02,-2.149999999999636,-2.1200000000008004,2.709
ABUJA_OFFICE_DG1_and_DG2_1696389300,2023-10-04 02:15:00,2023-10-04 02:30:00,1696385700,179.51,211.35,0.0,1.11,8547.84,8532.27,-2.149999999999636,-2.3700000000008004,2.554
ABUJA_OFFICE_DG1_and_DG2_1696390200,2023-10-04 02:30:00,2023-10-04 02:45:00,1696386600,179.51,209.48,0.0,1.92,8547.84,8532.52,-2.149999999999636,-2.6200000000008004,2.603
ABUJA_OFFICE_DG1_and_DG2_1696391100,2023-10-04 02:45:00,2023-10-04 03:00:00,1696387500,179.51,208.08,0.0,1.43,8547.84,8532.77,-2.149999999999636,-2.8700000000008004,2.599
ABUJA_OFFICE_DG1_and_DG2_1696392000,2023-10-04 03:00:00,2023-10-04 03:15:00,1696388400,179.51,206.49,0.0,1.43,8547.84,8533.02,-2.149999999999636,-3.1200000000008004,2.787
ABUJA_OFFICE_DG1_and_DG2_1696392900,2023-10-04 03:15:00,2023-10-04 03:30:00,1696389300,179.51,205.21,0.0,1.44,8547.84,8533.27,-2.149999999999636,-3.3700000000008004,2.603
ABUJA_OFFICE_DG1_and_DG2_1696393800,2023-10-04 03:30:00,2023-10-04 03:45:00,1696390200,179.51,203.78,0.0,1.42,8547.84,8533.52,-2.149999999999636,-3.6200000000008004,2.696
ABUJA_OFFICE_DG1_and_DG2_1696394700,2023-10-04 03:45:00,2023-10-04 04:00:00,1696391100,179.51,201.98,0.0,1.56,8547.84,8533.77,-2.149999999999636,-3.8700000000008004,2.576
ABUJA_OFFICE_DG1_and_DG2_1696395600,2023-10-04 04:00:00,2023-10-04 04:15:00,1696392000,179.51,200.83,0.0,1.39,8547.84,8534.02,-2.149999999999636,-4.1200000000008,2.645
ABUJA_OFFICE_DG1_and_DG2_1696396500,2023-10-04 04:15:00,2023-10-04 04:30:00,1696392900,179.51,199.08,0.0,1.52,8547.84,8534.27,-2.149999999999636,-4.3700000000008,2.736
ABUJA_OFFICE_DG1_and_DG2_1696397400,2023-10-04 04:30:00,2023-10-04 04:45:00,1696393800,179.51,197.6,0.0,1.43,8547.84,8534.52,-2.149999999999636,-4.6200000000008,2.561
ABUJA_OFFICE_DG1_and_DG2_1696398300,2023-10-04 04:45:00,2023-10-04 05:00:00,1696394700,179.51,196.17,0.0,1.54,8547.84,8534.77,-2.149999999999636,-4.8700000000008,2.729
ABUJA_OFFICE_DG1_and_DG2_1696399200,2023-10-04 05:00:00,2023-10-04 05:15:00,1696395600,179.51,194.85,0.0,1.48,8547.84,8535.02,-2.149999999999636,-5.1200000000008,2.925
ABUJA_OFFICE_DG1_and_DG2_1696400100,2023-10-04 05:15:00,2023-10-04 05:30:00,1696396500,179.51,193.22,0.0,1.63,8547.84,8535.26,-2.149999999999636,-5.360000000000582,2.739
ABUJA_OFFICE_DG1_and_DG2_1696401000,2023-10-04 05:30:00,2023-10-04 05:45:00,1696397400,179.51,191.94,0.0,1.12,8547.84,8535.52,-2.149999999999636,-5.6200000000008,2.744
ABUJA_OFFICE_DG1_and_DG2_1696401900,2023-10-04 05:45:00,2023-10-04 06:00:00,1696398300,179.51,190.47,0.0,1.63,8547.84,8535.77,-2.149999999999636,-5.8700000000008,3.598
ABUJA_OFFICE_DG1_and_DG2_1696402800,2023-10-04 06:00:00,2023-10-04 06:15:00,1696399200,179.51,188.48,0.0,1.48,8547.94,8535.95,-2.25,-6.050000000001091,5.912
ABUJA_OFFICE_DG1_and_DG2_1696403700,2023-10-04 06:15:00,2023-10-04 06:30:00,1696400100,177.03,188.4,2.07,0.59,8548.19,8535.95,-2.5,-6.050000000001091,7.486
ABUJA_OFFICE_DG1_and_DG2_1696404600,2023-10-04 06:30:00,2023-10-04 06:45:00,1696401000,174.55,188.4,2.89,0.0,8548.44,8535.95,-2.75,-6.050000000001091,7.22
ABUJA_OFFICE_DG1_and_DG2_1696405500,2023-10-04 06:45:00,2023-10-04 07:00:00,1696401900,172.07,188.4,2.06,0.0,8548.69,8535.95,-3.0,-6.050000000001091,7.355
ABUJA_OFFICE_DG1_and_DG2_1696406400,2023-10-04 07:00:00,2023-10-04 07:15:00,1696402800,169.18,188.4,2.9,0.0,8548.94,8535.95,-3.25,-6.050000000001091,7.872
ABUJA_OFFICE_DG1_and_DG2_1696407300,2023-10-04 07:15:00,2023-10-04 07:30:00,1696403700,167.53,188.4,2.06,0.0,8549.19,8535.95,-3.5,-6.050000000001091,7.566
ABUJA_OFFICE_DG1_and_DG2_1696408200,2023-10-04 07:30:00,2023-10-04 07:45:00,1696404600,164.64,188.4,2.89,0.0,8549.44,8535.95,-3.75,-6.050000000001091,8.576
ABUJA_OFFICE_DG1_and_DG2_1696409100,2023-10-04 07:45:00,2023-10-04 08:00:00,1696405500,161.33,188.4,2.9,0.0,8549.69,8535.95,-4.0,-6.050000000001091,8.747
ABUJA_OFFICE_DG1_and_DG2_1696410000,2023-10-04 08:00:00,2023-10-04 08:15:00,1696406400,158.03,188.4,3.71,0.0,8549.94,8535.95,-4.25,-6.050000000001091,8.691
ABUJA_OFFICE_DG1_and_DG2_1696410900,2023-10-04 08:15:00,2023-10-04 08:30:00,1696407300,155.13,209.24,2.48,0.0,8550.19,8535.95,-4.5,-6.050000000001091,8.383
ABUJA_OFFICE_DG1_and_DG2_1696411800,2023-10-04 08:30:00,2023-10-04 08:45:00,1696408200,217.1,367.71,2.07,0.26,8550.34,8536.05,-4.649999999999636,-6.149999999999636,8.351
ABUJA_OFFICE_DG1_and_DG2_1696412700,2023-10-04 08:45:00,2023-10-04 09:00:00,1696409100,318.32,366.1,0.0,2.02,8550.5,8536.14,-4.809999999999491,-6.239999999999782,7.741
ABUJA_OFFICE_DG1_and_DG2_1696413600,2023-10-04 09:00:00,2023-10-04 09:15:00,1696410000,315.43,366.1,2.89,0.0,8550.75,8536.14,-5.059999999999491,-6.239999999999782,8.398
ABUJA_OFFICE_DG1_and_DG2_1696414500,2023-10-04 09:15:00,2023-10-04 09:30:00,1696410900,312.54,366.1,2.89,0.0,8551.0,8536.14,-5.309999999999491,-6.239999999999782,9.378
ABUJA_OFFICE_DG1_and_DG2_1696415400,2023-10-04 09:30:00,2023-10-04 09:45:00,1696411800,309.65,366.1,2.48,0.0,8551.25,8536.14,-5.559999999999491,-6.239999999999782,8.811
ABUJA_OFFICE_DG1_and_DG2_1696416300,2023-10-04 09:45:00,2023-10-04 10:00:00,1696412700,306.34,366.1,3.31,0.0,8551.5,8536.14,-5.809999999999491,-6.239999999999782,8.303
ABUJA_OFFICE_DG1_and_DG2_1696417200,2023-10-04 10:00:00,2023-10-04 10:15:00,1696413600,303.86,365.95,2.47,0.15,8551.75,8536.14,-6.059999999999491,-6.239999999999782,7.885
ABUJA_OFFICE_DG1_and_DG2_1696418100,2023-10-04 10:15:00,2023-10-04 10:30:00,1696414500,301.38,365.95,2.9,0.0,8552.0,8536.14,-6.309999999999491,-6.239999999999782,8.628
ABUJA_OFFICE_DG1_and_DG2_1696419000,2023-10-04 10:30:00,2023-10-04 10:45:00,1696415400,297.67,365.91,3.71,0.04,8552.25,8536.14,-6.559999999999491,-6.239999999999782,8.821
ABUJA_OFFICE_DG1_and_DG2_1696419900,2023-10-04 10:45:00,2023-10-04 11:00:00,1696416300,295.6,365.83,2.07,0.08,8552.51,8536.14,-6.819999999999709,-6.239999999999782,9.268
ABUJA_OFFICE_DG1_and_DG2_1696420800,2023-10-04 11:00:00,2023-10-04 11:15:00,1696417200,292.29,365.83,3.30,0.0,8552.76,8536.14,-7.069999999999709,-6.239999999999782,9.379
ABUJA_OFFICE_DG1_and_DG2_1696421700,2023-10-04 11:15:00,2023-10-04 11:30:00,1696418100,289.82,365.79,2.47,0.04,8553.01,8536.14,-7.319999999999709,-6.239999999999782,9.114
ABUJA_OFFICE_DG1_and_DG2_1696422600,2023-10-04 11:30:00,2023-10-04 11:45:00,1696419000,286.1,365.79,3.71,0.0,8553.26,8536.14,-7.569999999999709,-6.239999999999782,9.116
ABUJA_OFFICE_DG1_and_DG2_1696423500,2023-10-04 11:45:00,2023-10-04 12:00:00,1696419900,282.79,365.79,2.48,0.0,8553.51,8536.14,-7.819999999999709,-6.239999999999782,8.687
ABUJA_OFFICE_DG1_and_DG2_1696424400,2023-10-04 12:00:00,2023-10-04 12:15:00,1696420800,281.97,364.91,1.65,0.8,8553.68,8536.26,-7.989999999999782,-6.360000000000582,8.107
ABUJA_OFFICE_DG1_and_DG2_1696425300,2023-10-04 12:15:00,2023-10-04 12:30:00,1696421700,280.31,361.04,1.66,3.66,8553.68,8536.51,-7.989999999999782,-6.610000000000582,9.295
ABUJA_OFFICE_DG1_and_DG2_1696426200,2023-10-04 12:30:00,2023-10-04 12:45:00,1696422600,280.31,357.1,0.0,3.78,8553.68,8536.76,-7.989999999999782,-6.860000000000582,9.601
ABUJA_OFFICE_DG1_and_DG2_1696427100,2023-10-04 12:45:00,2023-10-04 13:00:00,1696423500,280.31,353.87,0.0,3.47,8553.68,8537.01,-7.989999999999782,-7.110000000000582,9.465
ABUJA_OFFICE_DG1_and_DG2_1696428000,2023-10-04 13:00:00,2023-10-04 13:15:00,1696424400,280.31,350.33,0.0,3.39,8553.68,8537.26,-7.989999999999782,-7.360000000000582,9.159
ABUJA_OFFICE_DG1_and_DG2_1696428900,2023-10-04 13:15:00,2023-10-04 13:30:00,1696425300,280.31,347.3,0.0,3.30,8553.68,8537.51,-7.989999999999782,-7.610000000000582,8.975
ABUJA_OFFICE_DG1_and_DG2_1696429800,2023-10-04 13:30:00,2023-10-04 13:45:00,1696426200,280.31,344.11,0.0,2.99,8553.68,8537.76,-7.989999999999782,-7.860000000000582,8.82
ABUJA_OFFICE_DG1_and_DG2_1696430700,2023-10-04 13:45:00,2023-10-04 14:00:00,1696427100,280.31,341.96,0.0,2.39,8553.68,8538.01,-7.989999999999782,-8.110000000000582,8.41
ABUJA_OFFICE_DG1_and_DG2_1696431600,2023-10-04 14:00:00,2023-10-04 14:15:00,1696428000,280.31,338.97,0.0,2.87,8553.68,8538.26,-7.989999999999782,-8.360000000000582,8.759
ABUJA_OFFICE_DG1_and_DG2_1696432500,2023-10-04 14:15:00,2023-10-04 14:30:00,1696428900,280.31,336.34,0.0,2.67,8553.68,8538.51,-7.989999999999782,-8.610000000000582,7.781
ABUJA_OFFICE_DG1_and_DG2_1696433400,2023-10-04 14:30:00,2023-10-04 14:45:00,1696429800,280.31,334.23,0.0,2.11,8553.68,8538.76,-7.989999999999782,-8.860000000000582,7.056
ABUJA_OFFICE_DG1_and_DG2_1696434300,2023-10-04 14:45:00,2023-10-04 15:00:00,1696430700,280.31,331.84,0.0,2.51,8553.68,8539.01,-7.989999999999782,-9.110000000000582,6.427
ABUJA_OFFICE_DG1_and_DG2_1696435200,2023-10-04 15:00:00,2023-10-04 15:15:00,1696431600,280.31,329.53,0.0,2.11,8553.68,8539.26,-7.989999999999782,-9.360000000000582,6.349
ABUJA_OFFICE_DG1_and_DG2_1696436100,2023-10-04 15:15:00,2023-10-04 15:30:00,1696432500,280.31,327.38,0.0,2.2,8553.68,8539.51,-7.989999999999782,-9.610000000000582,6.579
ABUJA_OFFICE_DG1_and_DG2_1696437000,2023-10-04 15:30:00,2023-10-04 15:45:00,1696433400,280.31,324.95,0.0,2.26,8553.68,8539.76,-7.989999999999782,-9.860000000000582,6.327
ABUJA_OFFICE_DG1_and_DG2_1696437900,2023-10-04 15:45:00,2023-10-04 16:00:00,1696434300,280.31,323.15,0.0,1.95,8553.68,8540.01,-7.989999999999782,-10.110000000000582,5.59
ABUJA_OFFICE_DG1_and_DG2_1696438800,2023-10-04 16:00:00,2023-10-04 16:15:00,1696435200,280.31,321.4,0.0,1.91,8553.68,8540.26,-7.989999999999782,-10.360000000000582,4.4
ABUJA_OFFICE_DG1_and_DG2_1696439700,2023-10-04 16:15:00,2023-10-04 16:30:00,1696436100,280.31,319.65,0.0,1.59,8553.68,8540.51,-7.989999999999782,-10.610000000000582,3.383
ABUJA_OFFICE_DG1_and_DG2_1696440600,2023-10-04 16:30:00,2023-10-04 16:45:00,1696437000,280.31,318.01,0.0,1.6,8553.68,8540.76,-7.989999999999782,-10.860000000000582,3.059
ABUJA_OFFICE_DG1_and_DG2_1696441500,2023-10-04 16:45:00,2023-10-04 17:00:00,1696437900,280.31,316.34,0.0,1.75,8553.68,8541.01,-7.989999999999782,-11.110000000000582,2.799
ABUJA_OFFICE_DG1_and_DG2_1696442400,2023-10-04 17:00:00,2023-10-04 17:15:00,1696438800,280.31,314.74,0.0,1.8,8553.68,8541.24,-7.989999999999782,-11.340000000000146,2.749
ABUJA_OFFICE_DG1_and_DG2_1696443300,2023-10-04 17:15:00,2023-10-04 17:30:00,1696439700,280.31,313.39,0.0,1.35,8553.68,8541.49,-7.989999999999782,-11.590000000000146,2.972
ABUJA_OFFICE_DG1_and_DG2_1696444200,2023-10-04 17:30:00,2023-10-04 17:45:00,1696440600,280.31,311.72,0.0,1.63,8553.68,8541.74,-7.989999999999782,-11.840000000000146,3.004
ABUJA_OFFICE_DG1_and_DG2_1696445100,2023-10-04 17:45:00,2023-10-04 18:00:00,1696441500,280.31,309.64,0.0,2.12,8553.68,8541.99,-7.989999999999782,-12.090000000000146,2.79
ABUJA_OFFICE_DG1_and_DG2_1696446000,2023-10-04 18:00:00,2023-10-04 18:15:00,1696442400,280.31,308.89,0.0,0.75,8553.78,8542.18,-8.090000000000146,-12.280000000000655,2.662
ABUJA_OFFICE_DG1_and_DG2_1696446900,2023-10-04 18:15:00,2023-10-04 18:30:00,1696443300,278.66,308.89,1.65,0.0,8554.02,8542.18,-8.329999999999927,-12.280000000000655,2.495
ABUJA_OFFICE_DG1_and_DG2_1696447800,2023-10-04 18:30:00,2023-10-04 18:45:00,1696444200,277.83,308.89,0.83,0.0,8554.28,8542.18,-8.590000000000146,-12.280000000000655,2.691
ABUJA_OFFICE_DG1_and_DG2_1696448700,2023-10-04 18:45:00,2023-10-04 19:00:00,1696445100,275.77,308.89,2.06,0.0,8554.52,8542.18,-8.829999999999927,-12.280000000000655,2.887
ABUJA_OFFICE_DG1_and_DG2_1696449600,2023-10-04 19:00:00,2023-10-04 19:15:00,1696446000,274.53,308.89,1.24,0.0,8554.78,8542.18,-9.090000000000146,-12.280000000000655,2.964
ABUJA_OFFICE_DG1_and_DG2_1696450500,2023-10-04 19:15:00,2023-10-04 19:30:00,1696446900,272.88,308.89,1.65,0.0,8555.02,8542.18,-9.329999999999927,-12.280000000000655,2.752
ABUJA_OFFICE_DG1_and_DG2_1696451400,2023-10-04 19:30:00,2023-10-04 19:45:00,1696447800,271.22,308.89,1.24,0.0,8555.28,8542.18,-9.590000000000146,-12.280000000000655,2.838
ABUJA_OFFICE_DG1_and_DG2_1696452300,2023-10-04 19:45:00,2023-10-04 20:00:00,1696448700,269.57,308.89,2.07,0.0,8555.53,8542.18,-9.840000000000146,-12.280000000000655,2.424
ABUJA_OFFICE_DG1_and_DG2_1696453200,2023-10-04 20:00:00,2023-10-04 20:15:00,1696449600,267.51,308.89,2.06,0.0,8555.78,8542.18,-10.090000000000146,-12.280000000000655,2.409
ABUJA_OFFICE_DG1_and_DG2_1696454100,2023-10-04 20:15:00,2023-10-04 20:30:00,1696450500,266.27,308.89,1.24,0.0,8556.03,8542.18,-10.340000000000146,-12.280000000000655,2.44
ABUJA_OFFICE_DG1_and_DG2_1696455000,2023-10-04 20:30:00,2023-10-04 20:45:00,1696451400,265.03,308.89,1.24,0.0,8556.28,8542.18,-10.590000000000146,-12.280000000000655,2.428
ABUJA_OFFICE_DG1_and_DG2_1696455900,2023-10-04 20:45:00,2023-10-04 21:00:00,1696452300,263.79,308.89,1.24,0.0,8556.53,8542.18,-10.840000000000146,-12.280000000000655,2.49
ABUJA_OFFICE_DG1_and_DG2_1696456800,2023-10-04 21:00:00,2023-10-04 21:15:00,1696453200,261.31,308.89,2.07,0.0,8556.78,8542.18,-11.090000000000146,-12.280000000000655,2.406
ABUJA_OFFICE_DG1_and_DG2_1696457700,2023-10-04 21:15:00,2023-10-04 21:30:00,1696454100,260.48,308.89,0.82,0.0,8557.03,8542.18,-11.340000000000146,-12.280000000000655,2.503
ABUJA_OFFICE_DG1_and_DG2_1696458600,2023-10-04 21:30:00,2023-10-04 21:45:00,1696455000,258.83,308.89,2.07,0.0,8557.28,8542.18,-11.590000000000146,-12.280000000000655,2.602
ABUJA_OFFICE_DG1_and_DG2_1696459500,2023-10-04 21:45:00,2023-10-04 22:00:00,1696455900,257.18,308.89,1.65,0.0,8557.53,8542.18,-11.840000000000146,-12.280000000000655,2.359
ABUJA_OFFICE_DG1_and_DG2_1696460400,2023-10-04 22:00:00,2023-10-04 22:15:00,1696456800,255.53,308.89,1.65,0.0,8557.77,8542.18,-12.079999999999927,-12.280000000000655,2.342
ABUJA_OFFICE_DG1_and_DG2_1696461300,2023-10-04 22:15:00,2023-10-04 22:30:00,1696457700,254.29,308.89,1.24,0.0,8558.02,8542.18,-12.329999999999927,-12.280000000000655,2.319
ABUJA_OFFICE_DG1_and_DG2_1696462200,2023-10-04 22:30:00,2023-10-04 22:45:00,1696458600,252.22,308.89,2.07,0.0,8558.27,8542.18,-12.579999999999927,-12.280000000000655,2.341
ABUJA_OFFICE_DG1_and_DG2_1696463100,2023-10-04 22:45:00,2023-10-04 23:00:00,1696459500,250.57,308.89,1.65,0.0,8558.52,8542.18,-12.829999999999927,-12.280000000000655,2.406
ABUJA_OFFICE_DG1_and_DG2_1696464000,2023-10-04 23:00:00,2023-10-04 23:15:00,1696460400,248.5,308.89,2.07,0.0,8558.77,8542.18,-13.079999999999927,-12.280000000000655,2.346
ABUJA_OFFICE_DG1_and_DG2_1696464900,2023-10-04 23:15:00,2023-10-04 23:30:00,1696461300,248.09,308.89,0.41,0.0,8559.02,8542.18,-13.329999999999927,-12.280000000000655,2.387
ABUJA_OFFICE_DG1_and_DG2_1696465800,2023-10-04 23:30:00,2023-10-04 23:45:00,1696462200,246.44,308.89,1.65,0.0,8559.27,8542.18,-13.579999999999927,-12.280000000000655,2.45
ABUJA_OFFICE_DG1_and_DG2_1696466700,2023-10-04 23:45:00,2023-10-05 00:00:00,1696463100,244.37,308.89,2.07,0.0,8559.52,8542.18,-13.829999999999927,-12.280000000000655,2.429
