key,start,end,epoch,tankl1,tankl2,deltal1,deltal2,hrs1,hrs2,deltahrs1,deltahrs2,GB1_kwh
ABUJA_OFFICE_DG1_and_DG2_1699833600_OFFICE-00980785,2023-11-13 00:00:00,2023-11-13 00:15:00,1699833600,121.67,130.1,0.0,0.84,8845.6,8854.67,-8837.6,-8286.09,0.0
ABUJA_OFFICE_DG1_and_DG2_1699834500_OFFICE-00980785,2023-11-13 00:15:00,2023-11-13 00:30:00,1699834500,121.67,128.07,0.0,1.99,8845.6,8854.92,-8837.6,-8286.34,0.0
ABUJA_OFFICE_DG1_and_DG2_1699835400_OFFICE-00980785,2023-11-13 00:30:00,2023-11-13 00:45:00,1699835400,121.67,127.16,0.0,0.95,8845.6,8855.17,-8837.6,-8286.59,0.0
ABUJA_OFFICE_DG1_and_DG2_1699836300_OFFICE-00980785,2023-11-13 00:45:00,2023-11-13 01:00:00,1699836300,121.67,125.76,0.0,1.48,8845.6,8855.42,-8837.6,-8286.84,0.0
ABUJA_OFFICE_DG1_and_DG2_1699837200_OFFICE-00980785,2023-11-13 01:00:00,2023-11-13 01:15:00,1699837200,121.67,124.21,0.0,1.47,8845.65,8855.66,-8837.65,-8287.08,0.0
ABUJA_OFFICE_DG1_and_DG2_1699838100_OFFICE-00980785,2023-11-13 01:15:00,2023-11-13 01:30:00,1699838100,120.02,124.21,1.65,0.16,8845.9,8855.66,-8837.9,-8287.08,0.0
ABUJA_OFFICE_DG1_and_DG2_1699839000_OFFICE-00980785,2023-11-13 01:30:00,2023-11-13 01:45:00,1699839000,118.78,124.21,0.83,0.0,8846.15,8855.66,-8838.15,-8287.08,0.0
ABUJA_OFFICE_DG1_and_DG2_1699839900_OFFICE-00980785,2023-11-13 01:45:00,2023-11-13 02:00:00,1699839900,117.13,124.21,2.06,0.0,8846.4,8855.66,-8838.4,-8287.08,0.0
ABUJA_OFFICE_DG1_and_DG2_1699840800_OFFICE-00980785,2023-11-13 02:00:00,2023-11-13 02:15:00,1699840800,114.23,124.21,2.9,0.0,8846.66,8855.66,-8838.66,-8287.08,0.0
ABUJA_OFFICE_DG1_and_DG2_1699841700_OFFICE-00980785,2023-11-13 02:15:00,2023-11-13 02:30:00,1699841700,112.99,124.21,1.24,0.0,8846.91,8855.66,-8838.91,-8287.08,0.0
ABUJA_OFFICE_DG1_and_DG2_1699842600_OFFICE-00980785,2023-11-13 02:30:00,2023-11-13 02:45:00,1699842600,111.75,124.21,1.24,0.0,8847.16,8855.66,-8839.16,-8287.08,0.0
ABUJA_OFFICE_DG1_and_DG2_1699843500_OFFICE-00980785,2023-11-13 02:45:00,2023-11-13 03:00:00,1699843500,110.1,124.21,1.24,0.0,8847.39,8855.66,-8839.39,-8287.08,0.0
ABUJA_OFFICE_DG1_and_DG2_1699844400_OFFICE-00980785,2023-11-13 03:00:00,2023-11-13 03:15:00,1699844400,108.45,124.21,2.06,0.0,8847.64,8855.66,-8839.64,-8287.08,0.0
ABUJA_OFFICE_DG1_and_DG2_1699845300_OFFICE-00980785,2023-11-13 03:15:00,2023-11-13 03:30:00,1699845300,106.8,124.21,1.24,0.0,8847.89,8855.66,-8839.89,-8287.08,0.0
ABUJA_OFFICE_DG1_and_DG2_1699846200_OFFICE-00980785,2023-11-13 03:30:00,2023-11-13 03:45:00,1699846200,105.14,124.21,2.07,0.0,8848.14,8855.66,-8840.14,-8287.08,0.0
ABUJA_OFFICE_DG1_and_DG2_1699847100_OFFICE-00980785,2023-11-13 03:45:00,2023-11-13 04:00:00,1699847100,103.9,124.21,1.24,0.0,8848.39,8855.66,-8840.39,-8287.08,0.0
ABUJA_OFFICE_DG1_and_DG2_1699848000_OFFICE-00980785,2023-11-13 04:00:00,2023-11-13 04:15:00,1699848000,102.25,124.21,1.23,0.0,8848.64,8855.66,-8840.64,-8287.08,0.0
ABUJA_OFFICE_DG1_and_DG2_1699848900_OFFICE-00980785,2023-11-13 04:15:00,2023-11-13 04:30:00,1699848900,100.6,124.21,1.66,0.0,8848.89,8855.66,-8840.89,-8287.08,0.0
ABUJA_OFFICE_DG1_and_DG2_1699849800_OFFICE-00980785,2023-11-13 04:30:00,2023-11-13 04:45:00,1699849800,99.36,124.21,1.65,0.0,8849.14,8855.66,-8841.14,-8287.08,0.0
ABUJA_OFFICE_DG1_and_DG2_1699850700_OFFICE-00980785,2023-11-13 04:45:00,2023-11-13 05:00:00,1699850700,97.29,124.21,2.07,0.0,8849.39,8855.66,-8841.39,-8287.08,0.0
ABUJA_OFFICE_DG1_and_DG2_1699851600_OFFICE-00980785,2023-11-13 05:00:00,2023-11-13 05:15:00,1699851600,95.23,124.21,2.06,0.0,8849.64,8855.66,-8841.64,-8287.08,0.0
ABUJA_OFFICE_DG1_and_DG2_1699852500_OFFICE-00980785,2023-11-13 05:15:00,2023-11-13 05:30:00,1699852500,93.58,124.21,1.65,0.0,8849.89,8855.66,-8841.89,-8287.08,0.0
ABUJA_OFFICE_DG1_and_DG2_1699853400_OFFICE-00980785,2023-11-13 05:30:00,2023-11-13 05:45:00,1699853400,91.92,124.21,1.66,0.0,8850.14,8855.66,-8842.14,-8287.08,0.0
ABUJA_OFFICE_DG1_and_DG2_1699854300_OFFICE-00980785,2023-11-13 05:45:00,2023-11-13 06:00:00,1699854300,89.03,124.21,2.48,0.0,8850.39,8855.66,-8842.39,-8287.08,0.0
ABUJA_OFFICE_DG1_and_DG2_1699855200_OFFICE-00980785,2023-11-13 06:00:00,2023-11-13 06:15:00,1699855200,86.97,124.21,2.06,0.0,8850.64,8855.66,-8842.64,-8287.08,0.0
ABUJA_OFFICE_DG1_and_DG2_1699856100_OFFICE-00980785,2023-11-13 06:15:00,2023-11-13 06:30:00,1699856100,84.9,124.21,2.48,0.0,8850.89,8855.66,-8842.89,-8287.08,0.0
ABUJA_OFFICE_DG1_and_DG2_1699857000_OFFICE-00980785,2023-11-13 06:30:00,2023-11-13 06:45:00,1699857000,81.18,124.21,3.3,0.0,8851.14,8855.66,-8843.14,-8287.08,0.0
ABUJA_OFFICE_DG1_and_DG2_1699857900_OFFICE-00980785,2023-11-13 06:45:00,2023-11-13 07:00:00,1699857900,77.88,124.21,2.9,0.0,8851.4,8855.66,-8843.4,-8287.08,0.0
ABUJA_OFFICE_DG1_and_DG2_1699858800_OFFICE-00980785,2023-11-13 07:00:00,2023-11-13 07:15:00,1699858800,74.57,124.21,4.13,0.0,8851.62,8855.72,-8843.62,-8287.14,0.0
ABUJA_OFFICE_DG1_and_DG2_1699859700_OFFICE-00980785,2023-11-13 07:15:00,2023-11-13 07:30:00,1699859700,74.57,122.49,0.0,1.51,8851.62,8855.97,-8843.62,-8287.39,0.0
ABUJA_OFFICE_DG1_and_DG2_1699860600_OFFICE-00980785,2023-11-13 07:30:00,2023-11-13 07:45:00,1699860600,74.57,118.55,0.0,3.94,8851.62,8856.22,-8843.62,-8287.64,0.0
ABUJA_OFFICE_DG1_and_DG2_1699861500_OFFICE-00980785,2023-11-13 07:45:00,2023-11-13 08:00:00,1699861500,74.57,114.29,0.0,4.11,8851.62,8856.47,-8843.62,-8287.89,0.0
ABUJA_OFFICE_DG1_and_DG2_1699862400_OFFICE-00980785,2023-11-13 08:00:00,2023-11-13 08:15:00,1699862400,91.92,110.3,0.0,4.06,8851.62,8856.72,-8843.62,-8288.14,0.0
ABUJA_OFFICE_DG1_and_DG2_1699863300_OFFICE-00980785,2023-11-13 08:15:00,2023-11-13 08:30:00,1699863300,328.65,107.39,0.0,3.19,8851.63,8856.96,-8843.63,-8288.38,0.0
ABUJA_OFFICE_DG1_and_DG2_1699864200_OFFICE-00980785,2023-11-13 08:30:00,2023-11-13 08:45:00,1699864200,331.13,369.85,2.48,0.0,8851.88,8856.97,-8843.88,-8288.39,0.0
ABUJA_OFFICE_DG1_and_DG2_1699865100_OFFICE-00980785,2023-11-13 08:45:00,2023-11-13 09:00:00,1699865100,329.89,372.44,1.24,3.23,8851.89,8857.22,-8843.89,-8288.64,0.0
ABUJA_OFFICE_DG1_and_DG2_1699866000_OFFICE-00980785,2023-11-13 09:00:00,2023-11-13 09:15:00,1699866000,329.89,367.82,0.0,4.74,8851.89,8857.47,-8843.89,-8288.89,0.0
ABUJA_OFFICE_DG1_and_DG2_1699866900_OFFICE-00980785,2023-11-13 09:15:00,2023-11-13 09:30:00,1699866900,329.89,362.84,0.0,5.22,8851.89,8857.72,-8843.89,-8289.14,0.0
ABUJA_OFFICE_DG1_and_DG2_1699867800_OFFICE-00980785,2023-11-13 09:30:00,2023-11-13 09:45:00,1699867800,329.89,357.78,0.0,4.62,8851.89,8857.97,-8843.89,-8289.39,0.0
ABUJA_OFFICE_DG1_and_DG2_1699868700_OFFICE-00980785,2023-11-13 09:45:00,2023-11-13 10:00:00,1699868700,329.89,353.67,0.0,4.19,8851.89,8858.22,-8843.89,-8289.64,0.0
ABUJA_OFFICE_DG1_and_DG2_1699869600_OFFICE-00980785,2023-11-13 10:00:00,2023-11-13 10:15:00,1699869600,329.89,350.05,0.0,3.74,8851.89,8858.47,-8843.89,-8289.89,0.0
ABUJA_OFFICE_DG1_and_DG2_1699870500_OFFICE-00980785,2023-11-13 10:15:00,2023-11-13 10:30:00,1699870500,329.89,346.14,0.0,3.94,8851.89,8858.72,-8843.89,-8290.14,0.0
ABUJA_OFFICE_DG1_and_DG2_1699871400_OFFICE-00980785,2023-11-13 10:30:00,2023-11-13 10:45:00,1699871400,329.89,342.91,0.0,3.23,8851.89,8858.97,-8843.89,-8290.39,0.0
ABUJA_OFFICE_DG1_and_DG2_1699872300_OFFICE-00980785,2023-11-13 10:45:00,2023-11-13 11:00:00,1699872300,329.89,339.05,0.0,3.50,8851.89,8859.22,-8843.89,-8290.64,0.0
ABUJA_OFFICE_DG1_and_DG2_1699873200_OFFICE-00980785,2023-11-13 11:00:00,2023-11-13 11:15:00,1699873200,329.89,335.38,0.0,3.95,8851.89,8859.47,-8843.89,-8290.89,0.0
ABUJA_OFFICE_DG1_and_DG2_1699874100_OFFICE-00980785,2023-11-13 11:15:00,2023-11-13 11:30:00,1699874100,329.89,331.84,0.0,3.62,8851.89,8859.72,-8843.89,-8291.14,0.0
ABUJA_OFFICE_DG1_and_DG2_1699875000_OFFICE-00980785,2023-11-13 11:30:00,2023-11-13 11:45:00,1699875000,329.89,328.21,0.0,3.63,8851.89,8859.97,-8843.89,-8291.39,0.0
ABUJA_OFFICE_DG1_and_DG2_1699875900_OFFICE-00980785,2023-11-13 11:45:00,2023-11-13 12:00:00,1699875900,329.89,324.55,0.0,3.38,8851.89,8860.22,-8843.89,-8291.64,0.0
ABUJA_OFFICE_DG1_and_DG2_1699876800_OFFICE-00980785,2023-11-13 12:00:00,2023-11-13 12:15:00,1699876800,329.89,321.08,0.0,3.94,8851.89,8860.47,-8843.89,-8291.89,0.0
ABUJA_OFFICE_DG1_and_DG2_1699877700_OFFICE-00980785,2023-11-13 12:15:00,2023-11-13 12:30:00,1699877700,329.89,318.17,0.0,2.75,8851.89,8860.72,-8843.89,-8292.14,0.0
ABUJA_OFFICE_DG1_and_DG2_1699878600_OFFICE-00980785,2023-11-13 12:30:00,2023-11-13 12:45:00,1699878600,329.89,314.59,0.0,3.31,8851.89,8860.97,-8843.89,-8292.39,0.0
ABUJA_OFFICE_DG1_and_DG2_1699879500_OFFICE-00980785,2023-11-13 12:45:00,2023-11-13 13:00:00,1699879500,329.89,310.6,0.0,4.26,8851.89,8861.22,-8843.89,-8292.64,0.0
ABUJA_OFFICE_DG1_and_DG2_1699880400_OFFICE-00980785,2023-11-13 13:00:00,2023-11-13 13:15:00,1699880400,329.48,306.54,0.41,4.26,8851.94,8861.45,-8843.94,-8292.87,0.0
ABUJA_OFFICE_DG1_and_DG2_1699881300_OFFICE-00980785,2023-11-13 13:15:00,2023-11-13 13:30:00,1699881300,326.17,306.34,3.31,0.2,8852.19,8861.45,-8844.19,-8292.87,0.0
ABUJA_OFFICE_DG1_and_DG2_1699882200_OFFICE-00980785,2023-11-13 13:30:00,2023-11-13 13:45:00,1699882200,322.45,306.18,3.72,0.16,8852.44,8861.45,-8844.44,-8292.87,0.0
ABUJA_OFFICE_DG1_and_DG2_1699883100_OFFICE-00980785,2023-11-13 13:45:00,2023-11-13 14:00:00,1699883100,318.74,306.18,3.71,0.0,8852.69,8861.45,-8844.69,-8292.87,0.0
ABUJA_OFFICE_DG1_and_DG2_1699884000_OFFICE-00980785,2023-11-13 14:00:00,2023-11-13 14:15:00,1699884000,314.19,306.18,4.14,0.0,8852.94,8861.45,-8844.94,-8292.87,0.0
ABUJA_OFFICE_DG1_and_DG2_1699884900_OFFICE-00980785,2023-11-13 14:15:00,2023-11-13 14:30:00,1699884900,310.06,306.18,4.54,0.0,8853.19,8861.45,-8845.19,-8292.87,0.0
ABUJA_OFFICE_DG1_and_DG2_1699885800_OFFICE-00980785,2023-11-13 14:30:00,2023-11-13 14:45:00,1699885800,307.58,306.18,2.48,0.0,8853.44,8861.45,-8845.44,-8292.87,0.0
ABUJA_OFFICE_DG1_and_DG2_1699886700_OFFICE-00980785,2023-11-13 14:45:00,2023-11-13 15:00:00,1699886700,303.04,306.18,4.13,0.0,8853.69,8861.45,-8845.69,-8292.87,0.0
ABUJA_OFFICE_DG1_and_DG2_1699887600_OFFICE-00980785,2023-11-13 15:00:00,2023-11-13 15:15:00,1699887600,300.14,306.18,2.89,0.0,8853.94,8861.45,-8845.94,-8292.87,0.0
ABUJA_OFFICE_DG1_and_DG2_1699888500_OFFICE-00980785,2023-11-13 15:15:00,2023-11-13 15:30:00,1699888500,295.6,306.18,4.55,0.0,8854.19,8861.45,-8846.19,-8292.87,0.0
ABUJA_OFFICE_DG1_and_DG2_1699889400_OFFICE-00980785,2023-11-13 15:30:00,2023-11-13 15:45:00,1699889400,291.88,306.18,4.13,0.0,8854.44,8861.45,-8846.44,-8292.87,0.0
ABUJA_OFFICE_DG1_and_DG2_1699890300_OFFICE-00980785,2023-11-13 15:45:00,2023-11-13 16:00:00,1699890300,288.99,306.18,2.48,0.0,8854.69,8861.45,-8846.69,-8292.87,0.0
ABUJA_OFFICE_DG1_and_DG2_1699891200_OFFICE-00980785,2023-11-13 16:00:00,2023-11-13 16:15:00,1699891200,285.68,306.18,3.30,0.0,8854.94,8861.45,-8846.94,-8292.87,0.0
ABUJA_OFFICE_DG1_and_DG2_1699892100_OFFICE-00980785,2023-11-13 16:15:00,2023-11-13 16:30:00,1699892100,283.21,306.18,2.88,0.0,8855.19,8861.45,-8847.19,-8292.87,0.0
ABUJA_OFFICE_DG1_and_DG2_1699893000_OFFICE-00980785,2023-11-13 16:30:00,2023-11-13 16:45:00,1699893000,281.55,306.18,1.66,0.0,8855.44,8861.45,-8847.44,-8292.87,0.0
ABUJA_OFFICE_DG1_and_DG2_1699893900_OFFICE-00980785,2023-11-13 16:45:00,2023-11-13 17:00:00,1699893900,279.49,306.18,2.06,0.0,8855.69,8861.45,-8847.69,-8292.87,0.0
ABUJA_OFFICE_DG1_and_DG2_1699894800_OFFICE-00980785,2023-11-13 17:00:00,2023-11-13 17:15:00,1699894800,277.01,306.18,2.07,0.0,8855.94,8861.45,-8847.94,-8292.87,0.0
ABUJA_OFFICE_DG1_and_DG2_1699895700_OFFICE-00980785,2023-11-13 17:15:00,2023-11-13 17:30:00,1699895700,275.77,306.18,1.65,0.0,8856.19,8861.45,-8848.19,-8292.87,0.0
ABUJA_OFFICE_DG1_and_DG2_1699896600_OFFICE-00980785,2023-11-13 17:30:00,2023-11-13 17:45:00,1699896600,273.7,306.18,2.07,0.0,8856.44,8861.45,-8848.44,-8292.87,0.0
ABUJA_OFFICE_DG1_and_DG2_1699897500_OFFICE-00980785,2023-11-13 17:45:00,2023-11-13 18:00:00,1699897500,272.05,306.18,1.65,0.0,8856.69,8861.45,-8848.69,-8292.87,0.0
ABUJA_OFFICE_DG1_and_DG2_1699898400_OFFICE-00980785,2023-11-13 18:00:00,2023-11-13 18:15:00,1699898400,270.4,306.18,1.65,0.0,8856.94,8861.45,-8848.94,-8292.87,0.0
ABUJA_OFFICE_DG1_and_DG2_1699899300_OFFICE-00980785,2023-11-13 18:15:00,2023-11-13 18:30:00,1699899300,268.75,306.18,1.65,0.0,8857.19,8861.45,-8849.19,-8292.87,0.0
ABUJA_OFFICE_DG1_and_DG2_1699900200_OFFICE-00980785,2023-11-13 18:30:00,2023-11-13 18:45:00,1699900200,267.09,306.18,1.66,0.0,8857.44,8861.45,-8849.44,-8292.87,0.0
ABUJA_OFFICE_DG1_and_DG2_1699901100_OFFICE-00980785,2023-11-13 18:45:00,2023-11-13 19:00:00,1699901100,265.44,306.18,1.65,0.0,8857.69,8861.45,-8849.69,-8292.87,0.0
ABUJA_OFFICE_DG1_and_DG2_1699902000_OFFICE-00980785,2023-11-13 19:00:00,2023-11-13 19:15:00,1699902000,262.55,306.18,2.89,0.0,8857.92,8861.51,-8849.92,-8292.93,0.0
ABUJA_OFFICE_DG1_and_DG2_1699902900_OFFICE-00980785,2023-11-13 19:15:00,2023-11-13 19:30:00,1699902900,262.55,305.5,0.0,0.67,8857.92,8861.76,-8849.92,-8293.18,0.0
ABUJA_OFFICE_DG1_and_DG2_1699903800_OFFICE-00980785,2023-11-13 19:30:00,2023-11-13 19:45:00,1699903800,262.55,303.95,0.0,1.55,8857.92,8862.01,-8849.92,-8293.43,0.0
ABUJA_OFFICE_DG1_and_DG2_1699904700_OFFICE-00980785,2023-11-13 19:45:00,2023-11-13 20:00:00,1699904700,262.55,301.6,0.0,2.31,8857.92,8862.26,-8849.92,-8293.68,0.0
ABUJA_OFFICE_DG1_and_DG2_1699905600_OFFICE-00980785,2023-11-13 20:00:00,2023-11-13 20:15:00,1699905600,262.55,299.68,0.0,1.96,8857.92,8862.51,-8849.92,-8293.93,0.0
ABUJA_OFFICE_DG1_and_DG2_1699906500_OFFICE-00980785,2023-11-13 20:15:00,2023-11-13 20:30:00,1699906500,262.55,298.37,0.0,1.27,8857.92,8862.76,-8849.92,-8294.18,0.0
ABUJA_OFFICE_DG1_and_DG2_1699907400_OFFICE-00980785,2023-11-13 20:30:00,2023-11-13 20:45:00,1699907400,262.55,296.54,0.0,1.87,8857.92,8863.01,-8849.92,-8294.43,0.0
ABUJA_OFFICE_DG1_and_DG2_1699908300_OFFICE-00980785,2023-11-13 20:45:00,2023-11-13 21:00:00,1699908300,262.55,294.94,0.0,1.6,8857.92,8863.26,-8849.92,-8294.68,0.0
ABUJA_OFFICE_DG1_and_DG2_1699909200_OFFICE-00980785,2023-11-13 21:00:00,2023-11-13 21:15:00,1699909200,262.55,293.35,0.0,1.35,8857.92,8863.51,-8849.92,-8294.93,0.0
ABUJA_OFFICE_DG1_and_DG2_1699910100_OFFICE-00980785,2023-11-13 21:15:00,2023-11-13 21:30:00,1699910100,262.55,291.12,0.0,2.35,8857.92,8863.76,-8849.92,-8295.18,0.0
ABUJA_OFFICE_DG1_and_DG2_1699911000_OFFICE-00980785,2023-11-13 21:30:00,2023-11-13 21:45:00,1699911000,262.55,290.28,0.0,0.84,8857.92,8864.01,-8849.92,-8295.43,0.0
ABUJA_OFFICE_DG1_and_DG2_1699911900_OFFICE-00980785,2023-11-13 21:45:00,2023-11-13 22:00:00,1699911900,262.55,288.65,0.0,1.75,8857.92,8864.26,-8849.92,-8295.68,0.0
ABUJA_OFFICE_DG1_and_DG2_1699912800_OFFICE-00980785,2023-11-13 22:00:00,2023-11-13 22:15:00,1699912800,262.55,287.17,0.0,1.44,8857.92,8864.51,-8849.92,-8295.93,0.0
ABUJA_OFFICE_DG1_and_DG2_1699913700_OFFICE-00980785,2023-11-13 22:15:00,2023-11-13 22:30:00,1699913700,262.55,286.22,0.0,0.95,8857.92,8864.76,-8849.92,-8296.18,0.0
ABUJA_OFFICE_DG1_and_DG2_1699914600_OFFICE-00980785,2023-11-13 22:30:00,2023-11-13 22:45:00,1699914600,262.55,284.22,0.0,2.03,8857.92,8865.01,-8849.92,-8296.43,0.0
ABUJA_OFFICE_DG1_and_DG2_1699915500_OFFICE-00980785,2023-11-13 22:45:00,2023-11-13 23:00:00,1699915500,262.55,283.23,0.0,0.91,8857.92,8865.26,-8849.92,-8296.68,0.0
ABUJA_OFFICE_DG1_and_DG2_1699916400_OFFICE-00980785,2023-11-13 23:00:00,2023-11-13 23:15:00,1699916400,262.55,281,0.0,1.92,8857.92,8865.51,-8849.92,-8296.93,0.0
ABUJA_OFFICE_DG1_and_DG2_1699917300_OFFICE-00980785,2023-11-13 23:15:00,2023-11-13 23:30:00,1699917300,262.55,280,0.0,1.07,8857.92,8865.76,-8849.92,-8297.18,0.0
ABUJA_OFFICE_DG1_and_DG2_1699918200_OFFICE-00980785,2023-11-13 23:30:00,2023-11-13 23:45:00,1699918200,262.55,278.57,0.0,1.55,8857.92,8866.01,-8849.92,-8297.43,0.0
ABUJA_OFFICE_DG1_and_DG2_1699919100_OFFICE-00980785,2023-11-13 23:45:00,2023-11-14 00:00:00,1699919100,262.55,277.73,0.0,1.04,8857.92,8866.26,-8849.92,-8297.68,0.0
