key,start,end,epoch,tankl1,tankl2,deltal1,deltal2,hrs1,hrs2,deltahrs1,deltahrs2,GB1_kwh
TARABA_DG1_And_DG2_1693958400_OFFICE-00980AA1,2023-09-06 00:00:00,2023-09-06 00:15:00,1693958400,160.99,68.07,0.0,0.0,6945.13,6566.61,-6944.31,-6566.61,0.0
TARABA_DG1_And_DG2_1693959300_OFFICE-00980AA1,2023-09-06 00:15:00,2023-09-06 00:30:00,1693959300,159.9,68.07,1.81,0.0,6945.13,6566.86,-6944.31,-6566.86,0.0
TARABA_DG1_And_DG2_1693960200_OFFICE-00980AA1,2023-09-06 00:30:00,2023-09-06 00:45:00,1693960200,158.81,68.07,1.08,0.0,6945.13,6567.11,-6944.31,-6567.11,0.0
TARABA_DG1_And_DG2_1693961100_OFFICE-00980AA1,2023-09-06 00:45:00,2023-09-06 01:00:00,1693961100,157.72,68.07,1.08,0.0,6945.13,6567.36,-6944.31,-6567.36,0.0
TARABA_DG1_And_DG2_1693962000_OFFICE-00980AA1,2023-09-06 01:00:00,2023-09-06 01:15:00,1693962000,157,68.07,0.72,0.0,6945.13,6567.61,-6944.31,-6567.61,0.0
TARABA_DG1_And_DG2_1693962900_OFFICE-00980AA1,2023-09-06 01:15:00,2023-09-06 01:30:00,1693962900,156.28,68.07,0.72,0.0,6945.13,6567.86,-6944.31,-6567.86,0.0
TARABA_DG1_And_DG2_1693963800_OFFICE-00980AA1,2023-09-06 01:30:00,2023-09-06 01:45:00,1693963800,155.55,68.07,0.73,0.0,6945.13,6568.11,-6944.31,-6568.11,0.0
TARABA_DG1_And_DG2_1693964700_OFFICE-00980AA1,2023-09-06 01:45:00,2023-09-06 02:00:00,1693964700,155.19,68.07,0.36,0.0,6945.13,6568.36,-6944.31,-6568.36,0.0
TARABA_DG1_And_DG2_1693965600_OFFICE-00980AA1,2023-09-06 02:00:00,2023-09-06 02:15:00,1693965600,153.38,68.07,1.81,0.0,6945.13,6568.61,-6944.31,-6568.61,0.0
TARABA_DG1_And_DG2_1693966500_OFFICE-00980AA1,2023-09-06 02:15:00,2023-09-06 02:30:00,1693966500,152.65,68.07,0.73,0.0,6945.13,6568.86,-6944.31,-6568.86,0.0
TARABA_DG1_And_DG2_1693967400_OFFICE-00980AA1,2023-09-06 02:30:00,2023-09-06 02:45:00,1693967400,151.56,68.07,1.08,0.0,6945.13,6569.11,-6944.31,-6569.11,0.0
TARABA_DG1_And_DG2_1693968300_OFFICE-00980AA1,2023-09-06 02:45:00,2023-09-06 03:00:00,1693968300,150.84,68.07,0.36,0.0,6945.13,6569.36,-6944.31,-6569.36,0.0
TARABA_DG1_And_DG2_1693969200_OFFICE-00980AA1,2023-09-06 03:00:00,2023-09-06 03:15:00,1693969200,150.11,68.07,1.08,0.0,6945.13,6569.61,-6944.31,-6569.61,0.0
TARABA_DG1_And_DG2_1693970100_OFFICE-00980AA1,2023-09-06 03:15:00,2023-09-06 03:30:00,1693970100,149.02,68.07,0.72,0.0,6945.13,6569.86,-6944.31,-6569.86,0.0
TARABA_DG1_And_DG2_1693971000_OFFICE-00980AA1,2023-09-06 03:30:00,2023-09-06 03:45:00,1693971000,148.3,68.07,0.73,0.0,6945.13,6570.11,-6944.31,-6570.11,0.0
TARABA_DG1_And_DG2_1693971900_OFFICE-00980AA1,2023-09-06 03:45:00,2023-09-06 04:00:00,1693971900,147.57,68.07,0.72,0.0,6945.13,6570.36,-6944.31,-6570.36,0.0
TARABA_DG1_And_DG2_1693972800_OFFICE-00980AA1,2023-09-06 04:00:00,2023-09-06 04:15:00,1693972800,146.12,68.07,1.81,0.0,6945.13,6570.61,-6944.31,-6570.61,0.0
TARABA_DG1_And_DG2_1693973700_OFFICE-00980AA1,2023-09-06 04:15:00,2023-09-06 04:30:00,1693973700,145.04,68.07,1.08,0.0,6945.13,6570.86,-6944.31,-6570.86,0.0
TARABA_DG1_And_DG2_1693974600_OFFICE-00980AA1,2023-09-06 04:30:00,2023-09-06 04:45:00,1693974600,144.31,68.07,0.73,0.0,6945.13,6571.11,-6944.31,-6571.11,0.0
TARABA_DG1_And_DG2_1693975500_OFFICE-00980AA1,2023-09-06 04:45:00,2023-09-06 05:00:00,1693975500,143.22,68.07,1.08,0.0,6945.13,6571.36,-6944.31,-6571.36,0.0
TARABA_DG1_And_DG2_1693976400_OFFICE-00980AA1,2023-09-06 05:00:00,2023-09-06 05:15:00,1693976400,142.14,68.07,1.08,0.0,6945.13,6571.61,-6944.31,-6571.61,0.0
TARABA_DG1_And_DG2_1693977300_OFFICE-00980AA1,2023-09-06 05:15:00,2023-09-06 05:30:00,1693977300,141.41,68.07,0.73,0.0,6945.13,6571.86,-6944.31,-6571.86,0.0
TARABA_DG1_And_DG2_1693978200_OFFICE-00980AA1,2023-09-06 05:30:00,2023-09-06 05:45:00,1693978200,141.05,68.07,0.36,0.0,6945.13,6572.11,-6944.31,-6572.11,0.0
TARABA_DG1_And_DG2_1693979100_OFFICE-00980AA1,2023-09-06 05:45:00,2023-09-06 06:00:00,1693979100,141.05,68.07,0.0,0.0,6945.13,6572.14,-6944.31,-6572.14,0.0
TARABA_DG1_And_DG2_1693980000_OFFICE-00980AA1,2023-09-06 06:00:00,2023-09-06 06:15:00,1693980000,141.05,68.07,0.0,0.0,6945.13,6572.14,-6944.31,-6572.14,0.0
TARABA_DG1_And_DG2_1693980900_OFFICE-00980AA1,2023-09-06 06:15:00,2023-09-06 06:30:00,1693980900,141.05,68.07,0.0,0.0,6945.13,6572.14,-6944.31,-6572.14,0.0
TARABA_DG1_And_DG2_1693981800_OFFICE-00980AA1,2023-09-06 06:30:00,2023-09-06 06:45:00,1693981800,141.05,68.07,0.0,0.0,6945.13,6572.14,-6944.31,-6572.14,0.0
TARABA_DG1_And_DG2_1693982700_OFFICE-00980AA1,2023-09-06 06:45:00,2023-09-06 07:00:00,1693982700,141.05,68.07,0.0,0.0,6945.13,6572.14,-6944.31,-6572.14,0.0
TARABA_DG1_And_DG2_1693983600_OFFICE-00980AA1,2023-09-06 07:00:00,2023-09-06 07:15:00,1693983600,141.05,68.07,0.0,0.0,6945.13,6572.14,-6944.31,-6572.14,0.0
TARABA_DG1_And_DG2_1693984500_OFFICE-00980AA1,2023-09-06 07:15:00,2023-09-06 07:30:00,1693984500,141.05,68.07,0.0,0.0,6945.13,6572.14,-6944.31,-6572.14,0.0
TARABA_DG1_And_DG2_1693985400_OFFICE-00980AA1,2023-09-06 07:30:00,2023-09-06 07:45:00,1693985400,141.05,68.07,0.0,0.0,6945.13,6572.14,-6944.31,-6572.14,0.0
TARABA_DG1_And_DG2_1693986300_OFFICE-00980AA1,2023-09-06 07:45:00,2023-09-06 08:00:00,1693986300,141.05,68.07,0.0,0.0,6945.13,6572.14,-6944.31,-6572.14,0.0
TARABA_DG1_And_DG2_1693987200_OFFICE-00980AA1,2023-09-06 08:00:00,2023-09-06 08:15:00,1693987200,141.05,68.07,0.0,0.0,6945.13,6572.14,-6944.31,-6572.14,0.0
TARABA_DG1_And_DG2_1693988100_OFFICE-00980AA1,2023-09-06 08:15:00,2023-09-06 08:30:00,1693988100,141.05,68.07,0.0,0.0,6945.13,6572.14,-6944.31,-6572.14,0.0
TARABA_DG1_And_DG2_1693989000_OFFICE-00980AA1,2023-09-06 08:30:00,2023-09-06 08:45:00,1693989000,141.05,68.07,0.0,0.0,6945.13,6572.19,-6944.31,-6572.19,0.0
TARABA_DG1_And_DG2_1693989900_OFFICE-00980AA1,2023-09-06 08:45:00,2023-09-06 09:00:00,1693989900,140.69,68.07,0.36,0.0,6945.13,6572.34,-6944.31,-6572.34,0.0
TARABA_DG1_And_DG2_1693990800_OFFICE-00980AA1,2023-09-06 09:00:00,2023-09-06 09:15:00,1693990800,140.69,68.07,0.0,0.0,6945.13,6572.34,-6944.31,-6572.34,0.0
TARABA_DG1_And_DG2_1693991700_OFFICE-00980AA1,2023-09-06 09:15:00,2023-09-06 09:30:00,1693991700,140.69,68.07,0.0,0.0,6945.13,6572.34,-6944.31,-6572.34,0.0
TARABA_DG1_And_DG2_1693992600_OFFICE-00980AA1,2023-09-06 09:30:00,2023-09-06 09:45:00,1693992600,140.69,68.07,0.0,0.0,6945.13,6572.34,-6944.31,-6572.34,0.0
TARABA_DG1_And_DG2_1693993500_OFFICE-00980AA1,2023-09-06 09:45:00,2023-09-06 10:00:00,1693993500,140.69,68.07,0.0,0.0,6945.13,6572.34,-6944.31,-6572.34,0.0
TARABA_DG1_And_DG2_1693994400_OFFICE-00980AA1,2023-09-06 10:00:00,2023-09-06 10:15:00,1693994400,140.69,68.07,0.0,0.0,6945.13,6572.34,-6944.31,-6572.34,0.0
TARABA_DG1_And_DG2_1693995300_OFFICE-00980AA1,2023-09-06 10:15:00,2023-09-06 10:30:00,1693995300,140.69,68.07,0.0,0.0,6945.13,6572.34,-6944.31,-6572.34,0.0
TARABA_DG1_And_DG2_1693996200_OFFICE-00980AA1,2023-09-06 10:30:00,2023-09-06 10:45:00,1693996200,140.69,68.07,0.0,0.0,6945.13,6572.34,-6944.31,-6572.34,0.0
TARABA_DG1_And_DG2_1693997100_OFFICE-00980AA1,2023-09-06 10:45:00,2023-09-06 11:00:00,1693997100,140.69,68.07,0.0,0.0,6945.13,6572.34,-6944.31,-6572.34,0.0
TARABA_DG1_And_DG2_1693998000_OFFICE-00980AA1,2023-09-06 11:00:00,2023-09-06 11:15:00,1693998000,139.96,68.07,0.37,0.0,6945.13,6572.44,-6944.31,-6572.44,0.0
TARABA_DG1_And_DG2_1693998900_OFFICE-00980AA1,2023-09-06 11:15:00,2023-09-06 11:30:00,1693998900,138.15,68.07,2.17,0.0,6945.13,6572.68,-6944.31,-6572.68,0.0
TARABA_DG1_And_DG2_1693999800_OFFICE-00980AA1,2023-09-06 11:30:00,2023-09-06 11:45:00,1693999800,137.06,68.07,1.08,0.0,6945.13,6572.94,-6944.31,-6572.94,0.0
TARABA_DG1_And_DG2_1694000700_OFFICE-00980AA1,2023-09-06 11:45:00,2023-09-06 12:00:00,1694000700,135.61,68.07,1.08,0.0,6945.13,6573.18,-6944.31,-6573.18,0.0
TARABA_DG1_And_DG2_1694001600_OFFICE-00980AA1,2023-09-06 12:00:00,2023-09-06 12:15:00,1694001600,134.52,68.07,1.08,0.0,6945.13,6573.44,-6944.31,-6573.44,0.0
TARABA_DG1_And_DG2_1694002500_OFFICE-00980AA1,2023-09-06 12:15:00,2023-09-06 12:30:00,1694002500,132.71,68.07,2.17,0.0,6945.13,6573.65,-6944.31,-6573.65,0.0
TARABA_DG1_And_DG2_1694003400_OFFICE-00980AA1,2023-09-06 12:30:00,2023-09-06 12:45:00,1694003400,132.35,68.07,0.36,0.0,6945.13,6573.65,-6944.31,-6573.65,0.0
TARABA_DG1_And_DG2_1694004300_OFFICE-00980AA1,2023-09-06 12:45:00,2023-09-06 13:00:00,1694004300,132.35,68.07,0.0,0.0,6945.13,6573.65,-6944.31,-6573.65,0.0
TARABA_DG1_And_DG2_1694005200_OFFICE-00980AA1,2023-09-06 13:00:00,2023-09-06 13:15:00,1694005200,132.35,68.07,0.0,0.0,6945.13,6573.65,-6944.31,-6573.65,0.0
TARABA_DG1_And_DG2_1694006100_OFFICE-00980AA1,2023-09-06 13:15:00,2023-09-06 13:30:00,1694006100,131.99,68.07,0.0,0.0,6945.13,6573.74,-6944.31,-6573.74,0.0
TARABA_DG1_And_DG2_1694007000_OFFICE-00980AA1,2023-09-06 13:30:00,2023-09-06 13:45:00,1694007000,131.26,68.07,0.73,0.0,6945.13,6573.95,-6944.31,-6573.95,0.0
TARABA_DG1_And_DG2_1694007900_OFFICE-00980AA1,2023-09-06 13:45:00,2023-09-06 14:00:00,1694007900,129.45,68.07,2.17,0.0,6945.13,6574.2,-6944.31,-6574.2,0.0
TARABA_DG1_And_DG2_1694008800_OFFICE-00980AA1,2023-09-06 14:00:00,2023-09-06 14:15:00,1694008800,128,67.69,1.44,0.0,6945.13,6574.45,-6944.31,-6574.45,0.0
TARABA_DG1_And_DG2_1694009700_OFFICE-00980AA1,2023-09-06 14:15:00,2023-09-06 14:30:00,1694009700,126.19,66.56,1.44,1.50,6945.13,6574.7,-6944.31,-6574.7,0.0
TARABA_DG1_And_DG2_1694010600_OFFICE-00980AA1,2023-09-06 14:30:00,2023-09-06 14:45:00,1694010600,125.1,66.56,1.44,0.0,6945.13,6574.95,-6944.31,-6574.95,0.0
TARABA_DG1_And_DG2_1694011500_OFFICE-00980AA1,2023-09-06 14:45:00,2023-09-06 15:00:00,1694011500,123.65,66.56,1.44,0.0,6945.13,6575.2,-6944.31,-6575.2,0.0
TARABA_DG1_And_DG2_1694012400_OFFICE-00980AA1,2023-09-06 15:00:00,2023-09-06 15:15:00,1694012400,122.2,66.56,1.44,0.0,6945.13,6575.45,-6944.31,-6575.45,0.0
TARABA_DG1_And_DG2_1694013300_OFFICE-00980AA1,2023-09-06 15:15:00,2023-09-06 15:30:00,1694013300,120.75,66.56,1.45,0.0,6945.13,6575.7,-6944.31,-6575.7,0.0
TARABA_DG1_And_DG2_1694014200_OFFICE-00980AA1,2023-09-06 15:30:00,2023-09-06 15:45:00,1694014200,119.3,66.56,1.08,0.0,6945.13,6575.95,-6944.31,-6575.95,0.0
TARABA_DG1_And_DG2_1694015100_OFFICE-00980AA1,2023-09-06 15:45:00,2023-09-06 16:00:00,1694015100,118.21,66.56,1.08,0.0,6945.13,6576.2,-6944.31,-6576.2,0.0
TARABA_DG1_And_DG2_1694016000_OFFICE-00980AA1,2023-09-06 16:00:00,2023-09-06 16:15:00,1694016000,117.12,66.56,1.46,0.0,6945.13,6576.45,-6944.31,-6576.45,0.0
TARABA_DG1_And_DG2_1694016900_OFFICE-00980AA1,2023-09-06 16:15:00,2023-09-06 16:30:00,1694016900,116.04,66.56,1.08,0.0,6945.13,6576.7,-6944.31,-6576.7,0.0
TARABA_DG1_And_DG2_1694017800_OFFICE-00980AA1,2023-09-06 16:30:00,2023-09-06 16:45:00,1694017800,114.95,66.56,1.08,0.0,6945.13,6576.95,-6944.31,-6576.95,0.0
TARABA_DG1_And_DG2_1694018700_OFFICE-00980AA1,2023-09-06 16:45:00,2023-09-06 17:00:00,1694018700,113.86,66.56,1.08,0.0,6945.13,6577.2,-6944.31,-6577.2,0.0
TARABA_DG1_And_DG2_1694019600_OFFICE-00980AA1,2023-09-06 17:00:00,2023-09-06 17:15:00,1694019600,112.41,66.56,1.08,0.0,6945.13,6577.45,-6944.31,-6577.45,0.0
TARABA_DG1_And_DG2_1694020500_OFFICE-00980AA1,2023-09-06 17:15:00,2023-09-06 17:30:00,1694020500,112.05,155.28,0.73,0.0,6945.13,6577.7,-6944.31,-6577.7,0.0
TARABA_DG1_And_DG2_1694021400_OFFICE-00980AA1,2023-09-06 17:30:00,2023-09-06 17:45:00,1694021400,111.32,218.44,0.73,0.0,6945.13,6577.95,-6944.31,-6577.95,0.0
TARABA_DG1_And_DG2_1694022300_OFFICE-00980AA1,2023-09-06 17:45:00,2023-09-06 18:00:00,1694022300,109.88,218.44,1.08,0.0,6945.13,6578.2,-6944.31,-6578.2,0.0
TARABA_DG1_And_DG2_1694023200_OFFICE-00980AA1,2023-09-06 18:00:00,2023-09-06 18:15:00,1694023200,109.15,218.44,1.08,0.0,6945.13,6578.45,-6944.31,-6578.45,0.0
TARABA_DG1_And_DG2_1694024100_OFFICE-00980AA1,2023-09-06 18:15:00,2023-09-06 18:30:00,1694024100,108.42,218.44,0.73,0.0,6945.13,6578.7,-6944.31,-6578.7,0.0
TARABA_DG1_And_DG2_1694025000_OFFICE-00980AA1,2023-09-06 18:30:00,2023-09-06 18:45:00,1694025000,107.34,218.44,1.08,0.0,6945.13,6578.95,-6944.31,-6578.95,0.0
TARABA_DG1_And_DG2_1694025900_OFFICE-00980AA1,2023-09-06 18:45:00,2023-09-06 19:00:00,1694025900,106.61,218.44,0.36,0.0,6945.13,6579.2,-6944.31,-6579.2,0.0
TARABA_DG1_And_DG2_1694026800_OFFICE-00980AA1,2023-09-06 19:00:00,2023-09-06 19:15:00,1694026800,105.52,218.44,1.08,0.0,6945.13,6579.45,-6944.31,-6579.45,0.0
TARABA_DG1_And_DG2_1694027700_OFFICE-00980AA1,2023-09-06 19:15:00,2023-09-06 19:30:00,1694027700,104.8,218.44,1.08,0.0,6945.13,6579.7,-6944.31,-6579.7,0.0
TARABA_DG1_And_DG2_1694028600_OFFICE-00980AA1,2023-09-06 19:30:00,2023-09-06 19:45:00,1694028600,104.08,218.44,0.72,0.0,6945.13,6579.95,-6944.31,-6579.95,0.0
TARABA_DG1_And_DG2_1694029500_OFFICE-00980AA1,2023-09-06 19:45:00,2023-09-06 20:00:00,1694029500,102.99,218.44,1.08,0.0,6945.13,6580.2,-6944.31,-6580.2,0.0
TARABA_DG1_And_DG2_1694030400_OFFICE-00980AA1,2023-09-06 20:00:00,2023-09-06 20:15:00,1694030400,101.9,218.44,0.73,0.0,6945.13,6580.45,-6944.31,-6580.45,0.0
TARABA_DG1_And_DG2_1694031300_OFFICE-00980AA1,2023-09-06 20:15:00,2023-09-06 20:30:00,1694031300,101.18,218.44,1.08,0.0,6945.13,6580.7,-6944.31,-6580.7,0.0
TARABA_DG1_And_DG2_1694032200_OFFICE-00980AA1,2023-09-06 20:30:00,2023-09-06 20:45:00,1694032200,100.45,218.44,0.73,0.0,6945.13,6580.95,-6944.31,-6580.95,0.0
TARABA_DG1_And_DG2_1694033100_OFFICE-00980AA1,2023-09-06 20:45:00,2023-09-06 21:00:00,1694033100,99,218.44,1.08,0.0,6945.13,6581.2,-6944.31,-6581.2,0.0
TARABA_DG1_And_DG2_1694034000_OFFICE-00980AA1,2023-09-06 21:00:00,2023-09-06 21:15:00,1694034000,98.64,218.44,0.72,0.0,6945.13,6581.45,-6944.31,-6581.45,0.0
TARABA_DG1_And_DG2_1694034900_OFFICE-00980AA1,2023-09-06 21:15:00,2023-09-06 21:30:00,1694034900,97.55,218.44,1.08,0.0,6945.13,6581.7,-6944.31,-6581.7,0.0
TARABA_DG1_And_DG2_1694035800_OFFICE-00980AA1,2023-09-06 21:30:00,2023-09-06 21:45:00,1694035800,96.46,218.44,1.08,0.0,6945.13,6581.95,-6944.31,-6581.95,0.0
TARABA_DG1_And_DG2_1694036700_OFFICE-00980AA1,2023-09-06 21:45:00,2023-09-06 22:00:00,1694036700,96.1,218.44,0.36,0.0,6945.13,6582.2,-6944.31,-6582.2,0.0
TARABA_DG1_And_DG2_1694037600_OFFICE-00980AA1,2023-09-06 22:00:00,2023-09-06 22:15:00,1694037600,95.01,218.44,1.08,0.0,6945.13,6582.45,-6944.31,-6582.45,0.0
TARABA_DG1_And_DG2_1694038500_OFFICE-00980AA1,2023-09-06 22:15:00,2023-09-06 22:30:00,1694038500,94.29,218.44,0.72,0.0,6945.13,6582.7,-6944.31,-6582.7,0.0
TARABA_DG1_And_DG2_1694039400_OFFICE-00980AA1,2023-09-06 22:30:00,2023-09-06 22:45:00,1694039400,93.92,218.44,0.37,0.0,6945.13,6582.95,-6944.31,-6582.95,0.0
TARABA_DG1_And_DG2_1694040300_OFFICE-00980AA1,2023-09-06 22:45:00,2023-09-06 23:00:00,1694040300,91.75,218.44,2.17,0.0,6945.13,6583.2,-6944.31,-6583.2,0.0
TARABA_DG1_And_DG2_1694041200_OFFICE-00980AA1,2023-09-06 23:00:00,2023-09-06 23:15:00,1694041200,90.66,218.44,1.08,0.0,6945.13,6583.45,-6944.31,-6583.45,0.0
TARABA_DG1_And_DG2_1694042100_OFFICE-00980AA1,2023-09-06 23:15:00,2023-09-06 23:30:00,1694042100,90.3,218.44,0.36,0.0,6945.13,6583.7,-6944.31,-6583.7,0.0
TARABA_DG1_And_DG2_1694043000_OFFICE-00980AA1,2023-09-06 23:30:00,2023-09-06 23:45:00,1694043000,89.21,218.44,1.08,0.0,6945.13,6583.96,-6944.31,-6583.96,0.0
TARABA_DG1_And_DG2_1694043900_OFFICE-00980AA1,2023-09-06 23:45:00,2023-09-07 00:00:00,1694043900,88.49,218.44,0.72,0.0,6945.13,6584.2,-6944.31,-6584.2,0.0
