key,start,end,epoch,tankl1,tankl2,deltal1,deltal2,hrs1,hrs2,deltahrs1,deltahrs2,GB1_kwh
UNHCR_OGOJA_OFFICE_DG1_and_DG2_1702857600_OFFICE-00980AA5,2023-12-17 23:00:00,2023-12-17 23:15:00,1702857600,113.12,188.92,1.44,0.0,20540.16,11145.14,-1384.05,-2690.44,0.966
UNHCR_OGOJA_OFFICE_DG1_and_DG2_1702858500_OFFICE-00980AA5,2023-12-17 23:15:00,2023-12-17 23:30:00,1702858500,112.03,188.92,1.08,0.0,20540.41,11145.14,-1384.30,-2690.44,0.953
UNHCR_OGOJA_OFFICE_DG1_and_DG2_1702859400_OFFICE-00980AA5,2023-12-17 23:30:00,2023-12-17 23:45:00,1702859400,110.58,188.92,1.44,0.0,20540.66,11145.14,-1384.55,-2690.44,0.978
UNHCR_OGOJA_OFFICE_DG1_and_DG2_1702860300_OFFICE-00980AA5,2023-12-17 23:45:00,2023-12-18 00:00:00,1702860300,109.13,188.92,1.08,0.0,20540.91,11145.14,-1384.80,-2690.44,0.92
UNHCR_OGOJA_OFFICE_DG1_and_DG2_1702861200_OFFICE-00980AA5,2023-12-18 00:00:00,2023-12-18 00:15:00,1702861200,107.68,188.92,1.80,0.0,20541.16,11145.14,-1385.05,-2690.44,0.895
UNHCR_OGOJA_OFFICE_DG1_and_DG2_1702862100_OFFICE-00980AA5,2023-12-18 00:15:00,2023-12-18 00:30:00,1702862100,106.95,188.92,0.37,0.0,20541.41,11145.14,-1385.30,-2690.44,0.961
UNHCR_OGOJA_OFFICE_DG1_and_DG2_1702863000_OFFICE-00980AA5,2023-12-18 00:30:00,2023-12-18 00:45:00,1702863000,106.23,188.92,1.08,0.0,20541.66,11145.14,-1385.55,-2690.44,0.918
UNHCR_OGOJA_OFFICE_DG1_and_DG2_1702863900_OFFICE-00980AA5,2023-12-18 00:45:00,2023-12-18 01:00:00,1702863900,104.77,188.92,1.46,0.0,20541.91,11145.14,-1385.80,-2690.44,0.945
UNHCR_OGOJA_OFFICE_DG1_and_DG2_1702864800_OFFICE-00980AA5,2023-12-18 01:00:00,2023-12-18 01:15:00,1702864800,103.32,188.92,1.45,0.0,20542.16,11145.14,-1386.05,-2690.44,1.012
UNHCR_OGOJA_OFFICE_DG1_and_DG2_1702865700_OFFICE-00980AA5,2023-12-18 01:15:00,2023-12-18 01:30:00,1702865700,101.87,188.92,1.44,0.0,20542.41,11145.14,-1386.30,-2690.44,0.936
UNHCR_OGOJA_OFFICE_DG1_and_DG2_1702866600_OFFICE-00980AA5,2023-12-18 01:30:00,2023-12-18 01:45:00,1702866600,100.42,188.92,1.44,0.0,20542.66,11145.14,-1386.55,-2690.44,0.925
UNHCR_OGOJA_OFFICE_DG1_and_DG2_1702867500_OFFICE-00980AA5,2023-12-18 01:45:00,2023-12-18 02:00:00,1702867500,99.69,188.92,0.73,0.0,20542.91,11145.14,-1386.80,-2690.44,0.95
UNHCR_OGOJA_OFFICE_DG1_and_DG2_1702868400_OFFICE-00980AA5,2023-12-18 02:00:00,2023-12-18 02:15:00,1702868400,98.97,188.92,0.72,0.0,20543.16,11145.14,-1387.05,-2690.44,0.969
UNHCR_OGOJA_OFFICE_DG1_and_DG2_1702869300_OFFICE-00980AA5,2023-12-18 02:15:00,2023-12-18 02:30:00,1702869300,97.52,188.92,1.44,0.0,20543.41,11145.14,-1387.30,-2690.44,0.976
UNHCR_OGOJA_OFFICE_DG1_and_DG2_1702870200_OFFICE-00980AA5,2023-12-18 02:30:00,2023-12-18 02:45:00,1702870200,96.06,188.92,1.46,0.0,20543.66,11145.14,-1387.55,-2690.44,0.958
UNHCR_OGOJA_OFFICE_DG1_and_DG2_1702871100_OFFICE-00980AA5,2023-12-18 02:45:00,2023-12-18 03:00:00,1702871100,94.61,188.92,1.45,0.0,20543.91,11145.14,-1387.80,-2690.44,0.888
UNHCR_OGOJA_OFFICE_DG1_and_DG2_1702872000_OFFICE-00980AA5,2023-12-18 03:00:00,2023-12-18 03:15:00,1702872000,93.89,188.92,0.36,0.0,20544.16,11145.14,-1388.05,-2690.44,0.911
UNHCR_OGOJA_OFFICE_DG1_and_DG2_1702872900_OFFICE-00980AA5,2023-12-18 03:15:00,2023-12-18 03:30:00,1702872900,93.16,188.92,1.08,0.0,20544.41,11145.14,-1388.30,-2690.44,0.909
UNHCR_OGOJA_OFFICE_DG1_and_DG2_1702873800_OFFICE-00980AA5,2023-12-18 03:30:00,2023-12-18 03:45:00,1702873800,91.71,188.92,1.44,0.0,20544.66,11145.14,-1388.55,-2690.44,0.877
UNHCR_OGOJA_OFFICE_DG1_and_DG2_1702874700_OFFICE-00980AA5,2023-12-18 03:45:00,2023-12-18 04:00:00,1702874700,90.26,188.92,1.44,0.0,20544.91,11145.14,-1388.80,-2690.44,0.831
UNHCR_OGOJA_OFFICE_DG1_and_DG2_1702875600_OFFICE-00980AA5,2023-12-18 04:00:00,2023-12-18 04:15:00,1702875600,88.81,188.92,1.44,0.0,20545.16,11145.14,-1389.05,-2690.44,0.886
UNHCR_OGOJA_OFFICE_DG1_and_DG2_1702876500_OFFICE-00980AA5,2023-12-18 04:15:00,2023-12-18 04:30:00,1702876500,87.35,188.92,1.08,0.0,20545.41,11145.14,-1389.30,-2690.44,1.126
UNHCR_OGOJA_OFFICE_DG1_and_DG2_1702877400_OFFICE-00980AA5,2023-12-18 04:30:00,2023-12-18 04:45:00,1702877400,194.77,188.23,0.37,0.69,20545.43,11145.39,-1389.32,-2690.69,1.505
UNHCR_OGOJA_OFFICE_DG1_and_DG2_1702878300_OFFICE-00980AA5,2023-12-18 04:45:00,2023-12-18 05:00:00,1702878300,194.77,187.19,0.0,1.04,20545.43,11145.64,-1389.32,-2690.94,2.17
UNHCR_OGOJA_OFFICE_DG1_and_DG2_1702879200_OFFICE-00980AA5,2023-12-18 05:00:00,2023-12-18 05:15:00,1702879200,194.77,184.08,0.0,2.77,20545.43,11145.89,-1389.32,-2691.19,2.848
UNHCR_OGOJA_OFFICE_DG1_and_DG2_1702880100_OFFICE-00980AA5,2023-12-18 05:15:00,2023-12-18 05:30:00,1702880100,194.77,183.56,0.0,2.25,20545.43,11146.14,-1389.32,-2691.44,3.262
UNHCR_OGOJA_OFFICE_DG1_and_DG2_1702881000_OFFICE-00980AA5,2023-12-18 05:30:00,2023-12-18 05:45:00,1702881000,194.77,181.48,0.0,2.51,20545.43,11146.39,-1389.32,-2691.69,3.107
UNHCR_OGOJA_OFFICE_DG1_and_DG2_1702881900_OFFICE-00980AA5,2023-12-18 05:45:00,2023-12-18 06:00:00,1702881900,194.77,179.23,0.0,3.2,20545.43,11146.64,-1389.32,-2691.94,3.554
UNHCR_OGOJA_OFFICE_DG1_and_DG2_1702882800_OFFICE-00980AA5,2023-12-18 06:00:00,2023-12-18 06:15:00,1702882800,194.77,177.5,0.0,1.73,20545.43,11146.89,-1389.32,-2692.19,3.604
UNHCR_OGOJA_OFFICE_DG1_and_DG2_1702883700_OFFICE-00980AA5,2023-12-18 06:15:00,2023-12-18 06:30:00,1702883700,194.77,175.77,0.0,1.38,20545.43,11147.14,-1389.32,-2692.44,4.899
UNHCR_OGOJA_OFFICE_DG1_and_DG2_1702884600_OFFICE-00980AA5,2023-12-18 06:30:00,2023-12-18 06:45:00,1702884600,194.77,173.35,0.0,2.76,20545.43,11147.39,-1389.32,-2692.69,4.635
UNHCR_OGOJA_OFFICE_DG1_and_DG2_1702885500_OFFICE-00980AA5,2023-12-18 06:45:00,2023-12-18 07:00:00,1702885500,194.77,171.27,0.0,2.08,20545.43,11147.64,-1389.32,-2692.94,3.805
UNHCR_OGOJA_OFFICE_DG1_and_DG2_1702886400_OFFICE-00980AA5,2023-12-18 07:00:00,2023-12-18 07:15:00,1702886400,194.77,169.88,0.0,1.39,20545.43,11147.89,-1389.32,-2693.19,3.759
UNHCR_OGOJA_OFFICE_DG1_and_DG2_1702887300_OFFICE-00980AA5,2023-12-18 07:15:00,2023-12-18 07:30:00,1702887300,194.77,167.12,0.0,2.76,20545.43,11148.14,-1389.32,-2693.44,4.359
UNHCR_OGOJA_OFFICE_DG1_and_DG2_1702888200_OFFICE-00980AA5,2023-12-18 07:30:00,2023-12-18 07:45:00,1702888200,194.41,165.04,0.36,1.74,20545.43,11148.39,-1389.32,-2693.69,4.181
UNHCR_OGOJA_OFFICE_DG1_and_DG2_1702889100_OFFICE-00980AA5,2023-12-18 07:45:00,2023-12-18 08:00:00,1702889100,194.41,163.31,0.0,2.07,20545.43,11148.64,-1389.32,-2693.94,4.543
UNHCR_OGOJA_OFFICE_DG1_and_DG2_1702890000_OFFICE-00980AA5,2023-12-18 08:00:00,2023-12-18 08:15:00,1702890000,194.41,160.88,0.0,2.42,20545.43,11148.89,-1389.32,-2694.19,4.491
UNHCR_OGOJA_OFFICE_DG1_and_DG2_1702890900_OFFICE-00980AA5,2023-12-18 08:15:00,2023-12-18 08:30:00,1702890900,194.41,158.81,0.0,2.07,20545.43,11149.14,-1389.32,-2694.44,4.253
UNHCR_OGOJA_OFFICE_DG1_and_DG2_1702891800_OFFICE-00980AA5,2023-12-18 08:30:00,2023-12-18 08:45:00,1702891800,194.41,156.73,0.0,1.73,20545.43,11149.39,-1389.32,-2694.69,4.132
UNHCR_OGOJA_OFFICE_DG1_and_DG2_1702892700_OFFICE-00980AA5,2023-12-18 08:45:00,2023-12-18 09:00:00,1702892700,194.41,155,0.0,2.08,20545.43,11149.64,-1389.32,-2694.94,4.277
UNHCR_OGOJA_OFFICE_DG1_and_DG2_1702893600_OFFICE-00980AA5,2023-12-18 09:00:00,2023-12-18 09:15:00,1702893600,194.41,152.58,0.0,2.42,20545.43,11149.89,-1389.32,-2695.19,4.437
UNHCR_OGOJA_OFFICE_DG1_and_DG2_1702894500_OFFICE-00980AA5,2023-12-18 09:15:00,2023-12-18 09:30:00,1702894500,194.41,150.5,0.0,2.08,20545.43,11150.14,-1389.32,-2695.44,4.497
UNHCR_OGOJA_OFFICE_DG1_and_DG2_1702895400_OFFICE-00980AA5,2023-12-18 09:30:00,2023-12-18 09:45:00,1702895400,194.41,147.73,0.0,2.77,20545.43,11150.39,-1389.32,-2695.69,4.447
UNHCR_OGOJA_OFFICE_DG1_and_DG2_1702896300_OFFICE-00980AA5,2023-12-18 09:45:00,2023-12-18 10:00:00,1702896300,194.41,145.65,0.0,1.38,20545.43,11150.64,-1389.32,-2695.94,4.569
UNHCR_OGOJA_OFFICE_DG1_and_DG2_1702897200_OFFICE-00980AA5,2023-12-18 10:00:00,2023-12-18 10:15:00,1702897200,194.41,143.92,0.0,2.08,20545.43,11150.88,-1389.32,-2696.18,5.154
UNHCR_OGOJA_OFFICE_DG1_and_DG2_1702898100_OFFICE-00980AA5,2023-12-18 10:15:00,2023-12-18 10:30:00,1702898100,194.41,141.5,0.0,2.77,20545.43,11151.13,-1389.32,-2696.43,5.198
UNHCR_OGOJA_OFFICE_DG1_and_DG2_1702899000_OFFICE-00980AA5,2023-12-18 10:30:00,2023-12-18 10:45:00,1702899000,194.41,138.38,0.0,2.77,20545.43,11151.38,-1389.32,-2696.68,5.138
UNHCR_OGOJA_OFFICE_DG1_and_DG2_1702899900_OFFICE-00980AA5,2023-12-18 10:45:00,2023-12-18 11:00:00,1702899900,194.41,135.96,0.0,2.42,20545.43,11151.63,-1389.32,-2696.93,5.428
UNHCR_OGOJA_OFFICE_DG1_and_DG2_1702900800_OFFICE-00980AA5,2023-12-18 11:00:00,2023-12-18 11:15:00,1702900800,194.41,133.54,0.0,2.77,20545.43,11151.88,-1389.32,-2697.18,5.697
UNHCR_OGOJA_OFFICE_DG1_and_DG2_1702901700_OFFICE-00980AA5,2023-12-18 11:15:00,2023-12-18 11:30:00,1702901700,194.41,130.77,0.0,2.77,20545.43,11152.13,-1389.32,-2697.43,4.981
UNHCR_OGOJA_OFFICE_DG1_and_DG2_1702902600_OFFICE-00980AA5,2023-12-18 11:30:00,2023-12-18 11:45:00,1702902600,194.41,128.69,0.0,1.73,20545.43,11152.38,-1389.32,-2697.68,4.612
UNHCR_OGOJA_OFFICE_DG1_and_DG2_1702903500_OFFICE-00980AA5,2023-12-18 11:45:00,2023-12-18 12:00:00,1702903500,194.41,126.62,0.0,2.08,20545.43,11152.63,-1389.32,-2697.93,4.62
UNHCR_OGOJA_OFFICE_DG1_and_DG2_1702904400_OFFICE-00980AA5,2023-12-18 12:00:00,2023-12-18 12:15:00,1702904400,194.41,124.54,0.0,2.08,20545.43,11152.88,-1389.32,-2698.18,4.785
UNHCR_OGOJA_OFFICE_DG1_and_DG2_1702905300_OFFICE-00980AA5,2023-12-18 12:15:00,2023-12-18 12:30:00,1702905300,194.41,121.42,0.0,3.11,20545.43,11153.13,-1389.32,-2698.43,6.014
UNHCR_OGOJA_OFFICE_DG1_and_DG2_1702906200_OFFICE-00980AA5,2023-12-18 12:30:00,2023-12-18 12:45:00,1702906200,194.41,119.69,0.0,2.08,20545.43,11153.38,-1389.32,-2698.68,5.958
UNHCR_OGOJA_OFFICE_DG1_and_DG2_1702907100_OFFICE-00980AA5,2023-12-18 12:45:00,2023-12-18 13:00:00,1702907100,194.41,115.88,0.0,3.46,20545.43,11153.63,-1389.32,-2698.93,5.843
UNHCR_OGOJA_OFFICE_DG1_and_DG2_1702908000_OFFICE-00980AA5,2023-12-18 13:00:00,2023-12-18 13:15:00,1702908000,194.41,114.15,0.0,1.73,20545.43,11153.88,-1389.32,-2699.18,5.95
UNHCR_OGOJA_OFFICE_DG1_and_DG2_1702908900_OFFICE-00980AA5,2023-12-18 13:15:00,2023-12-18 13:30:00,1702908900,194.41,111.38,0.0,3.12,20545.43,11154.13,-1389.32,-2699.43,5.915
UNHCR_OGOJA_OFFICE_DG1_and_DG2_1702909800_OFFICE-00980AA5,2023-12-18 13:30:00,2023-12-18 13:45:00,1702909800,194.41,108.96,0.0,2.42,20545.43,11154.38,-1389.32,-2699.68,6.143
UNHCR_OGOJA_OFFICE_DG1_and_DG2_1702910700_OFFICE-00980AA5,2023-12-18 13:45:00,2023-12-18 14:00:00,1702910700,194.41,105.85,0.0,3.11,20545.43,11154.63,-1389.32,-2699.93,5.897
UNHCR_OGOJA_OFFICE_DG1_and_DG2_1702911600_OFFICE-00980AA5,2023-12-18 14:00:00,2023-12-18 14:15:00,1702911600,194.41,103.77,0.0,1.73,20545.43,11154.88,-1389.32,-2700.18,5.891
UNHCR_OGOJA_OFFICE_DG1_and_DG2_1702912500_OFFICE-00980AA5,2023-12-18 14:15:00,2023-12-18 14:30:00,1702912500,194.41,101,0.0,3.12,20545.43,11155.13,-1389.32,-2700.43,5.872
UNHCR_OGOJA_OFFICE_DG1_and_DG2_1702913400_OFFICE-00980AA5,2023-12-18 14:30:00,2023-12-18 14:45:00,1702913400,194.41,98.58,0.0,2.42,20545.43,11155.38,-1389.32,-2700.68,5.774
UNHCR_OGOJA_OFFICE_DG1_and_DG2_1702914300_OFFICE-00980AA5,2023-12-18 14:45:00,2023-12-18 15:00:00,1702914300,194.41,96.5,0.0,1.73,20545.43,11155.63,-1389.32,-2700.93,5.538
UNHCR_OGOJA_OFFICE_DG1_and_DG2_1702915200_OFFICE-00980AA5,2023-12-18 15:00:00,2023-12-18 15:15:00,1702915200,194.41,94.08,0.0,2.77,20545.43,11155.88,-1389.32,-2701.18,5.063
UNHCR_OGOJA_OFFICE_DG1_and_DG2_1702916100_OFFICE-00980AA5,2023-12-18 15:15:00,2023-12-18 15:30:00,1702916100,194.41,92,0.0,2.08,20545.43,11156.13,-1389.32,-2701.43,3.731
UNHCR_OGOJA_OFFICE_DG1_and_DG2_1702917000_OFFICE-00980AA5,2023-12-18 15:30:00,2023-12-18 15:45:00,1702917000,194.41,89.92,0.0,1.73,20545.43,11156.38,-1389.32,-2701.68,3.55
UNHCR_OGOJA_OFFICE_DG1_and_DG2_1702917900_OFFICE-00980AA5,2023-12-18 15:45:00,2023-12-18 16:00:00,1702917900,194.41,88.54,0.0,1.73,20545.43,11156.63,-1389.32,-2701.93,3.401
UNHCR_OGOJA_OFFICE_DG1_and_DG2_1702918800_OFFICE-00980AA5,2023-12-18 16:00:00,2023-12-18 16:15:00,1702918800,194.41,87.15,0.0,1.39,20545.43,11156.88,-1389.32,-2702.18,3.068
UNHCR_OGOJA_OFFICE_DG1_and_DG2_1702919700_OFFICE-00980AA5,2023-12-18 16:15:00,2023-12-18 16:30:00,1702919700,194.41,85.42,0.0,1.73,20545.43,11157.13,-1389.32,-2702.43,3.277
UNHCR_OGOJA_OFFICE_DG1_and_DG2_1702920600_OFFICE-00980AA5,2023-12-18 16:30:00,2023-12-18 16:45:00,1702920600,194.41,84.04,0.0,1.04,20545.43,11157.38,-1389.32,-2702.68,3.407
UNHCR_OGOJA_OFFICE_DG1_and_DG2_1702921500_OFFICE-00980AA5,2023-12-18 16:45:00,2023-12-18 17:00:00,1702921500,194.41,82.31,0.0,2.07,20545.43,11157.63,-1389.32,-2702.93,1.773
UNHCR_OGOJA_OFFICE_DG1_and_DG2_1702922400_OFFICE-00980AA5,2023-12-18 17:00:00,2023-12-18 17:15:00,1702922400,194.41,80.92,0.0,1.39,20545.43,11157.88,-1389.32,-2703.18,1.208
UNHCR_OGOJA_OFFICE_DG1_and_DG2_1702923300_OFFICE-00980AA5,2023-12-18 17:15:00,2023-12-18 17:30:00,1702923300,194.41,79.54,0.0,1.38,20545.43,11158.13,-1389.32,-2703.43,1.284
UNHCR_OGOJA_OFFICE_DG1_and_DG2_1702924200_OFFICE-00980AA5,2023-12-18 17:30:00,2023-12-18 17:45:00,1702924200,194.41,78.85,0.0,0.69,20545.43,11158.38,-1389.32,-2703.68,1.098
UNHCR_OGOJA_OFFICE_DG1_and_DG2_1702925100_OFFICE-00980AA5,2023-12-18 17:45:00,2023-12-18 18:00:00,1702925100,194.41,78.5,0.0,0.35,20545.43,11158.44,-1389.32,-2703.74,0.999
UNHCR_OGOJA_OFFICE_DG1_and_DG2_1702926000_OFFICE-00980AA5,2023-12-18 18:00:00,2023-12-18 18:15:00,1702926000,194.41,78.5,0.0,0.0,20545.43,11158.44,-1389.32,-2703.74,0.004
UNHCR_OGOJA_OFFICE_DG1_and_DG2_1702926900_OFFICE-00980AA5,2023-12-18 18:15:00,2023-12-18 18:30:00,1702926900,194.41,78.5,0.0,0.0,20545.43,11158.44,-1389.32,-2703.74,0.0
UNHCR_OGOJA_OFFICE_DG1_and_DG2_1702927800_OFFICE-00980AA5,2023-12-18 18:30:00,2023-12-18 18:45:00,1702927800,194.41,78.5,0.0,0.0,20545.43,11158.44,-1389.32,-2703.74,0.0
UNHCR_OGOJA_OFFICE_DG1_and_DG2_1702928700_OFFICE-00980AA5,2023-12-18 18:45:00,2023-12-18 19:00:00,1702928700,194.41,78.5,0.0,0.0,20545.43,11158.44,-1389.32,-2703.74,0.0
UNHCR_OGOJA_OFFICE_DG1_and_DG2_1702929600_OFFICE-00980AA5,2023-12-18 19:00:00,2023-12-18 19:15:00,1702929600,194.41,78.5,0.0,0.0,20545.43,11158.44,-1389.32,-2703.74,0.0
UNHCR_OGOJA_OFFICE_DG1_and_DG2_1702930500_OFFICE-00980AA5,2023-12-18 19:15:00,2023-12-18 19:30:00,1702930500,194.41,78.5,0.0,0.0,20545.43,11158.44,-1389.32,-2703.74,0.0
UNHCR_OGOJA_OFFICE_DG1_and_DG2_1702931400_OFFICE-00980AA5,2023-12-18 19:30:00,2023-12-18 19:45:00,1702931400,194.41,78.5,0.0,0.0,20545.43,11158.44,-1389.32,-2703.74,0.0
UNHCR_OGOJA_OFFICE_DG1_and_DG2_1702932300_OFFICE-00980AA5,2023-12-18 19:45:00,2023-12-18 20:00:00,1702932300,194.41,78.5,0.0,0.0,20545.43,11158.44,-1389.32,-2703.74,0.0
UNHCR_OGOJA_OFFICE_DG1_and_DG2_1702933200_OFFICE-00980AA5,2023-12-18 20:00:00,2023-12-18 20:15:00,1702933200,194.41,78.5,0.0,0.0,20545.43,11158.44,-1389.32,-2703.74,0.0
UNHCR_OGOJA_OFFICE_DG1_and_DG2_1702934100_OFFICE-00980AA5,2023-12-18 20:15:00,2023-12-18 20:30:00,1702934100,194.41,78.5,0.0,0.0,20545.43,11158.44,-1389.32,-2703.74,0.0
UNHCR_OGOJA_OFFICE_DG1_and_DG2_1702935000_OFFICE-00980AA5,2023-12-18 20:30:00,2023-12-18 20:45:00,1702935000,194.41,78.5,0.0,0.0,20545.43,11158.44,-1389.32,-2703.74,0.0
UNHCR_OGOJA_OFFICE_DG1_and_DG2_1702935900_OFFICE-00980AA5,2023-12-18 20:45:00,2023-12-18 21:00:00,1702935900,194.41,78.5,0.0,0.0,20545.43,11158.44,-1389.32,-2703.74,0.0
UNHCR_OGOJA_OFFICE_DG1_and_DG2_1702936800_OFFICE-00980AA5,2023-12-18 21:00:00,2023-12-18 21:15:00,1702936800,194.41,78.5,0.0,0.0,20545.43,11158.44,-1389.32,-2703.74,0.0
UNHCR_OGOJA_OFFICE_DG1_and_DG2_1702937700_OFFICE-00980AA5,2023-12-18 21:15:00,2023-12-18 21:30:00,1702937700,193.32,78.5,0.72,0.0,20545.55,11158.44,-1389.44,-2703.74,0.0
UNHCR_OGOJA_OFFICE_DG1_and_DG2_1702938600_OFFICE-00980AA5,2023-12-18 21:30:00,2023-12-18 21:45:00,1702938600,192.23,78.5,1.08,0.0,20545.8,11158.44,-1389.69,-2703.74,1.872
