key,start,end,epoch,tankl1,tankl2,deltal1,deltal2,hrs1,hrs2,deltahrs1,deltahrs2,GB1_kwh
ADIKPO_1696467600,2023-10-05 00:00:00,2023-10-05 00:15:00,1696464000,93.45,76.09,0.74,0.0,11546.92,10345.41,-2.2299999999995634,-0.049999999999272404,0.0
ADIKPO_1696468500,2023-10-05 00:15:00,2023-10-05 00:30:00,1696464900,93.45,76.77,0.0,1.03,11546.92,10345.66,-2.2299999999995634,-0.2999999999992724,0.0
ADIKPO_1696469400,2023-10-05 00:30:00,2023-10-05 00:45:00,1696465800,93.45,75.75,0.0,1.36,11546.92,10345.91,-2.2299999999995634,-0.5499999999992724,0.0
ADIKPO_1696470300,2023-10-05 00:45:00,2023-10-05 01:00:00,1696466700,92.72,75.75,0.73,0.0,11547.16,10345.95,-2.469999999999345,-0.5900000000001455,0.0
ADIKPO_1696471200,2023-10-05 01:00:00,2023-10-05 01:15:00,1696467600,92.35,75.75,0.37,0.0,11547.41,10345.95,-2.719999999999345,-0.5900000000001455,0.0
ADIKPO_1696472100,2023-10-05 01:15:00,2023-10-05 01:30:00,1696468500,90.51,75.75,1.83,0.0,11547.65,10345.95,-2.959999999999127,-0.5900000000001455,0.0
ADIKPO_1696473000,2023-10-05 01:30:00,2023-10-05 01:45:00,1696469400,90.51,75.75,0.0,0.0,11547.91,10345.95,-3.219999999999345,-0.5900000000001455,0.0
ADIKPO_1696473900,2023-10-05 01:45:00,2023-10-05 02:00:00,1696470300,89.4,75.75,0.74,0.0,11548.16,10345.95,-3.469999999999345,-0.5900000000001455,0.0
ADIKPO_1696474800,2023-10-05 02:00:00,2023-10-05 02:15:00,1696471200,89.03,75.75,0.37,0.0,11548.41,10345.95,-3.719999999999345,-0.5900000000001455,0.0
ADIKPO_1696475700,2023-10-05 02:15:00,2023-10-05 02:30:00,1696472100,87.93,75.75,1.47,0.0,11548.66,10345.95,-3.969999999999345,-0.5900000000001455,0.0
ADIKPO_1696476600,2023-10-05 02:30:00,2023-10-05 02:45:00,1696473000,87.19,75.75,1.10,0.0,11548.9,10345.95,-4.209999999999127,-0.5900000000001455,0.0
ADIKPO_1696477500,2023-10-05 02:45:00,2023-10-05 03:00:00,1696473900,86.46,75.75,0.73,0.0,11549.14,10345.95,-4.449999999998909,-0.5900000000001455,0.0
ADIKPO_1696478400,2023-10-05 03:00:00,2023-10-05 03:15:00,1696474800,85.35,75.07,0.74,0.68,11549.39,10346.0,-4.699999999998909,-0.6399999999994179,0.0
ADIKPO_1696479300,2023-10-05 03:15:00,2023-10-05 03:30:00,1696475700,85.35,75.41,0.37,1.36,11549.39,10346.25,-4.699999999998909,-0.8899999999994179,0.0
ADIKPO_1696480200,2023-10-05 03:30:00,2023-10-05 03:45:00,1696476600,85.35,74.05,0.0,1.36,11549.39,10346.5,-4.699999999998909,-1.139999999999418,0.0
ADIKPO_1696481100,2023-10-05 03:45:00,2023-10-05 04:00:00,1696477500,85.35,73.7,0.0,0.35,11549.39,10346.75,-4.699999999998909,-1.389999999999418,0.0
ADIKPO_1696482000,2023-10-05 04:00:00,2023-10-05 04:15:00,1696478400,85.35,73.7,0.0,0.0,11549.39,10347.0,-4.699999999998909,-1.639999999999418,0.0
ADIKPO_1696482900,2023-10-05 04:15:00,2023-10-05 04:30:00,1696479300,85.35,72.34,0.0,1.36,11549.39,10347.25,-4.699999999998909,-1.889999999999418,0.0
ADIKPO_1696483800,2023-10-05 04:30:00,2023-10-05 04:45:00,1696480200,85.35,72.34,0.0,0.0,11549.39,10347.5,-4.699999999998909,-2.139999999999418,0.0
ADIKPO_1696484700,2023-10-05 04:45:00,2023-10-05 05:00:00,1696481100,85.35,70.98,0.0,1.36,11549.39,10347.75,-4.699999999998909,-2.389999999999418,0.0
ADIKPO_1696485600,2023-10-05 05:00:00,2023-10-05 05:15:00,1696482000,85.35,70.98,0.0,0.0,11549.39,10348.0,-4.699999999998909,-2.639999999999418,0.0
ADIKPO_1696486500,2023-10-05 05:15:00,2023-10-05 05:30:00,1696482900,87.19,69.61,0.0,1.37,11549.39,10348.25,-4.699999999998909,-2.889999999999418,0.0
ADIKPO_1696487400,2023-10-05 05:30:00,2023-10-05 05:45:00,1696483800,86.83,69.27,0.36,0.34,11549.39,10348.5,-4.699999999998909,-3.139999999999418,0.0
ADIKPO_1696488300,2023-10-05 05:45:00,2023-10-05 06:00:00,1696484700,86.46,68.25,0.37,0.68,11549.39,10348.75,-4.699999999998909,-3.389999999999418,0.0
ADIKPO_1696489200,2023-10-05 06:00:00,2023-10-05 06:15:00,1696485600,86.46,67.57,0.0,1.02,11549.39,10349.0,-4.699999999998909,-3.639999999999418,0.0
ADIKPO_1696490100,2023-10-05 06:15:00,2023-10-05 06:30:00,1696486500,86.46,66.89,0.0,0.68,11549.39,10349.25,-4.699999999998909,-3.889999999999418,0.0
ADIKPO_1696491000,2023-10-05 06:30:00,2023-10-05 06:45:00,1696487400,86.46,65.52,0.0,1.37,11549.39,10349.5,-4.699999999998909,-4.139999999999418,0.0
ADIKPO_1696491900,2023-10-05 06:45:00,2023-10-05 07:00:00,1696488300,86.46,64.84,0.0,0.68,11549.39,10349.75,-4.699999999998909,-4.389999999999418,0.0
ADIKPO_1696492800,2023-10-05 07:00:00,2023-10-05 07:15:00,1696489200,86.46,63.48,0.0,1.36,11549.39,10350.0,-4.699999999998909,-4.639999999999418,0.0
ADIKPO_1696493700,2023-10-05 07:15:00,2023-10-05 07:30:00,1696490100,86.46,63.14,0.0,0.34,11549.39,10350.24,-4.699999999998909,-4.8799999999992,0.0
ADIKPO_1696494600,2023-10-05 07:30:00,2023-10-05 07:45:00,1696491000,86.46,62.11,0.0,1.03,11549.39,10350.49,-4.699999999998909,-5.1299999999992,0.0
ADIKPO_1696495500,2023-10-05 07:45:00,2023-10-05 08:00:00,1696491900,86.83,60.41,0.0,1.70,11549.39,10350.75,-4.699999999998909,-5.389999999999418,0.0
ADIKPO_1696496400,2023-10-05 08:00:00,2023-10-05 08:15:00,1696492800,86.83,60.07,0.0,0.34,11549.39,10351.0,-4.699999999998909,-5.639999999999418,0.0
ADIKPO_1696497300,2023-10-05 08:15:00,2023-10-05 08:30:00,1696493700,86.83,59.05,0.0,1.02,11549.39,10351.25,-4.699999999998909,-5.889999999999418,0.0
ADIKPO_1696498200,2023-10-05 08:30:00,2023-10-05 08:45:00,1696494600,86.83,58.02,0.0,1.03,11549.39,10351.5,-4.699999999998909,-6.139999999999418,0.0
ADIKPO_1696499100,2023-10-05 08:45:00,2023-10-05 09:00:00,1696495500,86.83,56.66,0.0,1.36,11549.39,10351.75,-4.699999999998909,-6.389999999999418,0.0
ADIKPO_1696500000,2023-10-05 09:00:00,2023-10-05 09:15:00,1696496400,86.83,56.32,0.0,0.34,11549.39,10352.0,-4.699999999998909,-6.639999999999418,0.0
ADIKPO_1696500900,2023-10-05 09:15:00,2023-10-05 09:30:00,1696497300,85.35,74.39,1.48,0.34,11549.58,10352.08,-4.889999999999418,-6.719999999999345,0.0
ADIKPO_1696501800,2023-10-05 09:30:00,2023-10-05 09:45:00,1696498200,94.19,114.27,0.73,0.0,11549.83,10352.08,-5.139999999999418,-6.719999999999345,0.0
ADIKPO_1696502700,2023-10-05 09:45:00,2023-10-05 10:00:00,1696499100,95.3,112.91,0.73,1.36,11550.08,10352.08,-5.389999999999418,-6.719999999999345,0.0
ADIKPO_1696503600,2023-10-05 10:00:00,2023-10-05 10:15:00,1696500000,93.45,112.91,1.85,0.0,11550.33,10352.08,-5.639999999999418,-6.719999999999345,0.0
ADIKPO_1696504500,2023-10-05 10:15:00,2023-10-05 10:30:00,1696500900,92.72,112.91,0.73,0.0,11550.58,10352.08,-5.889999999999418,-6.719999999999345,0.0
ADIKPO_1696505400,2023-10-05 10:30:00,2023-10-05 10:45:00,1696501800,90.88,112.91,1.83,0.0,11550.83,10352.08,-6.139999999999418,-6.719999999999345,0.0
ADIKPO_1696506300,2023-10-05 10:45:00,2023-10-05 11:00:00,1696502700,89.77,112.91,1.10,0.0,11551.08,10352.08,-6.389999999999418,-6.719999999999345,0.0
ADIKPO_1696507200,2023-10-05 11:00:00,2023-10-05 11:15:00,1696503600,89.03,112.91,0.74,0.0,11551.33,10352.08,-6.639999999999418,-6.719999999999345,0.0
ADIKPO_1696508100,2023-10-05 11:15:00,2023-10-05 11:30:00,1696504500,87.19,112.91,1.84,0.0,11551.58,10352.08,-6.889999999999418,-6.719999999999345,0.0
ADIKPO_1696509000,2023-10-05 11:30:00,2023-10-05 11:45:00,1696505400,85.72,112.91,1.47,0.0,11551.83,10352.08,-7.139999999999418,-6.719999999999345,0.0
ADIKPO_1696509900,2023-10-05 11:45:00,2023-10-05 12:00:00,1696506300,84.98,112.91,0.74,0.0,11552.08,10352.08,-7.389999999999418,-6.719999999999345,0.0
ADIKPO_1696510800,2023-10-05 12:00:00,2023-10-05 12:15:00,1696507200,83.88,112.91,1.1,0.0,11552.33,10352.08,-7.639999999999418,-6.719999999999345,0.0
ADIKPO_1696511700,2023-10-05 12:15:00,2023-10-05 12:30:00,1696508100,82.41,112.91,1.47,0.0,11552.58,10352.08,-7.889999999999418,-6.719999999999345,0.0
ADIKPO_1696512600,2023-10-05 12:30:00,2023-10-05 12:45:00,1696509000,82.04,112.91,0.37,0.0,11552.83,10352.08,-8.139999999999418,-6.719999999999345,0.0
ADIKPO_1696513500,2023-10-05 12:45:00,2023-10-05 13:00:00,1696509900,80.2,112.91,1.83,0.0,11553.08,10352.08,-8.389999999999418,-6.719999999999345,0.0
ADIKPO_1696514400,2023-10-05 13:00:00,2023-10-05 13:15:00,1696510800,79.09,112.91,1.10,0.0,11553.33,10352.08,-8.639999999999418,-6.719999999999345,0.0
ADIKPO_1696515300,2023-10-05 13:15:00,2023-10-05 13:30:00,1696511700,77.62,112.91,1.47,0.0,11553.58,10352.08,-8.889999999999418,-6.719999999999345,0.0
ADIKPO_1696516200,2023-10-05 13:30:00,2023-10-05 13:45:00,1696512600,75.78,112.91,1.83,0.0,11553.83,10352.08,-9.139999999999418,-6.719999999999345,0.0
ADIKPO_1696517100,2023-10-05 13:45:00,2023-10-05 14:00:00,1696513500,75.04,112.91,0.37,0.0,11554.08,10352.08,-9.389999999999418,-6.719999999999345,0.0
ADIKPO_1696518000,2023-10-05 14:00:00,2023-10-05 14:15:00,1696514400,73.57,112.91,1.83,0.0,11554.33,10352.08,-9.639999999999418,-6.719999999999345,0.0
ADIKPO_1696518900,2023-10-05 14:15:00,2023-10-05 14:30:00,1696515300,72.09,112.91,1.48,0.0,11554.58,10352.08,-9.889999999999418,-6.719999999999345,0.0
ADIKPO_1696519800,2023-10-05 14:30:00,2023-10-05 14:45:00,1696516200,70.99,112.91,1.1,0.0,11554.83,10352.08,-10.139999999999418,-6.719999999999345,0.0
ADIKPO_1696520700,2023-10-05 14:45:00,2023-10-05 15:00:00,1696517100,69.15,112.91,1.46,0.0,11555.08,10352.08,-10.389999999999418,-6.719999999999345,0.0
ADIKPO_1696521600,2023-10-05 15:00:00,2023-10-05 15:15:00,1696518000,67.31,112.91,2.21,0.0,11555.33,10352.08,-10.639999999999418,-6.719999999999345,0.0
ADIKPO_1696522500,2023-10-05 15:15:00,2023-10-05 15:30:00,1696518900,67.31,109.5,0.0,3.41,11555.37,10352.31,-10.680000000000291,-6.949999999998909,0.0
ADIKPO_1696523400,2023-10-05 15:30:00,2023-10-05 15:45:00,1696519800,67.31,109.5,0.0,0.0,11555.37,10352.56,-10.680000000000291,-7.199999999998909,0.0
ADIKPO_1696524300,2023-10-05 15:45:00,2023-10-05 16:00:00,1696520700,67.31,108.48,0.0,1.02,11555.37,10352.81,-10.680000000000291,-7.449999999998909,0.0
ADIKPO_1696525200,2023-10-05 16:00:00,2023-10-05 16:15:00,1696521600,67.31,107.11,0.0,1.37,11555.37,10353.06,-10.680000000000291,-7.699999999998909,0.0
ADIKPO_1696526100,2023-10-05 16:15:00,2023-10-05 16:30:00,1696522500,101.92,105.15,0.0,4.0,11555.37,10353.31,-10.680000000000291,-7.949999999998909,0.0
ADIKPO_1696527000,2023-10-05 16:30:00,2023-10-05 16:45:00,1696523400,101.92,104.05,0.0,1.1,11555.37,10353.56,-10.680000000000291,-8.199999999998909,0.0
ADIKPO_1696527900,2023-10-05 16:45:00,2023-10-05 17:00:00,1696524300,101.92,104.73,0.0,1.03,11555.37,10353.81,-10.680000000000291,-8.449999999998909,0.0
ADIKPO_1696528800,2023-10-05 17:00:00,2023-10-05 17:15:00,1696525200,101.92,103.36,0.0,1.71,11555.37,10354.06,-10.680000000000291,-8.699999999998909,0.0
ADIKPO_1696529700,2023-10-05 17:15:00,2023-10-05 17:30:00,1696526100,101.92,102.68,0.0,0.68,11555.37,10354.31,-10.680000000000291,-8.949999999998909,0.0
ADIKPO_1696530600,2023-10-05 17:30:00,2023-10-05 17:45:00,1696527000,101.92,102.34,0.0,0.34,11555.37,10354.56,-10.680000000000291,-9.199999999998909,0.0
ADIKPO_1696531500,2023-10-05 17:45:00,2023-10-05 18:00:00,1696527900,101.92,100.64,0.0,1.70,11555.37,10354.81,-10.680000000000291,-9.449999999998909,0.0
ADIKPO_1696532400,2023-10-05 18:00:00,2023-10-05 18:15:00,1696528800,101.92,100.3,0.0,0.34,11555.37,10355.06,-10.680000000000291,-9.699999999998909,0.0
ADIKPO_1696533300,2023-10-05 18:15:00,2023-10-05 18:30:00,1696529700,101.92,98.93,0.0,1.37,11555.37,10355.31,-10.680000000000291,-9.949999999998909,0.0
ADIKPO_1696534200,2023-10-05 18:30:00,2023-10-05 18:45:00,1696530600,101.92,97.91,0.0,1.02,11555.37,10355.56,-10.680000000000291,-10.199999999998909,0.0
ADIKPO_1696535100,2023-10-05 18:45:00,2023-10-05 19:00:00,1696531500,101.92,97.91,0.0,2.38,11555.37,10355.81,-10.680000000000291,-10.449999999998909,0.0
ADIKPO_1696536000,2023-10-05 19:00:00,2023-10-05 19:15:00,1696532400,101.92,97.91,0.0,0.0,11555.37,10356.06,-10.680000000000291,-10.699999999998909,0.0
ADIKPO_1696536900,2023-10-05 19:15:00,2023-10-05 19:30:00,1696533300,101.92,96.2,0.0,1.71,11555.37,10356.31,-10.680000000000291,-10.949999999998909,0.0
ADIKPO_1696537800,2023-10-05 19:30:00,2023-10-05 19:45:00,1696534200,101.92,94.5,0.0,1.70,11555.37,10356.56,-10.680000000000291,-11.199999999998909,0.0
ADIKPO_1696538700,2023-10-05 19:45:00,2023-10-05 20:00:00,1696535100,101.92,94.5,0.0,0.0,11555.37,10356.81,-10.680000000000291,-11.449999999998909,0.0
ADIKPO_1696539600,2023-10-05 20:00:00,2023-10-05 20:15:00,1696536000,101.92,93.14,0.0,1.36,11555.37,10357.06,-10.680000000000291,-11.699999999998909,0.0
ADIKPO_1696540500,2023-10-05 20:15:00,2023-10-05 20:30:00,1696536900,101.92,93.14,0.0,0.0,11555.37,10357.31,-10.680000000000291,-11.949999999998909,0.0
ADIKPO_1696541400,2023-10-05 20:30:00,2023-10-05 20:45:00,1696537800,101.92,92.11,0.0,0.69,11555.37,10357.56,-10.680000000000291,-12.199999999998909,0.0
ADIKPO_1696542300,2023-10-05 20:45:00,2023-10-05 21:00:00,1696538700,101.92,91.77,0.0,0.68,11555.37,10357.81,-10.680000000000291,-12.449999999998909,0.0
ADIKPO_1696543200,2023-10-05 21:00:00,2023-10-05 21:15:00,1696539600,101.92,90.41,0.0,1.36,11555.37,10358.06,-10.680000000000291,-12.699999999998909,0.0
ADIKPO_1696544100,2023-10-05 21:15:00,2023-10-05 21:30:00,1696540500,100.82,90.41,1.1,0.0,11555.62,10358.09,-10.930000000000291,-12.729999999999563,0.0
ADIKPO_1696545000,2023-10-05 21:30:00,2023-10-05 21:45:00,1696541400,100.08,90.41,0.37,0.0,11555.87,10358.09,-11.180000000000291,-12.729999999999563,0.0
ADIKPO_1696545900,2023-10-05 21:45:00,2023-10-05 22:00:00,1696542300,98.61,90.41,1.84,0.0,11556.12,10358.09,-11.430000000000291,-12.729999999999563,0.0
ADIKPO_1696546800,2023-10-05 22:00:00,2023-10-05 22:15:00,1696543200,98.24,90.41,0.37,0.0,11556.37,10358.09,-11.680000000000291,-12.729999999999563,0.0
ADIKPO_1696547700,2023-10-05 22:15:00,2023-10-05 22:30:00,1696544100,97.14,90.41,0.73,0.0,11556.62,10358.09,-11.930000000000291,-12.729999999999563,0.0
ADIKPO_1696548600,2023-10-05 22:30:00,2023-10-05 22:45:00,1696545000,96.77,90.41,0.74,0.0,11556.87,10358.09,-12.180000000000291,-12.729999999999563,0.0
ADIKPO_1696549500,2023-10-05 22:45:00,2023-10-05 23:00:00,1696545900,96.03,90.41,0.37,0.0,11557.12,10358.09,-12.430000000000291,-12.729999999999563,0.0
ADIKPO_1696550400,2023-10-05 23:00:00,2023-10-05 23:15:00,1696546800,94.19,90.41,1.84,0.0,11557.37,10358.09,-12.680000000000291,-12.729999999999563,0.0
ADIKPO_1696551300,2023-10-05 23:15:00,2023-10-05 23:30:00,1696547700,93.09,90.41,1.46,0.0,11557.62,10358.09,-12.930000000000291,-12.729999999999563,0.0
ADIKPO_1696552200,2023-10-05 23:30:00,2023-10-05 23:45:00,1696548600,92.72,90.41,0.37,0.0,11557.87,10358.09,-13.180000000000291,-12.729999999999563,0.0
ADIKPO_1696553100,2023-10-05 23:45:00,2023-10-06 00:00:00,1696549500,91.24,91.77,1.48,0.34,11558.12,10358.09,-13.430000000000291,-12.729999999999563,0.0
