key,start,end,epoch,tankl1,tankl2,deltal1,deltal2,hrs1,hrs2,deltahrs1,deltahrs2,GB1_kwh
ABUJA_OFFICE_DG1_and_DG2_1696640400,2023-10-07 00:00:00,2023-10-07 00:15:00,1696636800,250.57,330.09,2.48,0.0,8583.55,8566.69,-2.1700000000000728,-0.12000000000080036,2.12
ABUJA_OFFICE_DG1_and_DG2_1696641300,2023-10-07 00:15:00,2023-10-07 00:30:00,1696637700,250.57,329.01,0.0,1.0,8583.55,8566.94,-2.1700000000000728,-0.37000000000080036,2.208
ABUJA_OFFICE_DG1_and_DG2_1696642200,2023-10-07 00:30:00,2023-10-07 00:45:00,1696638600,250.57,327.53,0.0,1.56,8583.55,8567.19,-2.1700000000000728,-0.6200000000008004,2.137
ABUJA_OFFICE_DG1_and_DG2_1696643100,2023-10-07 00:45:00,2023-10-07 01:00:00,1696639500,250.57,325.78,0.0,1.74,8583.55,8567.44,-2.1700000000000728,-0.8700000000008004,2.199
ABUJA_OFFICE_DG1_and_DG2_1696644000,2023-10-07 01:00:00,2023-10-07 01:15:00,1696640400,250.57,324.63,0.0,1.11,8583.55,8567.69,-2.1700000000000728,-1.1200000000008004,2.18
ABUJA_OFFICE_DG1_and_DG2_1696644900,2023-10-07 01:15:00,2023-10-07 01:30:00,1696641300,250.57,323.07,0.0,1.6,8583.55,8567.94,-2.1700000000000728,-1.3700000000008004,2.214
ABUJA_OFFICE_DG1_and_DG2_1696645800,2023-10-07 01:30:00,2023-10-07 01:45:00,1696642200,250.57,321.96,0.0,1.10,8583.55,8568.19,-2.1700000000000728,-1.6200000000008004,2.321
ABUJA_OFFICE_DG1_and_DG2_1696646700,2023-10-07 01:45:00,2023-10-07 02:00:00,1696643100,250.57,320.56,0.0,1.12,8583.55,8568.44,-2.1700000000000728,-1.8700000000008004,2.114
ABUJA_OFFICE_DG1_and_DG2_1696647600,2023-10-07 02:00:00,2023-10-07 02:15:00,1696644000,250.57,319.01,0.0,1.83,8583.55,8568.69,-2.1700000000000728,-2.1200000000008004,2.189
ABUJA_OFFICE_DG1_and_DG2_1696648500,2023-10-07 02:15:00,2023-10-07 02:30:00,1696644900,250.57,317.93,0.0,0.99,8583.55,8568.94,-2.1700000000000728,-2.3700000000008004,2.243
ABUJA_OFFICE_DG1_and_DG2_1696649400,2023-10-07 02:30:00,2023-10-07 02:45:00,1696645800,250.57,316.02,0.0,1.55,8583.55,8569.19,-2.1700000000000728,-2.6200000000008004,2.258
ABUJA_OFFICE_DG1_and_DG2_1696650300,2023-10-07 02:45:00,2023-10-07 03:00:00,1696646700,250.57,314.78,0.0,1.36,8583.55,8569.44,-2.1700000000000728,-2.8700000000008004,2.162
ABUJA_OFFICE_DG1_and_DG2_1696651200,2023-10-07 03:00:00,2023-10-07 03:15:00,1696647600,250.57,313.11,0.0,1.99,8583.55,8569.69,-2.1700000000000728,-3.1200000000008004,2.264
ABUJA_OFFICE_DG1_and_DG2_1696652100,2023-10-07 03:15:00,2023-10-07 03:30:00,1696648500,250.57,311.56,0.0,1.34,8583.55,8569.94,-2.1700000000000728,-3.3700000000008004,2.227
ABUJA_OFFICE_DG1_and_DG2_1696653000,2023-10-07 03:30:00,2023-10-07 03:45:00,1696649400,250.57,310.48,0.0,1.28,8583.55,8570.19,-2.1700000000000728,-3.6200000000008004,2.267
ABUJA_OFFICE_DG1_and_DG2_1696653900,2023-10-07 03:45:00,2023-10-07 04:00:00,1696650300,250.57,309.09,0.0,1.39,8583.55,8570.44,-2.1700000000000728,-3.8700000000008004,2.165
ABUJA_OFFICE_DG1_and_DG2_1696654800,2023-10-07 04:00:00,2023-10-07 04:15:00,1696651200,250.57,307.73,0.0,1.28,8583.55,8570.69,-2.1700000000000728,-4.1200000000008,2.247
ABUJA_OFFICE_DG1_and_DG2_1696655700,2023-10-07 04:15:00,2023-10-07 04:30:00,1696652100,250.57,306.06,0.0,1.67,8583.55,8570.94,-2.1700000000000728,-4.3700000000008,2.204
ABUJA_OFFICE_DG1_and_DG2_1696656600,2023-10-07 04:30:00,2023-10-07 04:45:00,1696653000,250.57,304.7,0.0,1.44,8583.55,8571.19,-2.1700000000000728,-4.6200000000008,2.187
ABUJA_OFFICE_DG1_and_DG2_1696657500,2023-10-07 04:45:00,2023-10-07 05:00:00,1696653900,250.57,303.71,0.0,0.75,8583.55,8571.44,-2.1700000000000728,-4.8700000000008,2.535
ABUJA_OFFICE_DG1_and_DG2_1696658400,2023-10-07 05:00:00,2023-10-07 05:15:00,1696654800,250.57,301.84,0.0,2.11,8583.55,8571.69,-2.1700000000000728,-5.1200000000008,1.977
ABUJA_OFFICE_DG1_and_DG2_1696659300,2023-10-07 05:15:00,2023-10-07 05:30:00,1696655700,250.57,300.72,0.0,1.08,8583.55,8571.94,-2.1700000000000728,-5.3700000000008,1.807
ABUJA_OFFICE_DG1_and_DG2_1696660200,2023-10-07 05:30:00,2023-10-07 05:45:00,1696656600,250.57,299.29,0.0,1.31,8583.55,8572.19,-2.1700000000000728,-5.6200000000008,1.877
ABUJA_OFFICE_DG1_and_DG2_1696661100,2023-10-07 05:45:00,2023-10-07 06:00:00,1696657500,250.57,298.73,0.0,0.71,8583.55,8572.44,-2.1700000000000728,-5.8700000000008,1.734
ABUJA_OFFICE_DG1_and_DG2_1696662000,2023-10-07 06:00:00,2023-10-07 06:15:00,1696658400,250.57,297.05,0.0,1.44,8583.65,8572.62,-2.2700000000004366,-6.050000000001091,1.778
ABUJA_OFFICE_DG1_and_DG2_1696662900,2023-10-07 06:15:00,2023-10-07 06:30:00,1696659300,249.33,297.05,1.24,0.24,8583.9,8572.62,-2.5200000000004366,-6.050000000001091,1.792
ABUJA_OFFICE_DG1_and_DG2_1696663800,2023-10-07 06:30:00,2023-10-07 06:45:00,1696660200,247.68,297.05,1.24,0.0,8584.15,8572.62,-2.7700000000004366,-6.050000000001091,1.816
ABUJA_OFFICE_DG1_and_DG2_1696664700,2023-10-07 06:45:00,2023-10-07 07:00:00,1696661100,246.44,297.05,1.65,0.0,8584.4,8572.62,-3.0200000000004366,-6.050000000001091,1.806
ABUJA_OFFICE_DG1_and_DG2_1696665600,2023-10-07 07:00:00,2023-10-07 07:15:00,1696662000,245.2,297.05,1.24,0.0,8584.63,8572.62,-3.25,-6.050000000001091,1.842
ABUJA_OFFICE_DG1_and_DG2_1696666500,2023-10-07 07:15:00,2023-10-07 07:30:00,1696662900,243.54,297.05,2.06,0.0,8584.88,8572.62,-3.5,-6.050000000001091,1.788
ABUJA_OFFICE_DG1_and_DG2_1696667400,2023-10-07 07:30:00,2023-10-07 07:45:00,1696663800,241.48,297.05,2.48,0.0,8585.14,8572.62,-3.7600000000002183,-6.050000000001091,1.978
ABUJA_OFFICE_DG1_and_DG2_1696668300,2023-10-07 07:45:00,2023-10-07 08:00:00,1696664700,240.24,297.05,1.24,0.0,8585.38,8572.62,-4.0,-6.050000000001091,1.814
ABUJA_OFFICE_DG1_and_DG2_1696669200,2023-10-07 08:00:00,2023-10-07 08:15:00,1696665600,239.0,297.05,1.24,0.0,8585.64,8572.62,-4.260000000000218,-6.050000000001091,1.902
ABUJA_OFFICE_DG1_and_DG2_1696670100,2023-10-07 08:15:00,2023-10-07 08:30:00,1696666500,237.35,297.05,1.65,0.0,8585.88,8572.62,-4.5,-6.050000000001091,1.823
ABUJA_OFFICE_DG1_and_DG2_1696671000,2023-10-07 08:30:00,2023-10-07 08:45:00,1696667400,235.69,297.05,1.66,0.0,8586.14,8572.62,-4.760000000000218,-6.050000000001091,1.797
ABUJA_OFFICE_DG1_and_DG2_1696671900,2023-10-07 08:45:00,2023-10-07 09:00:00,1696668300,234.04,297.05,1.65,0.0,8586.38,8572.62,-5.0,-6.050000000001091,1.863
ABUJA_OFFICE_DG1_and_DG2_1696672800,2023-10-07 09:00:00,2023-10-07 09:15:00,1696669200,233.22,297.05,0.82,0.0,8586.64,8572.62,-5.260000000000218,-6.050000000001091,1.817
ABUJA_OFFICE_DG1_and_DG2_1696673700,2023-10-07 09:15:00,2023-10-07 09:30:00,1696670100,231.98,297.05,1.24,0.0,8586.88,8572.62,-5.5,-6.050000000001091,1.918
ABUJA_OFFICE_DG1_and_DG2_1696674600,2023-10-07 09:30:00,2023-10-07 09:45:00,1696671000,229.91,297.05,1.66,0.0,8587.14,8572.62,-5.760000000000218,-6.050000000001091,1.859
ABUJA_OFFICE_DG1_and_DG2_1696675500,2023-10-07 09:45:00,2023-10-07 10:00:00,1696671900,228.67,297.05,1.65,0.0,8587.38,8572.62,-6.0,-6.050000000001091,1.798
ABUJA_OFFICE_DG1_and_DG2_1696676400,2023-10-07 10:00:00,2023-10-07 10:15:00,1696672800,227.02,297.05,1.65,0.0,8587.64,8572.62,-6.260000000000218,-6.050000000001091,1.788
ABUJA_OFFICE_DG1_and_DG2_1696677300,2023-10-07 10:15:00,2023-10-07 10:30:00,1696673700,225.37,297.05,1.24,0.0,8587.88,8572.62,-6.5,-6.050000000001091,1.844
ABUJA_OFFICE_DG1_and_DG2_1696678200,2023-10-07 10:30:00,2023-10-07 10:45:00,1696674600,223.71,297.05,2.07,0.0,8588.14,8572.62,-6.760000000000218,-6.050000000001091,1.761
ABUJA_OFFICE_DG1_and_DG2_1696679100,2023-10-07 10:45:00,2023-10-07 11:00:00,1696675500,222.89,297.05,0.82,0.0,8588.38,8572.62,-7.0,-6.050000000001091,1.762
ABUJA_OFFICE_DG1_and_DG2_1696680000,2023-10-07 11:00:00,2023-10-07 11:15:00,1696676400,221.24,297.05,1.65,0.0,8588.64,8572.62,-7.260000000000218,-6.050000000001091,2.153
ABUJA_OFFICE_DG1_and_DG2_1696680900,2023-10-07 11:15:00,2023-10-07 11:30:00,1696677300,219.17,297.05,2.07,0.0,8588.89,8572.62,-7.510000000000218,-6.050000000001091,2.008
ABUJA_OFFICE_DG1_and_DG2_1696681800,2023-10-07 11:30:00,2023-10-07 11:45:00,1696678200,217.93,297.05,1.24,0.0,8589.14,8572.62,-7.760000000000218,-6.050000000001091,2.035
ABUJA_OFFICE_DG1_and_DG2_1696682700,2023-10-07 11:45:00,2023-10-07 12:00:00,1696679100,216.69,297.05,1.24,0.0,8589.39,8572.62,-8.010000000000218,-6.050000000001091,1.948
ABUJA_OFFICE_DG1_and_DG2_1696683600,2023-10-07 12:00:00,2023-10-07 12:15:00,1696680000,215.86,297.01,0.83,0.04,8589.57,8572.72,-8.19000000000051,-6.149999999999636,2.154
ABUJA_OFFICE_DG1_and_DG2_1696684500,2023-10-07 12:15:00,2023-10-07 12:30:00,1696680900,215.86,295.3,0.0,1.71,8589.57,8572.97,-8.19000000000051,-6.399999999999636,2.2
ABUJA_OFFICE_DG1_and_DG2_1696685400,2023-10-07 12:30:00,2023-10-07 12:45:00,1696681800,215.86,293.63,0.0,1.67,8589.57,8573.22,-8.19000000000051,-6.649999999999636,2.017
ABUJA_OFFICE_DG1_and_DG2_1696686300,2023-10-07 12:45:00,2023-10-07 13:00:00,1696682700,215.86,292.83,0.0,0.8,8589.57,8573.47,-8.19000000000051,-6.899999999999636,2.156
ABUJA_OFFICE_DG1_and_DG2_1696687200,2023-10-07 13:00:00,2023-10-07 13:15:00,1696683600,215.86,290.64,0.0,2.19,8589.57,8573.72,-8.19000000000051,-7.149999999999636,2.336
ABUJA_OFFICE_DG1_and_DG2_1696688100,2023-10-07 13:15:00,2023-10-07 13:30:00,1696684500,215.86,289.4,0.0,1.24,8589.57,8573.97,-8.19000000000051,-7.399999999999636,2.363
ABUJA_OFFICE_DG1_and_DG2_1696689000,2023-10-07 13:30:00,2023-10-07 13:45:00,1696685400,215.86,287.13,0.0,2.26,8589.57,8574.22,-8.19000000000051,-7.649999999999636,2.328
ABUJA_OFFICE_DG1_and_DG2_1696689900,2023-10-07 13:45:00,2023-10-07 14:00:00,1696686300,215.86,285.78,0.0,1.27,8589.57,8574.47,-8.19000000000051,-7.899999999999636,2.147
ABUJA_OFFICE_DG1_and_DG2_1696690800,2023-10-07 14:00:00,2023-10-07 14:15:00,1696687200,215.86,284.02,0.0,1.4,8589.57,8574.72,-8.19000000000051,-8.149999999999636,2.646
ABUJA_OFFICE_DG1_and_DG2_1696691700,2023-10-07 14:15:00,2023-10-07 14:30:00,1696688100,215.86,282.35,0.0,1.95,8589.57,8574.97,-8.19000000000051,-8.399999999999636,2.624
ABUJA_OFFICE_DG1_and_DG2_1696692600,2023-10-07 14:30:00,2023-10-07 14:45:00,1696689000,215.86,280.8,0.0,1.71,8589.57,8575.22,-8.19000000000051,-8.649999999999636,2.614
ABUJA_OFFICE_DG1_and_DG2_1696693500,2023-10-07 14:45:00,2023-10-07 15:00:00,1696689900,215.86,278.88,0.0,1.92,8589.57,8575.47,-8.19000000000051,-8.899999999999636,2.954
ABUJA_OFFICE_DG1_and_DG2_1696694400,2023-10-07 15:00:00,2023-10-07 15:15:00,1696690800,215.86,277.61,0.0,1.27,8589.57,8575.72,-8.19000000000051,-9.149999999999636,2.946
ABUJA_OFFICE_DG1_and_DG2_1696695300,2023-10-07 15:15:00,2023-10-07 15:30:00,1696691700,215.86,275.78,0.0,1.47,8589.57,8575.97,-8.19000000000051,-9.399999999999636,2.722
ABUJA_OFFICE_DG1_and_DG2_1696696200,2023-10-07 15:30:00,2023-10-07 15:45:00,1696692600,215.86,274.5,0.0,1.36,8589.57,8576.22,-8.19000000000051,-9.649999999999636,2.977
ABUJA_OFFICE_DG1_and_DG2_1696697100,2023-10-07 15:45:00,2023-10-07 16:00:00,1696693500,215.86,272.39,0.0,2.15,8589.57,8576.47,-8.19000000000051,-9.899999999999636,2.588
ABUJA_OFFICE_DG1_and_DG2_1696698000,2023-10-07 16:00:00,2023-10-07 16:15:00,1696694400,215.86,271.07,0.0,1.56,8589.57,8576.72,-8.19000000000051,-10.149999999999636,2.267
ABUJA_OFFICE_DG1_and_DG2_1696698900,2023-10-07 16:15:00,2023-10-07 16:30:00,1696695300,215.86,270.12,0.0,0.95,8589.57,8576.97,-8.19000000000051,-10.399999999999636,2.465
ABUJA_OFFICE_DG1_and_DG2_1696699800,2023-10-07 16:30:00,2023-10-07 16:45:00,1696696200,215.86,268.56,0.0,1.56,8589.57,8577.22,-8.19000000000051,-10.649999999999636,2.233
ABUJA_OFFICE_DG1_and_DG2_1696700700,2023-10-07 16:45:00,2023-10-07 17:00:00,1696697100,215.86,266.53,0.0,1.67,8589.57,8577.47,-8.19000000000051,-10.899999999999636,2.606
ABUJA_OFFICE_DG1_and_DG2_1696701600,2023-10-07 17:00:00,2023-10-07 17:15:00,1696698000,215.86,266.13,0.0,0.76,8589.57,8577.72,-8.19000000000051,-11.149999999999636,2.693
ABUJA_OFFICE_DG1_and_DG2_1696702500,2023-10-07 17:15:00,2023-10-07 17:30:00,1696698900,215.86,264.22,0.0,1.71,8589.57,8577.97,-8.19000000000051,-11.399999999999636,2.61
ABUJA_OFFICE_DG1_and_DG2_1696703400,2023-10-07 17:30:00,2023-10-07 17:45:00,1696699800,215.86,262.75,0.0,1.67,8589.57,8578.22,-8.19000000000051,-11.649999999999636,2.928
ABUJA_OFFICE_DG1_and_DG2_1696704300,2023-10-07 17:45:00,2023-10-07 18:00:00,1696700700,215.86,261.15,0.0,1.56,8589.57,8578.47,-8.19000000000051,-11.899999999999636,2.584
ABUJA_OFFICE_DG1_and_DG2_1696705200,2023-10-07 18:00:00,2023-10-07 18:15:00,1696701600,215.45,259.6,0.41,1.58,8589.67,8578.65,-8.290000000000873,-12.079999999999927,2.654
ABUJA_OFFICE_DG1_and_DG2_1696706100,2023-10-07 18:15:00,2023-10-07 18:30:00,1696702500,213.39,259.6,2.06,0.0,8589.92,8578.65,-8.540000000000873,-12.079999999999927,2.324
ABUJA_OFFICE_DG1_and_DG2_1696707000,2023-10-07 18:30:00,2023-10-07 18:45:00,1696703400,212.15,259.6,1.24,0.0,8590.17,8578.65,-8.790000000000873,-12.079999999999927,2.263
ABUJA_OFFICE_DG1_and_DG2_1696707900,2023-10-07 18:45:00,2023-10-07 19:00:00,1696704300,210.08,259.6,2.07,0.0,8590.42,8578.65,-9.040000000000873,-12.079999999999927,2.324
ABUJA_OFFICE_DG1_and_DG2_1696708800,2023-10-07 19:00:00,2023-10-07 19:15:00,1696705200,208.43,259.6,1.65,0.0,8590.67,8578.65,-9.290000000000873,-12.079999999999927,2.335
ABUJA_OFFICE_DG1_and_DG2_1696709700,2023-10-07 19:15:00,2023-10-07 19:30:00,1696706100,207.19,259.6,0.83,0.0,8590.92,8578.65,-9.540000000000873,-12.079999999999927,2.575
ABUJA_OFFICE_DG1_and_DG2_1696710600,2023-10-07 19:30:00,2023-10-07 19:45:00,1696707000,205.54,259.6,2.06,0.0,8591.17,8578.65,-9.790000000000873,-12.079999999999927,2.332
ABUJA_OFFICE_DG1_and_DG2_1696711500,2023-10-07 19:45:00,2023-10-07 20:00:00,1696707900,203.88,259.6,1.66,0.0,8591.42,8578.65,-10.040000000000873,-12.079999999999927,2.269
ABUJA_OFFICE_DG1_and_DG2_1696712400,2023-10-07 20:00:00,2023-10-07 20:15:00,1696708800,202.23,259.6,1.65,0.0,8591.67,8578.65,-10.290000000000873,-12.079999999999927,2.273
ABUJA_OFFICE_DG1_and_DG2_1696713300,2023-10-07 20:15:00,2023-10-07 20:30:00,1696709700,200.58,259.6,1.65,0.0,8591.92,8578.65,-10.540000000000873,-12.079999999999927,2.415
ABUJA_OFFICE_DG1_and_DG2_1696714200,2023-10-07 20:30:00,2023-10-07 20:45:00,1696710600,198.93,259.6,1.65,0.0,8592.18,8578.65,-10.800000000001091,-12.079999999999927,2.529
ABUJA_OFFICE_DG1_and_DG2_1696715100,2023-10-07 20:45:00,2023-10-07 21:00:00,1696711500,197.27,259.6,1.24,0.0,8592.43,8578.65,-11.050000000001091,-12.079999999999927,2.385
ABUJA_OFFICE_DG1_and_DG2_1696716000,2023-10-07 21:00:00,2023-10-07 21:15:00,1696712400,196.45,259.6,1.24,0.0,8592.68,8578.65,-11.300000000001091,-12.079999999999927,2.315
ABUJA_OFFICE_DG1_and_DG2_1696716900,2023-10-07 21:15:00,2023-10-07 21:30:00,1696713300,193.97,259.6,2.07,0.0,8592.93,8578.65,-11.550000000001091,-12.079999999999927,2.365
ABUJA_OFFICE_DG1_and_DG2_1696717800,2023-10-07 21:30:00,2023-10-07 21:45:00,1696714200,192.32,259.6,1.65,0.0,8593.18,8578.65,-11.800000000001091,-12.079999999999927,2.324
ABUJA_OFFICE_DG1_and_DG2_1696718700,2023-10-07 21:45:00,2023-10-07 22:00:00,1696715100,191.9,259.6,0.83,0.0,8593.43,8578.65,-12.050000000001091,-12.079999999999927,2.167
ABUJA_OFFICE_DG1_and_DG2_1696719600,2023-10-07 22:00:00,2023-10-07 22:15:00,1696716000,190.25,259.6,1.65,0.0,8593.68,8578.65,-12.300000000001091,-12.079999999999927,2.273
ABUJA_OFFICE_DG1_and_DG2_1696720500,2023-10-07 22:15:00,2023-10-07 22:30:00,1696716900,188.18,259.6,2.07,0.0,8593.93,8578.65,-12.550000000001091,-12.079999999999927,2.222
ABUJA_OFFICE_DG1_and_DG2_1696721400,2023-10-07 22:30:00,2023-10-07 22:45:00,1696717800,186.53,259.6,1.65,0.0,8594.18,8578.65,-12.800000000001091,-12.079999999999927,2.202
ABUJA_OFFICE_DG1_and_DG2_1696722300,2023-10-07 22:45:00,2023-10-07 23:00:00,1696718700,185.71,259.6,0.82,0.0,8594.43,8578.65,-13.050000000001091,-12.079999999999927,2.226
ABUJA_OFFICE_DG1_and_DG2_1696723200,2023-10-07 23:00:00,2023-10-07 23:15:00,1696719600,183.64,259.6,2.07,0.0,8594.68,8578.65,-13.300000000001091,-12.079999999999927,2.228
ABUJA_OFFICE_DG1_and_DG2_1696724100,2023-10-07 23:15:00,2023-10-07 23:30:00,1696720500,182.4,259.6,0.83,0.0,8594.93,8578.65,-13.550000000001091,-12.079999999999927,2.171
ABUJA_OFFICE_DG1_and_DG2_1696725000,2023-10-07 23:30:00,2023-10-07 23:45:00,1696721400,180.75,259.6,2.06,0.0,8595.18,8578.65,-13.800000000001091,-12.079999999999927,2.147
ABUJA_OFFICE_DG1_and_DG2_1696725900,2023-10-07 23:45:00,2023-10-08 00:00:00,1696722300,178.68,259.6,2.07,0.0,8595.43,8578.65,-14.050000000001091,-12.079999999999927,2.21
