key,start,end,epoch,tankl1,tankl2,deltal1,deltal2,hrs1,hrs2,deltahrs1,deltahrs2,GB1_kwh
TARABA_DG1_And_DG2_1698796800_OFFICE-00980AA1,2023-11-01 00:00:00,2023-11-01 00:15:00,1698796800,161.35,203.78,0.0,2.25,7468.67,7010.26,-7467.85,-7010.26,0.0
TARABA_DG1_And_DG2_1698797700_OFFICE-00980AA1,2023-11-01 00:15:00,2023-11-01 00:30:00,1698797700,161.35,204.34,0.0,1.99,7468.92,7010.26,-7468.10,-7010.26,0.0
TARABA_DG1_And_DG2_1698798600_OFFICE-00980AA1,2023-11-01 00:30:00,2023-11-01 00:45:00,1698798600,161.35,201.9,0.0,2.53,7469.17,7010.26,-7468.35,-7010.26,0.0
TARABA_DG1_And_DG2_1698799500_OFFICE-00980AA1,2023-11-01 00:45:00,2023-11-01 01:00:00,1698799500,161.35,200.77,0.0,1.13,7469.42,7010.26,-7468.60,-7010.26,0.0
TARABA_DG1_And_DG2_1698800400_OFFICE-00980AA1,2023-11-01 01:00:00,2023-11-01 01:15:00,1698800400,161.35,198.51,0.0,2.26,7469.67,7010.26,-7468.85,-7010.26,0.0
TARABA_DG1_And_DG2_1698801300_OFFICE-00980AA1,2023-11-01 01:15:00,2023-11-01 01:30:00,1698801300,161.35,196.26,0.0,2.25,7469.92,7010.26,-7469.10,-7010.26,0.0
TARABA_DG1_And_DG2_1698802200_OFFICE-00980AA1,2023-11-01 01:30:00,2023-11-01 01:45:00,1698802200,161.35,194.38,0.0,1.88,7470.17,7010.26,-7469.35,-7010.26,0.0
TARABA_DG1_And_DG2_1698803100_OFFICE-00980AA1,2023-11-01 01:45:00,2023-11-01 02:00:00,1698803100,161.35,193.25,0.0,1.13,7470.42,7010.26,-7469.60,-7010.26,0.0
TARABA_DG1_And_DG2_1698804000_OFFICE-00980AA1,2023-11-01 02:00:00,2023-11-01 02:15:00,1698804000,161.35,193.25,0.0,0.0,7470.67,7010.26,-7469.85,-7010.26,0.0
TARABA_DG1_And_DG2_1698804900_OFFICE-00980AA1,2023-11-01 02:15:00,2023-11-01 02:30:00,1698804900,161.35,190.62,0.0,2.63,7470.92,7010.26,-7470.10,-7010.26,0.0
TARABA_DG1_And_DG2_1698805800_OFFICE-00980AA1,2023-11-01 02:30:00,2023-11-01 02:45:00,1698805800,161.35,188.74,0.0,1.88,7471.17,7010.26,-7470.35,-7010.26,0.0
TARABA_DG1_And_DG2_1698806700_OFFICE-00980AA1,2023-11-01 02:45:00,2023-11-01 03:00:00,1698806700,161.35,187.61,0.0,3.38,7471.42,7010.26,-7470.60,-7010.26,0.0
TARABA_DG1_And_DG2_1698807600_OFFICE-00980AA1,2023-11-01 03:00:00,2023-11-01 03:15:00,1698807600,161.35,188.36,0.0,1.89,7471.67,7010.26,-7470.85,-7010.26,0.0
TARABA_DG1_And_DG2_1698808500_OFFICE-00980AA1,2023-11-01 03:15:00,2023-11-01 03:30:00,1698808500,161.35,187.61,0.0,0.75,7471.92,7010.26,-7471.10,-7010.26,0.0
TARABA_DG1_And_DG2_1698809400_OFFICE-00980AA1,2023-11-01 03:30:00,2023-11-01 03:45:00,1698809400,161.35,184.98,0.0,2.63,7472.17,7010.26,-7471.35,-7010.26,0.0
TARABA_DG1_And_DG2_1698810300_OFFICE-00980AA1,2023-11-01 03:45:00,2023-11-01 04:00:00,1698810300,161.35,184.23,0.0,1.88,7472.42,7010.26,-7471.60,-7010.26,0.0
TARABA_DG1_And_DG2_1698811200_OFFICE-00980AA1,2023-11-01 04:00:00,2023-11-01 04:15:00,1698811200,161.35,183.85,0.0,1.13,7472.67,7010.26,-7471.85,-7010.26,0.0
TARABA_DG1_And_DG2_1698812100_OFFICE-00980AA1,2023-11-01 04:15:00,2023-11-01 04:30:00,1698812100,161.35,181.6,0.0,2.25,7472.92,7010.26,-7472.10,-7010.26,0.0
TARABA_DG1_And_DG2_1698813000_OFFICE-00980AA1,2023-11-01 04:30:00,2023-11-01 04:45:00,1698813000,161.35,181.97,0.0,1.13,7473.17,7010.26,-7472.35,-7010.26,0.0
TARABA_DG1_And_DG2_1698813900_OFFICE-00980AA1,2023-11-01 04:45:00,2023-11-01 05:00:00,1698813900,161.35,178.96,0.0,3.01,7473.34,7010.35,-7472.52,-7010.35,0.0
TARABA_DG1_And_DG2_1698814800_OFFICE-00980AA1,2023-11-01 05:00:00,2023-11-01 05:15:00,1698814800,160.26,178.96,1.08,0.0,7473.34,7010.6,-7472.52,-7010.6,0.0
TARABA_DG1_And_DG2_1698815700_OFFICE-00980AA1,2023-11-01 05:15:00,2023-11-01 05:30:00,1698815700,159.17,178.96,1.08,0.0,7473.34,7010.85,-7472.52,-7010.85,0.0
TARABA_DG1_And_DG2_1698816600_OFFICE-00980AA1,2023-11-01 05:30:00,2023-11-01 05:45:00,1698816600,158.45,180.84,0.72,0.0,7473.44,7011,-7472.62,-7011,0.195
TARABA_DG1_And_DG2_1698817500_OFFICE-00980AA1,2023-11-01 05:45:00,2023-11-01 06:00:00,1698817500,158.45,178.21,0.0,2.26,7473.69,7011,-7472.87,-7011,1.139
TARABA_DG1_And_DG2_1698818400_OFFICE-00980AA1,2023-11-01 06:00:00,2023-11-01 06:15:00,1698818400,158.45,176.71,0.0,2.63,7473.94,7011,-7473.12,-7011,1.299
TARABA_DG1_And_DG2_1698819300_OFFICE-00980AA1,2023-11-01 06:15:00,2023-11-01 06:30:00,1698819300,158.45,174.83,0.0,1.5,7474.19,7011,-7473.37,-7011,1.458
TARABA_DG1_And_DG2_1698820200_OFFICE-00980AA1,2023-11-01 06:30:00,2023-11-01 06:45:00,1698820200,158.45,176.52,0.0,1.31,7474.44,7011,-7473.62,-7011,1.505
TARABA_DG1_And_DG2_1698821100_OFFICE-00980AA1,2023-11-01 06:45:00,2023-11-01 07:00:00,1698821100,158.45,174.83,0.0,1.69,7474.69,7011,-7473.87,-7011,1.799
TARABA_DG1_And_DG2_1698822000_OFFICE-00980AA1,2023-11-01 07:00:00,2023-11-01 07:15:00,1698822000,158.45,172.57,0.0,1.88,7474.94,7011,-7474.12,-7011,1.708
TARABA_DG1_And_DG2_1698822900_OFFICE-00980AA1,2023-11-01 07:15:00,2023-11-01 07:30:00,1698822900,158.45,170.69,0.0,2.26,7475.19,7011,-7474.37,-7011,1.642
TARABA_DG1_And_DG2_1698823800_OFFICE-00980AA1,2023-11-01 07:30:00,2023-11-01 07:45:00,1698823800,158.45,169.94,0.0,2.63,7475.44,7011,-7474.62,-7011,2.235
TARABA_DG1_And_DG2_1698824700_OFFICE-00980AA1,2023-11-01 07:45:00,2023-11-01 08:00:00,1698824700,158.45,168.06,0.0,3.01,7475.69,7011,-7474.87,-7011,2.351
TARABA_DG1_And_DG2_1698825600_OFFICE-00980AA1,2023-11-01 08:00:00,2023-11-01 08:15:00,1698825600,158.45,167.69,0.0,0.37,7475.94,7011,-7475.12,-7011,2.311
TARABA_DG1_And_DG2_1698826500_OFFICE-00980AA1,2023-11-01 08:15:00,2023-11-01 08:30:00,1698826500,158.45,165.06,0.0,2.63,7476.19,7011,-7475.37,-7011,0.115
TARABA_DG1_And_DG2_1698827400_OFFICE-00980AA1,2023-11-01 08:30:00,2023-11-01 08:45:00,1698827400,158.45,165.06,0.0,0.0,7476.44,7011,-7475.62,-7011,0.0
TARABA_DG1_And_DG2_1698828300_OFFICE-00980AA1,2023-11-01 08:45:00,2023-11-01 09:00:00,1698828300,158.45,163.55,0.0,1.51,7476.69,7011,-7475.87,-7011,0.0
TARABA_DG1_And_DG2_1698829200_OFFICE-00980AA1,2023-11-01 09:00:00,2023-11-01 09:15:00,1698829200,158.45,160.92,0.0,2.63,7476.94,7011,-7476.12,-7011,0.0
TARABA_DG1_And_DG2_1698830100_OFFICE-00980AA1,2023-11-01 09:15:00,2023-11-01 09:30:00,1698830100,158.45,159.42,0.0,1.5,7477.19,7011,-7476.37,-7011,0.0
TARABA_DG1_And_DG2_1698831000_OFFICE-00980AA1,2023-11-01 09:30:00,2023-11-01 09:45:00,1698831000,158.45,159.42,0.0,0.0,7477.44,7011,-7476.62,-7011,0.0
TARABA_DG1_And_DG2_1698831900_OFFICE-00980AA1,2023-11-01 09:45:00,2023-11-01 10:00:00,1698831900,158.45,157.54,0.0,1.50,7477.69,7011,-7476.87,-7011,0.0
TARABA_DG1_And_DG2_1698832800_OFFICE-00980AA1,2023-11-01 10:00:00,2023-11-01 10:15:00,1698832800,158.45,156.03,0.0,1.88,7477.94,7011,-7477.12,-7011,0.0
TARABA_DG1_And_DG2_1698833700_OFFICE-00980AA1,2023-11-01 10:15:00,2023-11-01 10:30:00,1698833700,158.45,153.78,0.0,2.25,7478.19,7011,-7477.37,-7011,0.0
TARABA_DG1_And_DG2_1698834600_OFFICE-00980AA1,2023-11-01 10:30:00,2023-11-01 10:45:00,1698834600,158.45,152.65,0.0,1.13,7478.44,7011,-7477.62,-7011,0.0
TARABA_DG1_And_DG2_1698835500_OFFICE-00980AA1,2023-11-01 10:45:00,2023-11-01 11:00:00,1698835500,158.45,151.15,0.0,1.5,7478.69,7011,-7477.87,-7011,0.0
TARABA_DG1_And_DG2_1698836400_OFFICE-00980AA1,2023-11-01 11:00:00,2023-11-01 11:15:00,1698836400,157.72,149.64,0.73,1.50,7478.93,7011.08,-7478.11,-7011.08,0.0
TARABA_DG1_And_DG2_1698837300_OFFICE-00980AA1,2023-11-01 11:15:00,2023-11-01 11:30:00,1698837300,157.36,148.14,0.36,1.13,7479.18,7011.33,-7478.36,-7011.33,0.0
TARABA_DG1_And_DG2_1698838200_OFFICE-00980AA1,2023-11-01 11:30:00,2023-11-01 11:45:00,1698838200,156.64,147.39,0.72,1.12,7479.29,7011.57,-7478.47,-7011.57,0.0
TARABA_DG1_And_DG2_1698839100_OFFICE-00980AA1,2023-11-01 11:45:00,2023-11-01 12:00:00,1698839100,154.1,147.39,2.53,0.0,7479.29,7011.82,-7478.47,-7011.82,0.0
TARABA_DG1_And_DG2_1698840000_OFFICE-00980AA1,2023-11-01 12:00:00,2023-11-01 12:15:00,1698840000,153.74,148.14,0.36,1.88,7479.37,7011.98,-7478.55,-7011.98,0.0
TARABA_DG1_And_DG2_1698840900_OFFICE-00980AA1,2023-11-01 12:15:00,2023-11-01 12:30:00,1698840900,153.74,147.01,0.0,1.13,7479.62,7011.98,-7478.80,-7011.98,0.0
TARABA_DG1_And_DG2_1698841800_OFFICE-00980AA1,2023-11-01 12:30:00,2023-11-01 12:45:00,1698841800,153.74,144.76,0.0,1.88,7479.87,7011.98,-7479.05,-7011.98,0.0
TARABA_DG1_And_DG2_1698842700_OFFICE-00980AA1,2023-11-01 12:45:00,2023-11-01 13:00:00,1698842700,153.74,142.88,0.0,2.25,7480.12,7011.98,-7479.30,-7011.98,0.0
TARABA_DG1_And_DG2_1698843600_OFFICE-00980AA1,2023-11-01 13:00:00,2023-11-01 13:15:00,1698843600,153.74,141.75,0.0,1.13,7480.37,7011.98,-7479.55,-7011.98,0.0
TARABA_DG1_And_DG2_1698844500_OFFICE-00980AA1,2023-11-01 13:15:00,2023-11-01 13:30:00,1698844500,153.74,139.49,0.0,2.26,7480.62,7011.98,-7479.80,-7011.98,0.0
TARABA_DG1_And_DG2_1698845400_OFFICE-00980AA1,2023-11-01 13:30:00,2023-11-01 13:45:00,1698845400,153.74,137.99,0.0,1.13,7480.87,7011.98,-7480.05,-7011.98,0.0
TARABA_DG1_And_DG2_1698846300_OFFICE-00980AA1,2023-11-01 13:45:00,2023-11-01 14:00:00,1698846300,153.74,136.11,0.0,2.25,7481.12,7011.98,-7480.30,-7011.98,0.0
TARABA_DG1_And_DG2_1698847200_OFFICE-00980AA1,2023-11-01 14:00:00,2023-11-01 14:15:00,1698847200,153.74,134.23,0.0,1.88,7481.37,7011.98,-7480.55,-7011.98,0.0
TARABA_DG1_And_DG2_1698848100_OFFICE-00980AA1,2023-11-01 14:15:00,2023-11-01 14:30:00,1698848100,153.74,133.1,0.0,0.75,7481.64,7011.98,-7480.82,-7011.98,0.0
TARABA_DG1_And_DG2_1698849000_OFFICE-00980AA1,2023-11-01 14:30:00,2023-11-01 14:45:00,1698849000,153.74,131.97,0.0,1.50,7481.88,7011.98,-7481.06,-7011.98,0.0
TARABA_DG1_And_DG2_1698849900_OFFICE-00980AA1,2023-11-01 14:45:00,2023-11-01 15:00:00,1698849900,153.74,129.72,0.0,2.25,7482.14,7011.98,-7481.32,-7011.98,0.0
TARABA_DG1_And_DG2_1698850800_OFFICE-00980AA1,2023-11-01 15:00:00,2023-11-01 15:15:00,1698850800,153.74,128.59,0.0,1.13,7482.38,7011.98,-7481.56,-7011.98,0.0
TARABA_DG1_And_DG2_1698851700_OFFICE-00980AA1,2023-11-01 15:15:00,2023-11-01 15:30:00,1698851700,153.74,128.21,0.0,0.38,7482.38,7011.98,-7481.56,-7011.98,0.0
TARABA_DG1_And_DG2_1698852600_OFFICE-00980AA1,2023-11-01 15:30:00,2023-11-01 15:45:00,1698852600,153.74,128.21,0.0,0.0,7482.38,7011.98,-7481.56,-7011.98,0.0
TARABA_DG1_And_DG2_1698853500_OFFICE-00980AA1,2023-11-01 15:45:00,2023-11-01 16:00:00,1698853500,153.74,127.84,0.0,0.37,7482.56,7011.98,-7481.74,-7011.98,0.0
TARABA_DG1_And_DG2_1698854400_OFFICE-00980AA1,2023-11-01 16:00:00,2023-11-01 16:15:00,1698854400,153.74,125.96,0.0,1.88,7482.81,7011.98,-7481.99,-7011.98,0.0
TARABA_DG1_And_DG2_1698855300_OFFICE-00980AA1,2023-11-01 16:15:00,2023-11-01 16:30:00,1698855300,153.74,124.46,0.0,1.5,7483.06,7012.03,-7482.24,-7012.03,0.0
TARABA_DG1_And_DG2_1698856200_OFFICE-00980AA1,2023-11-01 16:30:00,2023-11-01 16:45:00,1698856200,152.29,123.7,1.44,0.76,7483.21,7012.09,-7482.39,-7012.09,1.517
TARABA_DG1_And_DG2_1698857100_OFFICE-00980AA1,2023-11-01 16:45:00,2023-11-01 17:00:00,1698857100,152.29,123.7,0.0,0.0,7483.21,7012.09,-7482.39,-7012.09,2.268
TARABA_DG1_And_DG2_1698858000_OFFICE-00980AA1,2023-11-01 17:00:00,2023-11-01 17:15:00,1698858000,152.29,123.7,0.0,0.0,7483.21,7012.09,-7482.39,-7012.09,2.6
TARABA_DG1_And_DG2_1698858900_OFFICE-00980AA1,2023-11-01 17:15:00,2023-11-01 17:30:00,1698858900,152.29,123.7,0.0,0.0,7483.21,7012.09,-7482.39,-7012.09,2.478
TARABA_DG1_And_DG2_1698859800_OFFICE-00980AA1,2023-11-01 17:30:00,2023-11-01 17:45:00,1698859800,152.29,123.7,0.0,0.0,7483.21,7012.09,-7482.39,-7012.09,2.442
TARABA_DG1_And_DG2_1698860700_OFFICE-00980AA1,2023-11-01 17:45:00,2023-11-01 18:00:00,1698860700,152.29,123.7,0.0,0.0,7483.21,7012.09,-7482.39,-7012.09,2.51
TARABA_DG1_And_DG2_1698861600_OFFICE-00980AA1,2023-11-01 18:00:00,2023-11-01 18:15:00,1698861600,152.29,123.7,0.0,0.0,7483.21,7012.09,-7482.39,-7012.09,1.857
TARABA_DG1_And_DG2_1698862500_OFFICE-00980AA1,2023-11-01 18:15:00,2023-11-01 18:30:00,1698862500,152.29,123.7,0.0,0.0,7483.21,7012.09,-7482.39,-7012.09,1.934
TARABA_DG1_And_DG2_1698863400_OFFICE-00980AA1,2023-11-01 18:30:00,2023-11-01 18:45:00,1698863400,152.29,123.7,0.0,0.0,7483.21,7012.09,-7482.39,-7012.09,1.75
TARABA_DG1_And_DG2_1698864300_OFFICE-00980AA1,2023-11-01 18:45:00,2023-11-01 19:00:00,1698864300,152.29,123.7,0.0,0.0,7483.21,7012.09,-7482.39,-7012.09,1.73
TARABA_DG1_And_DG2_1698865200_OFFICE-00980AA1,2023-11-01 19:00:00,2023-11-01 19:15:00,1698865200,152.29,123.7,0.0,0.0,7483.21,7012.09,-7482.39,-7012.09,1.815
TARABA_DG1_And_DG2_1698866100_OFFICE-00980AA1,2023-11-01 19:15:00,2023-11-01 19:30:00,1698866100,152.29,123.7,0.0,0.0,7483.21,7012.09,-7482.39,-7012.09,1.702
TARABA_DG1_And_DG2_1698867000_OFFICE-00980AA1,2023-11-01 19:30:00,2023-11-01 19:45:00,1698867000,152.29,123.7,0.0,0.0,7483.21,7012.09,-7482.39,-7012.09,1.545
TARABA_DG1_And_DG2_1698867900_OFFICE-00980AA1,2023-11-01 19:45:00,2023-11-01 20:00:00,1698867900,152.29,123.7,0.0,0.0,7483.21,7012.09,-7482.39,-7012.09,1.751
TARABA_DG1_And_DG2_1698868800_OFFICE-00980AA1,2023-11-01 20:00:00,2023-11-01 20:15:00,1698868800,152.29,123.7,0.0,0.0,7483.21,7012.09,-7482.39,-7012.09,1.801
TARABA_DG1_And_DG2_1698869700_OFFICE-00980AA1,2023-11-01 20:15:00,2023-11-01 20:30:00,1698869700,152.29,123.7,0.0,0.0,7483.21,7012.09,-7482.39,-7012.09,1.88
TARABA_DG1_And_DG2_1698870600_OFFICE-00980AA1,2023-11-01 20:30:00,2023-11-01 20:45:00,1698870600,152.29,123.7,0.0,0.0,7483.21,7012.09,-7482.39,-7012.09,1.878
TARABA_DG1_And_DG2_1698871500_OFFICE-00980AA1,2023-11-01 20:45:00,2023-11-01 21:00:00,1698871500,152.29,123.7,0.0,0.0,7483.21,7012.09,-7482.39,-7012.09,1.853
TARABA_DG1_And_DG2_1698872400_OFFICE-00980AA1,2023-11-01 21:00:00,2023-11-01 21:15:00,1698872400,152.29,123.7,0.0,0.0,7483.21,7012.09,-7482.39,-7012.09,1.811
TARABA_DG1_And_DG2_1698873300_OFFICE-00980AA1,2023-11-01 21:15:00,2023-11-01 21:30:00,1698873300,152.29,123.7,0.0,0.0,7483.21,7012.09,-7482.39,-7012.09,0.165
TARABA_DG1_And_DG2_1698874200_OFFICE-00980AA1,2023-11-01 21:30:00,2023-11-01 21:45:00,1698874200,152.29,123.7,0.0,0.0,7483.21,7012.09,-7482.39,-7012.09,0.0
TARABA_DG1_And_DG2_1698875100_OFFICE-00980AA1,2023-11-01 21:45:00,2023-11-01 22:00:00,1698875100,152.29,123.7,0.0,0.0,7483.21,7012.09,-7482.39,-7012.09,0.0
TARABA_DG1_And_DG2_1698876000_OFFICE-00980AA1,2023-11-01 22:00:00,2023-11-01 22:15:00,1698876000,152.29,123.7,0.0,0.0,7483.21,7012.09,-7482.39,-7012.09,0.0
TARABA_DG1_And_DG2_1698876900_OFFICE-00980AA1,2023-11-01 22:15:00,2023-11-01 22:30:00,1698876900,152.29,123.7,0.0,0.0,7483.21,7012.09,-7482.39,-7012.09,0.0
TARABA_DG1_And_DG2_1698877800_OFFICE-00980AA1,2023-11-01 22:30:00,2023-11-01 22:45:00,1698877800,152.29,123.7,0.0,0.0,7483.21,7012.09,-7482.39,-7012.09,0.0
TARABA_DG1_And_DG2_1698878700_OFFICE-00980AA1,2023-11-01 22:45:00,2023-11-01 23:00:00,1698878700,152.29,123.7,0.0,0.0,7483.21,7012.09,-7482.39,-7012.09,0.0
TARABA_DG1_And_DG2_1698879600_OFFICE-00980AA1,2023-11-01 23:00:00,2023-11-01 23:15:00,1698879600,152.29,123.7,0.0,0.0,7483.21,7012.09,-7482.39,-7012.09,0.0
TARABA_DG1_And_DG2_1698880500_OFFICE-00980AA1,2023-11-01 23:15:00,2023-11-01 23:30:00,1698880500,152.29,123.7,0.0,0.0,7483.21,7012.09,-7482.39,-7012.09,0.0
TARABA_DG1_And_DG2_1698881400_OFFICE-00980AA1,2023-11-01 23:30:00,2023-11-01 23:45:00,1698881400,152.29,123.7,0.0,0.0,7483.21,7012.09,-7482.39,-7012.09,0.0
TARABA_DG1_And_DG2_1698882300_OFFICE-00980AA1,2023-11-01 23:45:00,2023-11-02 00:00:00,1698882300,152.29,123.7,0.0,0.0,7483.21,7012.09,-7482.39,-7012.09,0.0
