key,start,end,epoch,tankl1,tankl2,deltal1,deltal2,hrs1,hrs2,deltahrs1,deltahrs2,GB1_kwh
ABUJA_OFFICE_DG1_and_DG2_1697673600_OFFICE-00980785,2023-10-19 00:00:00,2023-10-19 00:15:00,1697673600,191.08,259.72,1.65,0.0,8,716.51,0,-100.25,2.509
ABUJA_OFFICE_DG1_and_DG2_1697674500_OFFICE-00980785,2023-10-19 00:15:00,2023-10-19 00:30:00,1697674500,191.08,259.72,0.0,0.0,8,716.51,0,-100.25,2.491
ABUJA_OFFICE_DG1_and_DG2_1697675400_OFFICE-00980785,2023-10-19 00:30:00,2023-10-19 00:45:00,1697675400,191.08,259.4,0.0,0.16,8,716.51,0,-100.25,2.497
ABUJA_OFFICE_DG1_and_DG2_1697676300_OFFICE-00980785,2023-10-19 00:45:00,2023-10-19 01:00:00,1697676300,191.08,257.29,0.0,2.27,8,716.51,0,-100.25,2.505
ABUJA_OFFICE_DG1_and_DG2_1697677200_OFFICE-00980785,2023-10-19 01:00:00,2023-10-19 01:15:00,1697677200,191.08,256.49,0.0,0.8,8,716.51,0,-100.25,2.722
ABUJA_OFFICE_DG1_and_DG2_1697678100_OFFICE-00980785,2023-10-19 01:15:00,2023-10-19 01:30:00,1697678100,191.08,254.38,0.0,1.91,8,716.51,0,-100.25,2.678
ABUJA_OFFICE_DG1_and_DG2_1697679000_OFFICE-00980785,2023-10-19 01:30:00,2023-10-19 01:45:00,1697679000,191.08,253.86,0.0,0.72,8,716.51,0,-100.25,2.553
ABUJA_OFFICE_DG1_and_DG2_1697679900_OFFICE-00980785,2023-10-19 01:45:00,2023-10-19 02:00:00,1697679900,191.08,251.99,0.0,1.67,8,716.51,0,-100.25,2.501
ABUJA_OFFICE_DG1_and_DG2_1697680800_OFFICE-00980785,2023-10-19 02:00:00,2023-10-19 02:15:00,1697680800,191.08,250.44,0.0,1.75,8,716.51,0,-100.25,2.499
ABUJA_OFFICE_DG1_and_DG2_1697681700_OFFICE-00980785,2023-10-19 02:15:00,2023-10-19 02:30:00,1697681700,191.08,249.04,0.0,1.40,8,716.51,0,-100.25,2.494
ABUJA_OFFICE_DG1_and_DG2_1697682600_OFFICE-00980785,2023-10-19 02:30:00,2023-10-19 02:45:00,1697682600,191.08,247.45,0.0,1.59,8,716.51,0,-100.25,2.525
ABUJA_OFFICE_DG1_and_DG2_1697683500_OFFICE-00980785,2023-10-19 02:45:00,2023-10-19 03:00:00,1697683500,191.08,246.33,0.0,1.12,8,716.51,0,-100.25,2.478
ABUJA_OFFICE_DG1_and_DG2_1697684400_OFFICE-00980785,2023-10-19 03:00:00,2023-10-19 03:15:00,1697684400,191.08,244.22,0.0,1.91,8,716.51,0,-100.25,2.575
ABUJA_OFFICE_DG1_and_DG2_1697685300_OFFICE-00980785,2023-10-19 03:15:00,2023-10-19 03:30:00,1697685300,191.08,243.3,0.0,0.56,8,716.51,0,-100.25,2.676
ABUJA_OFFICE_DG1_and_DG2_1697686200_OFFICE-00980785,2023-10-19 03:30:00,2023-10-19 03:45:00,1697686200,191.08,241.71,0.0,2.15,8,716.51,0,-100.25,2.8
ABUJA_OFFICE_DG1_and_DG2_1697687100_OFFICE-00980785,2023-10-19 03:45:00,2023-10-19 04:00:00,1697687100,191.08,240.31,0.0,1.04,8,716.51,0,-100.25,2.448
ABUJA_OFFICE_DG1_and_DG2_1697688000_OFFICE-00980785,2023-10-19 04:00:00,2023-10-19 04:15:00,1697688000,191.08,238.84,0.0,1.83,8,716.51,0,-100.25,2.476
ABUJA_OFFICE_DG1_and_DG2_1697688900_OFFICE-00980785,2023-10-19 04:15:00,2023-10-19 04:30:00,1697688900,191.08,237.57,0.0,1.15,8,716.51,0,-100.25,2.462
ABUJA_OFFICE_DG1_and_DG2_1697689800_OFFICE-00980785,2023-10-19 04:30:00,2023-10-19 04:45:00,1697689800,191.08,236.01,0.0,1.68,8,716.51,0,-100.25,2.785
ABUJA_OFFICE_DG1_and_DG2_1697690700_OFFICE-00980785,2023-10-19 04:45:00,2023-10-19 05:00:00,1697690700,191.08,234.78,0.0,1.19,8,716.51,0,-100.25,2.797
ABUJA_OFFICE_DG1_and_DG2_1697691600_OFFICE-00980785,2023-10-19 05:00:00,2023-10-19 05:15:00,1697691600,191.08,233.54,0.0,1.2,8,716.51,0,-100.25,2.662
ABUJA_OFFICE_DG1_and_DG2_1697692500_OFFICE-00980785,2023-10-19 05:15:00,2023-10-19 05:30:00,1697692500,191.08,231.67,0.0,1.95,8,716.51,0,-100.25,2.836
ABUJA_OFFICE_DG1_and_DG2_1697693400_OFFICE-00980785,2023-10-19 05:30:00,2023-10-19 05:45:00,1697693400,191.08,229.84,0.0,1.24,8,716.51,0,-100.25,3.236
ABUJA_OFFICE_DG1_and_DG2_1697694300_OFFICE-00980785,2023-10-19 05:45:00,2023-10-19 06:00:00,1697694300,191.08,228.56,0.0,1.59,8,716.51,0,-100.25,3.542
ABUJA_OFFICE_DG1_and_DG2_1697695200_OFFICE-00980785,2023-10-19 06:00:00,2023-10-19 06:15:00,1697695200,191.08,226.57,0.0,2.27,8,716.54,0,-100.28,5.158
ABUJA_OFFICE_DG1_and_DG2_1697696100_OFFICE-00980785,2023-10-19 06:15:00,2023-10-19 06:30:00,1697696100,189.01,226.57,2.07,0.0,8,716.79,0,-100.53,6.308
ABUJA_OFFICE_DG1_and_DG2_1697697000_OFFICE-00980785,2023-10-19 06:30:00,2023-10-19 06:45:00,1697697000,186.94,226.57,1.65,0.0,8,717.04,0,-100.78,7.709
ABUJA_OFFICE_DG1_and_DG2_1697697900_OFFICE-00980785,2023-10-19 06:45:00,2023-10-19 07:00:00,1697697900,182.81,226.57,4.13,0.0,8,717.29,0,-101.03,9.474
ABUJA_OFFICE_DG1_and_DG2_1697698800_OFFICE-00980785,2023-10-19 07:00:00,2023-10-19 07:15:00,1697698800,179.51,226.57,3.31,0.0,8,717.54,0,-101.28,9.947
ABUJA_OFFICE_DG1_and_DG2_1697699700_OFFICE-00980785,2023-10-19 07:15:00,2023-10-19 07:30:00,1697699700,176.62,226.57,2.89,0.0,8,717.79,0,-101.53,9.64
ABUJA_OFFICE_DG1_and_DG2_1697700600_OFFICE-00980785,2023-10-19 07:30:00,2023-10-19 07:45:00,1697700600,174.14,226.57,2.89,0.0,8,718.04,0,-101.78,10.476
ABUJA_OFFICE_DG1_and_DG2_1697701500_OFFICE-00980785,2023-10-19 07:45:00,2023-10-19 08:00:00,1697701500,170.01,226.57,4.13,0.0,8,718.29,0,-102.03,10.62
ABUJA_OFFICE_DG1_and_DG2_1697702400_OFFICE-00980785,2023-10-19 08:00:00,2023-10-19 08:15:00,1697702400,167.11,226.57,2.48,0.0,8,718.54,0,-102.28,11.395
ABUJA_OFFICE_DG1_and_DG2_1697703300_OFFICE-00980785,2023-10-19 08:15:00,2023-10-19 08:30:00,1697703300,162.98,226.57,4.55,0.0,8,718.79,0,-102.53,10.666
ABUJA_OFFICE_DG1_and_DG2_1697704200_OFFICE-00980785,2023-10-19 08:30:00,2023-10-19 08:45:00,1697704200,160.09,226.57,2.48,0.0,8,719.04,0,-102.78,11.808
ABUJA_OFFICE_DG1_and_DG2_1697705100_OFFICE-00980785,2023-10-19 08:45:00,2023-10-19 09:00:00,1697705100,156.79,226.57,3.30,0.0,8,719.29,0,-103.03,11.127
ABUJA_OFFICE_DG1_and_DG2_1697706000_OFFICE-00980785,2023-10-19 09:00:00,2023-10-19 09:15:00,1697706000,153.48,226.57,3.31,0.0,8,719.54,0,-103.28,11.186
ABUJA_OFFICE_DG1_and_DG2_1697706900_OFFICE-00980785,2023-10-19 09:15:00,2023-10-19 09:30:00,1697706900,149.76,226.57,4.13,0.0,8,719.79,0,-103.53,11.087
ABUJA_OFFICE_DG1_and_DG2_1697707800_OFFICE-00980785,2023-10-19 09:30:00,2023-10-19 09:45:00,1697707800,146.46,226.57,3.30,0.0,8,720.04,0,-103.78,10.652
ABUJA_OFFICE_DG1_and_DG2_1697708700_OFFICE-00980785,2023-10-19 09:45:00,2023-10-19 10:00:00,1697708700,144.39,226.57,2.07,0.0,8,720.29,0,-104.03,10.13
ABUJA_OFFICE_DG1_and_DG2_1697709600_OFFICE-00980785,2023-10-19 10:00:00,2023-10-19 10:15:00,1697709600,139.85,226.57,4.13,0.0,8,720.54,0,-104.28,10.279
ABUJA_OFFICE_DG1_and_DG2_1697710500_OFFICE-00980785,2023-10-19 10:15:00,2023-10-19 10:30:00,1697710500,137.37,226.57,2.89,0.0,8,720.79,0,-104.53,10.277
ABUJA_OFFICE_DG1_and_DG2_1697711400_OFFICE-00980785,2023-10-19 10:30:00,2023-10-19 10:45:00,1697711400,134.48,226.57,2.89,0.0,8,721.04,0,-104.78,10.229
ABUJA_OFFICE_DG1_and_DG2_1697712300_OFFICE-00980785,2023-10-19 10:45:00,2023-10-19 11:00:00,1697712300,130.76,226.57,3.31,0.0,8,721.29,0,-105.03,10.951
ABUJA_OFFICE_DG1_and_DG2_1697713200_OFFICE-00980785,2023-10-19 11:00:00,2023-10-19 11:15:00,1697713200,127.45,226.57,3.72,0.0,8,721.54,0,-105.28,10.114
ABUJA_OFFICE_DG1_and_DG2_1697714100_OFFICE-00980785,2023-10-19 11:15:00,2023-10-19 11:30:00,1697714100,124.15,226.57,2.89,0.0,8,721.79,0,-105.53,10.168
ABUJA_OFFICE_DG1_and_DG2_1697715000_OFFICE-00980785,2023-10-19 11:30:00,2023-10-19 11:45:00,1697715000,120.43,226.57,4.13,0.0,8,722.04,0,-105.78,10.108
ABUJA_OFFICE_DG1_and_DG2_1697715900_OFFICE-00980785,2023-10-19 11:45:00,2023-10-19 12:00:00,1697715900,117.95,226.57,2.48,0.0,8,722.29,0,-106.03,11.026
ABUJA_OFFICE_DG1_and_DG2_1697716800_OFFICE-00980785,2023-10-19 12:00:00,2023-10-19 12:15:00,1697716800,115.06,226.57,2.89,0.0,8,722.54,0,-106.28,11.397
ABUJA_OFFICE_DG1_and_DG2_1697717700_OFFICE-00980785,2023-10-19 12:15:00,2023-10-19 12:30:00,1697717700,113.41,223.78,1.65,2.71,8,722.54,0,-106.28,11.177
ABUJA_OFFICE_DG1_and_DG2_1697718600_OFFICE-00980785,2023-10-19 12:30:00,2023-10-19 12:45:00,1697718600,113.41,220.07,0.0,3.43,8,722.54,0,-106.28,11.253
ABUJA_OFFICE_DG1_and_DG2_1697719500_OFFICE-00980785,2023-10-19 12:45:00,2023-10-19 13:00:00,1697719500,113.41,216.49,0.0,3.54,8,722.54,0,-106.28,11.998
ABUJA_OFFICE_DG1_and_DG2_1697720400_OFFICE-00980785,2023-10-19 13:00:00,2023-10-19 13:15:00,1697720400,331.54,212.82,0.0,4.07,8,722.57,0,-106.31,13.182
ABUJA_OFFICE_DG1_and_DG2_1697721300_OFFICE-00980785,2023-10-19 13:15:00,2023-10-19 13:30:00,1697721300,329.89,372.82,1.65,0.36,8,722.74,0,-106.48,10.134
ABUJA_OFFICE_DG1_and_DG2_1697722200_OFFICE-00980785,2023-10-19 13:30:00,2023-10-19 13:45:00,1697722200,329.89,367.54,0.0,5.14,8,722.74,0,-106.48,11.813
ABUJA_OFFICE_DG1_and_DG2_1697723100_OFFICE-00980785,2023-10-19 13:45:00,2023-10-19 14:00:00,1697723100,329.89,363.91,0.0,3.71,8,722.74,0,-106.48,10.849
ABUJA_OFFICE_DG1_and_DG2_1697724000_OFFICE-00980785,2023-10-19 14:00:00,2023-10-19 14:15:00,1697724000,329.89,359.37,0.0,4.5,8,722.74,0,-106.48,10.264
ABUJA_OFFICE_DG1_and_DG2_1697724900_OFFICE-00980785,2023-10-19 14:15:00,2023-10-19 14:30:00,1697724900,329.89,356.1,0.0,3.39,8,722.74,0,-106.48,9.803
ABUJA_OFFICE_DG1_and_DG2_1697725800_OFFICE-00980785,2023-10-19 14:30:00,2023-10-19 14:45:00,1697725800,329.89,352.08,0.0,3.69,8,722.74,0,-106.48,8.387
ABUJA_OFFICE_DG1_and_DG2_1697726700_OFFICE-00980785,2023-10-19 14:45:00,2023-10-19 15:00:00,1697726700,329.89,349.93,0.0,2.47,8,722.74,0,-106.48,7.636
ABUJA_OFFICE_DG1_and_DG2_1697727600_OFFICE-00980785,2023-10-19 15:00:00,2023-10-19 15:15:00,1697727600,329.89,346.38,0.0,3.55,8,722.74,0,-106.48,8.355
ABUJA_OFFICE_DG1_and_DG2_1697728500_OFFICE-00980785,2023-10-19 15:15:00,2023-10-19 15:30:00,1697728500,329.89,343.47,0.0,2.27,8,722.74,0,-106.48,7.419
ABUJA_OFFICE_DG1_and_DG2_1697729400_OFFICE-00980785,2023-10-19 15:30:00,2023-10-19 15:45:00,1697729400,329.89,341.76,0.0,2.35,8,722.74,0,-106.48,6.394
ABUJA_OFFICE_DG1_and_DG2_1697730300_OFFICE-00980785,2023-10-19 15:45:00,2023-10-19 16:00:00,1697730300,329.89,339.73,0.0,1.87,8,722.74,0,-106.48,5.979
ABUJA_OFFICE_DG1_and_DG2_1697731200_OFFICE-00980785,2023-10-19 16:00:00,2023-10-19 16:15:00,1697731200,329.89,337.85,0.0,1.68,8,722.74,0,-106.48,5.079
ABUJA_OFFICE_DG1_and_DG2_1697732100_OFFICE-00980785,2023-10-19 16:15:00,2023-10-19 16:30:00,1697732100,329.89,335.5,0.0,2.23,8,722.74,0,-106.48,4.271
ABUJA_OFFICE_DG1_and_DG2_1697733000_OFFICE-00980785,2023-10-19 16:30:00,2023-10-19 16:45:00,1697733000,329.89,334.87,0.0,0.64,8,722.74,0,-106.48,4.162
ABUJA_OFFICE_DG1_and_DG2_1697733900_OFFICE-00980785,2023-10-19 16:45:00,2023-10-19 17:00:00,1697733900,329.89,332.56,0.0,2.47,8,722.74,0,-106.48,4.045
ABUJA_OFFICE_DG1_and_DG2_1697734800_OFFICE-00980785,2023-10-19 17:00:00,2023-10-19 17:15:00,1697734800,329.89,331.4,0.0,1.47,8,722.74,0,-106.48,4.367
ABUJA_OFFICE_DG1_and_DG2_1697735700_OFFICE-00980785,2023-10-19 17:15:00,2023-10-19 17:30:00,1697735700,329.89,328.93,0.0,2.46,8,722.74,0,-106.48,3.772
ABUJA_OFFICE_DG1_and_DG2_1697736600_OFFICE-00980785,2023-10-19 17:30:00,2023-10-19 17:45:00,1697736600,329.89,327.5,0.0,1.08,8,722.74,0,-106.48,3.655
ABUJA_OFFICE_DG1_and_DG2_1697737500_OFFICE-00980785,2023-10-19 17:45:00,2023-10-19 18:00:00,1697737500,329.89,326.7,0.0,1.07,8,722.74,0,-106.48,3.407
ABUJA_OFFICE_DG1_and_DG2_1697738400_OFFICE-00980785,2023-10-19 18:00:00,2023-10-19 18:15:00,1697738400,329.89,325.14,0.0,1.64,8,722.77,0,-106.51,3.304
ABUJA_OFFICE_DG1_and_DG2_1697739300_OFFICE-00980785,2023-10-19 18:15:00,2023-10-19 18:30:00,1697739300,328.65,324.83,1.24,0.31,8,723.02,0,-106.76,3.01
ABUJA_OFFICE_DG1_and_DG2_1697740200_OFFICE-00980785,2023-10-19 18:30:00,2023-10-19 18:45:00,1697740200,327.41,324.83,1.24,0.0,8,723.27,0,-107.01,2.991
ABUJA_OFFICE_DG1_and_DG2_1697741100_OFFICE-00980785,2023-10-19 18:45:00,2023-10-19 19:00:00,1697741100,325.35,324.83,2.06,0.0,8,723.52,0,-107.26,3.063
ABUJA_OFFICE_DG1_and_DG2_1697742000_OFFICE-00980785,2023-10-19 19:00:00,2023-10-19 19:15:00,1697742000,323.28,324.83,2.07,0.0,8,723.77,0,-107.51,2.925
ABUJA_OFFICE_DG1_and_DG2_1697742900_OFFICE-00980785,2023-10-19 19:15:00,2023-10-19 19:30:00,1697742900,321.21,324.83,2.07,0.0,8,724.02,0,-107.76,3.075
ABUJA_OFFICE_DG1_and_DG2_1697743800_OFFICE-00980785,2023-10-19 19:30:00,2023-10-19 19:45:00,1697743800,319.56,324.83,1.65,0.0,8,724.27,0,-108.01,3.057
ABUJA_OFFICE_DG1_and_DG2_1697744700_OFFICE-00980785,2023-10-19 19:45:00,2023-10-19 20:00:00,1697744700,317.5,324.83,2.06,0.0,8,724.52,0,-108.26,3.029
ABUJA_OFFICE_DG1_and_DG2_1697745600_OFFICE-00980785,2023-10-19 20:00:00,2023-10-19 20:15:00,1697745600,315.84,324.83,1.66,0.0,8,724.77,0,-108.51,3.056
ABUJA_OFFICE_DG1_and_DG2_1697746500_OFFICE-00980785,2023-10-19 20:15:00,2023-10-19 20:30:00,1697746500,314.19,324.83,1.65,0.0,8,725.02,0,-108.76,2.999
ABUJA_OFFICE_DG1_and_DG2_1697747400_OFFICE-00980785,2023-10-19 20:30:00,2023-10-19 20:45:00,1697747400,312.12,324.83,2.07,0.0,8,725.27,0,-109.01,2.945
ABUJA_OFFICE_DG1_and_DG2_1697748300_OFFICE-00980785,2023-10-19 20:45:00,2023-10-19 21:00:00,1697748300,311.3,324.83,0.82,0.0,8,725.52,0,-109.26,3.022
ABUJA_OFFICE_DG1_and_DG2_1697749200_OFFICE-00980785,2023-10-19 21:00:00,2023-10-19 21:15:00,1697749200,308.82,324.83,2.48,0.0,8,725.77,0,-109.51,3.174
ABUJA_OFFICE_DG1_and_DG2_1697750100_OFFICE-00980785,2023-10-19 21:15:00,2023-10-19 21:30:00,1697750100,307.99,324.83,0.41,0.0,8,726.02,0,-109.76,3.14
ABUJA_OFFICE_DG1_and_DG2_1697751000_OFFICE-00980785,2023-10-19 21:30:00,2023-10-19 21:45:00,1697751000,305.93,324.83,2.48,0.0,8,726.27,0,-110.01,2.813
ABUJA_OFFICE_DG1_and_DG2_1697751900_OFFICE-00980785,2023-10-19 21:45:00,2023-10-19 22:00:00,1697751900,304.28,324.83,1.65,0.0,8,726.52,0,-110.26,2.755
ABUJA_OFFICE_DG1_and_DG2_1697752800_OFFICE-00980785,2023-10-19 22:00:00,2023-10-19 22:15:00,1697752800,302.62,324.83,1.66,0.0,8,726.77,0,-110.51,2.682
ABUJA_OFFICE_DG1_and_DG2_1697753700_OFFICE-00980785,2023-10-19 22:15:00,2023-10-19 22:30:00,1697753700,300.97,324.83,1.24,0.0,8,727.02,0,-110.76,2.712
ABUJA_OFFICE_DG1_and_DG2_1697754600_OFFICE-00980785,2023-10-19 22:30:00,2023-10-19 22:45:00,1697754600,300.14,324.83,1.24,0.0,8,727.27,0,-111.01,2.68
ABUJA_OFFICE_DG1_and_DG2_1697755500_OFFICE-00980785,2023-10-19 22:45:00,2023-10-19 23:00:00,1697755500,297.67,324.83,2.47,0.0,8,727.52,0,-111.26,2.612
ABUJA_OFFICE_DG1_and_DG2_1697756400_OFFICE-00980785,2023-10-19 23:00:00,2023-10-19 23:15:00,1697756400,295.6,324.83,2.07,0.0,8,727.77,0,-111.51,2.728
ABUJA_OFFICE_DG1_and_DG2_1697757300_OFFICE-00980785,2023-10-19 23:15:00,2023-10-19 23:30:00,1697757300,294.77,324.83,0.83,0.0,8,728.02,0,-111.76,2.663
ABUJA_OFFICE_DG1_and_DG2_1697758200_OFFICE-00980785,2023-10-19 23:30:00,2023-10-19 23:45:00,1697758200,293.12,324.83,1.65,0.0,8,728.27,0,-112.01,2.601
ABUJA_OFFICE_DG1_and_DG2_1697759100_OFFICE-00980785,2023-10-19 23:45:00,2023-10-20 00:00:00,1697759100,291.06,324.83,2.06,0.0,8,728.52,0,-112.26,2.723
