key,start,end,epoch,tankl1,tankl2,deltal1,deltal2,hrs1,hrs2,deltahrs1,deltahrs2,GB1_kwh
OGOJA_GUEST_HOUSE_1702944000_HOUSE-00980AA3,2023-12-18 23:00:00,2023-12-18 23:15:00,1702944000,119.65,175.18,0.0,0.0,21736.97,8976.47,-21716.97,-8799.63,1.607
OGOJA_GUEST_HOUSE_1702944900_HOUSE-00980AA3,2023-12-18 23:15:00,2023-12-18 23:30:00,1702944900,119.65,175.18,0.0,0.0,21736.97,8976.47,-21716.97,-8799.63,1.409
OGOJA_GUEST_HOUSE_1702945800_HOUSE-00980AA3,2023-12-18 23:30:00,2023-12-18 23:45:00,1702945800,119.65,175.18,0.0,0.0,21736.97,8976.47,-21716.97,-8799.63,1.484
OGOJA_GUEST_HOUSE_1702946700_HOUSE-00980AA3,2023-12-18 23:45:00,2023-12-19 00:00:00,1702946700,119.65,175.18,0.0,0.0,21736.97,8976.47,-21716.97,-8799.63,1.333
OGOJA_GUEST_HOUSE_1702947600_HOUSE-00980AA3,2023-12-19 00:00:00,2023-12-19 00:15:00,1702947600,119.65,175.18,0.0,0.0,21736.97,8976.47,-21716.97,-8799.63,1.26
OGOJA_GUEST_HOUSE_1702948500_HOUSE-00980AA3,2023-12-19 00:15:00,2023-12-19 00:30:00,1702948500,119.65,175.18,0.0,0.0,21736.97,8976.47,-21716.97,-8799.63,1.388
OGOJA_GUEST_HOUSE_1702949400_HOUSE-00980AA3,2023-12-19 00:30:00,2023-12-19 00:45:00,1702949400,119.65,175.18,0.0,0.0,21736.97,8976.47,-21716.97,-8799.63,1.298
OGOJA_GUEST_HOUSE_1702950300_HOUSE-00980AA3,2023-12-19 00:45:00,2023-12-19 01:00:00,1702950300,119.65,175.18,0.0,0.0,21736.97,8976.47,-21716.97,-8799.63,1.366
OGOJA_GUEST_HOUSE_1702951200_HOUSE-00980AA3,2023-12-19 01:00:00,2023-12-19 01:15:00,1702951200,119.65,175.18,0.0,0.0,21736.97,8976.47,-21716.97,-8799.63,1.401
OGOJA_GUEST_HOUSE_1702952100_HOUSE-00980AA3,2023-12-19 01:15:00,2023-12-19 01:30:00,1702952100,119.65,175.18,0.0,0.0,21736.97,8976.47,-21716.97,-8799.63,1.354
OGOJA_GUEST_HOUSE_1702953000_HOUSE-00980AA3,2023-12-19 01:30:00,2023-12-19 01:45:00,1702953000,119.65,175.18,0.0,0.0,21736.97,8976.47,-21716.97,-8799.63,1.35
OGOJA_GUEST_HOUSE_1702953900_HOUSE-00980AA3,2023-12-19 01:45:00,2023-12-19 02:00:00,1702953900,119.65,175.18,0.0,0.0,21736.97,8976.47,-21716.97,-8799.63,1.199
OGOJA_GUEST_HOUSE_1702954800_HOUSE-00980AA3,2023-12-19 02:00:00,2023-12-19 02:15:00,1702954800,119.65,175.18,0.0,0.0,21736.97,8976.47,-21716.97,-8799.63,1.26
OGOJA_GUEST_HOUSE_1702955700_HOUSE-00980AA3,2023-12-19 02:15:00,2023-12-19 02:30:00,1702955700,119.65,175.18,0.0,0.0,21736.97,8976.47,-21716.97,-8799.63,1.205
OGOJA_GUEST_HOUSE_1702956600_HOUSE-00980AA3,2023-12-19 02:30:00,2023-12-19 02:45:00,1702956600,119.65,175.18,0.0,0.0,21736.97,8976.47,-21716.97,-8799.63,1.266
OGOJA_GUEST_HOUSE_1702957500_HOUSE-00980AA3,2023-12-19 02:45:00,2023-12-19 03:00:00,1702957500,119.65,175.18,0.0,0.0,21736.97,8976.47,-21716.97,-8799.63,1.26
OGOJA_GUEST_HOUSE_1702958400_HOUSE-00980AA3,2023-12-19 03:00:00,2023-12-19 03:15:00,1702958400,119.65,175.18,0.0,0.0,21736.97,8976.47,-21716.97,-8799.63,1.443
OGOJA_GUEST_HOUSE_1702959300_HOUSE-00980AA3,2023-12-19 03:15:00,2023-12-19 03:30:00,1702959300,119.65,175.18,0.0,0.0,21736.97,8976.47,-21716.97,-8799.63,1.248
OGOJA_GUEST_HOUSE_1702960200_HOUSE-00980AA3,2023-12-19 03:30:00,2023-12-19 03:45:00,1702960200,119.65,175.18,0.0,0.0,21736.97,8976.47,-21716.97,-8799.63,1.176
OGOJA_GUEST_HOUSE_1702961100_HOUSE-00980AA3,2023-12-19 03:45:00,2023-12-19 04:00:00,1702961100,119.65,175.18,0.0,0.0,21736.97,8976.47,-21716.97,-8799.63,1.161
OGOJA_GUEST_HOUSE_1702962000_HOUSE-00980AA3,2023-12-19 04:00:00,2023-12-19 04:15:00,1702962000,119.65,175.18,0.0,0.0,21736.97,8976.47,-21716.97,-8799.63,1.182
OGOJA_GUEST_HOUSE_1702962900_HOUSE-00980AA3,2023-12-19 04:15:00,2023-12-19 04:30:00,1702962900,119.65,175.18,0.0,0.0,21736.97,8976.47,-21716.97,-8799.63,1.31
OGOJA_GUEST_HOUSE_1702963800_HOUSE-00980AA3,2023-12-19 04:30:00,2023-12-19 04:45:00,1702963800,119.65,175.18,0.0,0.0,21736.97,8976.47,-21716.97,-8799.63,1.356
OGOJA_GUEST_HOUSE_1702964700_HOUSE-00980AA3,2023-12-19 04:45:00,2023-12-19 05:00:00,1702964700,119.65,175.18,0.0,0.0,21736.97,8976.47,-21716.97,-8799.63,1.733
OGOJA_GUEST_HOUSE_1702965600_HOUSE-00980AA3,2023-12-19 05:00:00,2023-12-19 05:15:00,1702965600,119.65,175.18,0.0,0.0,21736.97,8976.47,-21716.97,-8799.63,1.894
OGOJA_GUEST_HOUSE_1702966500_HOUSE-00980AA3,2023-12-19 05:15:00,2023-12-19 05:30:00,1702966500,119.65,175.18,0.0,0.0,21736.97,8976.47,-21716.97,-8799.63,1.359
OGOJA_GUEST_HOUSE_1702967400_HOUSE-00980AA3,2023-12-19 05:30:00,2023-12-19 05:45:00,1702967400,118.58,175.18,1.06,0.0,21737.2,8976.47,-21717.2,-8799.63,1.358
OGOJA_GUEST_HOUSE_1702968300_HOUSE-00980AA3,2023-12-19 05:45:00,2023-12-19 06:00:00,1702968300,117.51,175.18,1.06,0.0,21737.45,8976.47,-21717.45,-8799.63,1.427
OGOJA_GUEST_HOUSE_1702969200_HOUSE-00980AA3,2023-12-19 06:00:00,2023-12-19 06:15:00,1702969200,115.73,175.18,1.77,0.0,21737.7,8976.47,-21717.7,-8799.63,1.306
OGOJA_GUEST_HOUSE_1702970100_HOUSE-00980AA3,2023-12-19 06:15:00,2023-12-19 06:30:00,1702970100,114.66,175.18,1.06,0.0,21737.95,8976.47,-21717.95,-8799.63,1.36
OGOJA_GUEST_HOUSE_1702971000_HOUSE-00980AA3,2023-12-19 06:30:00,2023-12-19 06:45:00,1702971000,113.94,175.18,0.72,0.0,21738.2,8976.47,-21718.2,-8799.63,1.731
OGOJA_GUEST_HOUSE_1702971900_HOUSE-00980AA3,2023-12-19 06:45:00,2023-12-19 07:00:00,1702971900,112.87,175.18,1.06,0.0,21738.45,8976.47,-21718.45,-8799.63,1.283
OGOJA_GUEST_HOUSE_1702972800_HOUSE-00980AA3,2023-12-19 07:00:00,2023-12-19 07:15:00,1702972800,111.09,175.18,1.77,0.0,21738.7,8976.47,-21718.7,-8799.63,1.236
OGOJA_GUEST_HOUSE_1702973700_HOUSE-00980AA3,2023-12-19 07:15:00,2023-12-19 07:30:00,1702973700,109.66,175.18,1.42,0.0,21738.95,8976.47,-21718.95,-8799.63,2.326
OGOJA_GUEST_HOUSE_1702974600_HOUSE-00980AA3,2023-12-19 07:30:00,2023-12-19 07:45:00,1702974600,108.59,175.18,1.06,0.0,21739.2,8976.47,-21719.2,-8799.63,2.116
OGOJA_GUEST_HOUSE_1702975500_HOUSE-00980AA3,2023-12-19 07:45:00,2023-12-19 08:00:00,1702975500,106.81,175.18,1.77,0.0,21739.45,8976.47,-21719.45,-8799.63,1.966
OGOJA_GUEST_HOUSE_1702976400_HOUSE-00980AA3,2023-12-19 08:00:00,2023-12-19 08:15:00,1702976400,105.38,175.18,1.06,0.0,21739.71,8976.47,-21719.71,-8799.63,2.0
OGOJA_GUEST_HOUSE_1702977300_HOUSE-00980AA3,2023-12-19 08:15:00,2023-12-19 08:30:00,1702977300,103.95,175.18,1.78,0.0,21739.96,8976.47,-21719.96,-8799.63,1.67
OGOJA_GUEST_HOUSE_1702978200_HOUSE-00980AA3,2023-12-19 08:30:00,2023-12-19 08:45:00,1702978200,102.88,175.18,1.06,0.0,21740.21,8976.47,-21720.21,-8799.63,1.389
OGOJA_GUEST_HOUSE_1702979100_HOUSE-00980AA3,2023-12-19 08:45:00,2023-12-19 09:00:00,1702979100,102.52,175.18,0.36,0.0,21740.46,8976.47,-21720.46,-8799.63,1.488
OGOJA_GUEST_HOUSE_1702980000_HOUSE-00980AA3,2023-12-19 09:00:00,2023-12-19 09:15:00,1702980000,100.74,175.18,1.42,0.0,21740.71,8976.47,-21720.71,-8799.63,1.477
OGOJA_GUEST_HOUSE_1702980900_HOUSE-00980AA3,2023-12-19 09:15:00,2023-12-19 09:30:00,1702980900,99.31,175.18,1.78,0.0,21740.96,8976.47,-21720.96,-8799.63,1.496
OGOJA_GUEST_HOUSE_1702981800_HOUSE-00980AA3,2023-12-19 09:30:00,2023-12-19 09:45:00,1702981800,97.53,175.18,1.42,0.0,21741.21,8976.47,-21721.21,-8799.63,1.666
OGOJA_GUEST_HOUSE_1702982700_HOUSE-00980AA3,2023-12-19 09:45:00,2023-12-19 10:00:00,1702982700,96.81,175.18,1.08,0.0,21741.46,8976.47,-21721.46,-8799.63,1.705
OGOJA_GUEST_HOUSE_1702983600_HOUSE-00980AA3,2023-12-19 10:00:00,2023-12-19 10:15:00,1702983600,95.39,175.18,1.42,0.0,21741.71,8976.47,-21721.71,-8799.63,1.513
OGOJA_GUEST_HOUSE_1702984500_HOUSE-00980AA3,2023-12-19 10:15:00,2023-12-19 10:30:00,1702984500,93.96,175.18,1.42,0.0,21741.96,8976.47,-21721.96,-8799.63,1.354
OGOJA_GUEST_HOUSE_1702985400_HOUSE-00980AA3,2023-12-19 10:30:00,2023-12-19 10:45:00,1702985400,92.53,175.18,1.42,0.0,21742.21,8976.47,-21722.21,-8799.63,1.455
OGOJA_GUEST_HOUSE_1702986300_HOUSE-00980AA3,2023-12-19 10:45:00,2023-12-19 11:00:00,1702986300,91.46,175.18,0.71,0.0,21742.46,8976.47,-21722.46,-8799.63,1.691
OGOJA_GUEST_HOUSE_1702987200_HOUSE-00980AA3,2023-12-19 11:00:00,2023-12-19 11:15:00,1702987200,90.03,175.18,1.42,0.0,21742.71,8976.47,-21722.71,-8799.63,2.082
OGOJA_GUEST_HOUSE_1702988100_HOUSE-00980AA3,2023-12-19 11:15:00,2023-12-19 11:30:00,1702988100,88.61,175.18,1.77,0.0,21742.96,8976.47,-21722.96,-8799.63,2.032
OGOJA_GUEST_HOUSE_1702989000_HOUSE-00980AA3,2023-12-19 11:30:00,2023-12-19 11:45:00,1702989000,87.54,175.18,1.06,0.0,21743.21,8976.47,-21723.21,-8799.63,2.258
OGOJA_GUEST_HOUSE_1702989900_HOUSE-00980AA3,2023-12-19 11:45:00,2023-12-19 12:00:00,1702989900,86.11,175.18,1.06,0.0,21743.46,8976.47,-21723.46,-8799.63,1.987
OGOJA_GUEST_HOUSE_1702990800_HOUSE-00980AA3,2023-12-19 12:00:00,2023-12-19 12:15:00,1702990800,84.32,175.18,1.78,0.0,21743.71,8976.47,-21723.71,-8799.63,2.315
OGOJA_GUEST_HOUSE_1702991700_HOUSE-00980AA3,2023-12-19 12:15:00,2023-12-19 12:30:00,1702991700,82.9,175.18,1.42,0.0,21743.96,8976.47,-21723.96,-8799.63,2.542
OGOJA_GUEST_HOUSE_1702992600_HOUSE-00980AA3,2023-12-19 12:30:00,2023-12-19 12:45:00,1702992600,81.47,175.18,1.77,0.0,21744.21,8976.47,-21724.21,-8799.63,2.48
OGOJA_GUEST_HOUSE_1702993500_HOUSE-00980AA3,2023-12-19 12:45:00,2023-12-19 13:00:00,1702993500,79.69,175.18,1.42,0.0,21744.46,8976.47,-21724.46,-8799.63,2.304
OGOJA_GUEST_HOUSE_1702994400_HOUSE-00980AA3,2023-12-19 13:00:00,2023-12-19 13:15:00,1702994400,78.61,175.18,1.06,0.0,21744.71,8976.47,-21724.71,-8799.63,2.342
OGOJA_GUEST_HOUSE_1702995300_HOUSE-00980AA3,2023-12-19 13:15:00,2023-12-19 13:30:00,1702995300,77.19,175.18,1.77,0.0,21744.96,8976.47,-21724.96,-8799.63,2.161
OGOJA_GUEST_HOUSE_1702996200_HOUSE-00980AA3,2023-12-19 13:30:00,2023-12-19 13:45:00,1702996200,75.4,175.18,1.78,0.0,21745.21,8976.47,-21725.21,-8799.63,2.055
OGOJA_GUEST_HOUSE_1702997100_HOUSE-00980AA3,2023-12-19 13:45:00,2023-12-19 14:00:00,1702997100,74.33,175.18,1.06,0.0,21745.46,8976.47,-21725.46,-8799.63,2.007
OGOJA_GUEST_HOUSE_1702998000_HOUSE-00980AA3,2023-12-19 14:00:00,2023-12-19 14:15:00,1702998000,72.55,175.18,1.77,0.0,21745.71,8976.47,-21725.71,-8799.63,2.09
OGOJA_GUEST_HOUSE_1702998900_HOUSE-00980AA3,2023-12-19 14:15:00,2023-12-19 14:30:00,1702998900,72.19,175.18,0.36,0.0,21745.96,8976.47,-21725.96,-8799.63,1.97
OGOJA_GUEST_HOUSE_1702999800_HOUSE-00980AA3,2023-12-19 14:30:00,2023-12-19 14:45:00,1702999800,70.76,175.18,1.42,0.0,21746.21,8976.47,-21726.21,-8799.63,2.002
OGOJA_GUEST_HOUSE_1703000700_HOUSE-00980AA3,2023-12-19 14:45:00,2023-12-19 15:00:00,1703000700,68.62,175.18,1.77,0.0,21746.46,8976.47,-21726.46,-8799.63,1.87
OGOJA_GUEST_HOUSE_1703001600_HOUSE-00980AA3,2023-12-19 15:00:00,2023-12-19 15:15:00,1703001600,67.91,175.18,1.06,0.0,21746.71,8976.47,-21726.71,-8799.63,2.158
OGOJA_GUEST_HOUSE_1703002500_HOUSE-00980AA3,2023-12-19 15:15:00,2023-12-19 15:30:00,1703002500,66.48,175.18,1.42,0.0,21746.96,8976.47,-21726.96,-8799.63,2.344
OGOJA_GUEST_HOUSE_1703003400_HOUSE-00980AA3,2023-12-19 15:30:00,2023-12-19 15:45:00,1703003400,65.05,175.18,1.06,0.0,21747.21,8976.47,-21727.21,-8799.63,2.072
OGOJA_GUEST_HOUSE_1703004300_HOUSE-00980AA3,2023-12-19 15:45:00,2023-12-19 16:00:00,1703004300,63.98,175.18,1.42,0.0,21747.46,8976.47,-21727.46,-8799.63,2.441
OGOJA_GUEST_HOUSE_1703005200_HOUSE-00980AA3,2023-12-19 16:00:00,2023-12-19 16:15:00,1703005200,62.2,175.18,1.77,0.0,21747.71,8976.47,-21727.71,-8799.63,2.416
OGOJA_GUEST_HOUSE_1703006100_HOUSE-00980AA3,2023-12-19 16:15:00,2023-12-19 16:30:00,1703006100,60.77,175.18,1.42,0.0,21747.96,8976.47,-21727.96,-8799.63,2.053
OGOJA_GUEST_HOUSE_1703007000_HOUSE-00980AA3,2023-12-19 16:30:00,2023-12-19 16:45:00,1703007000,58.99,175.18,1.77,0.0,21748.21,8976.47,-21728.21,-8799.63,2.387
OGOJA_GUEST_HOUSE_1703007900_HOUSE-00980AA3,2023-12-19 16:45:00,2023-12-19 17:00:00,1703007900,57.92,175.18,0.72,0.0,21748.46,8976.47,-21728.46,-8799.63,3.2
OGOJA_GUEST_HOUSE_1703008800_HOUSE-00980AA3,2023-12-19 17:00:00,2023-12-19 17:15:00,1703008800,55.42,175.18,2.84,0.0,21748.71,8976.47,-21728.71,-8799.63,3.009
OGOJA_GUEST_HOUSE_1703009700_HOUSE-00980AA3,2023-12-19 17:15:00,2023-12-19 17:30:00,1703009700,53.99,175.18,1.42,0.0,21748.85,8976.47,-21728.85,-8799.63,2.939
OGOJA_GUEST_HOUSE_1703010600_HOUSE-00980AA3,2023-12-19 17:30:00,2023-12-19 17:45:00,1703010600,53.99,175.18,0.0,0.0,21748.85,8976.47,-21728.85,-8799.63,3.258
OGOJA_GUEST_HOUSE_1703011500_HOUSE-00980AA3,2023-12-19 17:45:00,2023-12-19 18:00:00,1703011500,53.99,175.18,0.0,0.0,21748.85,8976.47,-21728.85,-8799.63,2.905
OGOJA_GUEST_HOUSE_1703012400_HOUSE-00980AA3,2023-12-19 18:00:00,2023-12-19 18:15:00,1703012400,53.99,175.18,0.0,0.0,21748.85,8976.47,-21728.85,-8799.63,2.751
OGOJA_GUEST_HOUSE_1703013300_HOUSE-00980AA3,2023-12-19 18:15:00,2023-12-19 18:30:00,1703013300,53.99,175.18,0.0,0.0,21748.85,8976.47,-21728.85,-8799.63,2.735
OGOJA_GUEST_HOUSE_1703014200_HOUSE-00980AA3,2023-12-19 18:30:00,2023-12-19 18:45:00,1703014200,53.99,175.18,0.0,0.0,21748.85,8976.47,-21728.85,-8799.63,2.383
OGOJA_GUEST_HOUSE_1703015100_HOUSE-00980AA3,2023-12-19 18:45:00,2023-12-19 19:00:00,1703015100,53.99,175.18,0.0,0.0,21748.85,8976.47,-21728.85,-8799.63,2.539
OGOJA_GUEST_HOUSE_1703016000_HOUSE-00980AA3,2023-12-19 19:00:00,2023-12-19 19:15:00,1703016000,53.99,175.18,0.0,0.0,21748.85,8976.47,-21728.85,-8799.63,2.461
OGOJA_GUEST_HOUSE_1703016900_HOUSE-00980AA3,2023-12-19 19:15:00,2023-12-19 19:30:00,1703016900,53.99,175.18,0.0,0.0,21748.85,8976.47,-21728.85,-8799.63,2.411
OGOJA_GUEST_HOUSE_1703017800_HOUSE-00980AA3,2023-12-19 19:30:00,2023-12-19 19:45:00,1703017800,53.99,175.18,0.0,0.0,21748.85,8976.47,-21728.85,-8799.63,2.347
OGOJA_GUEST_HOUSE_1703018700_HOUSE-00980AA3,2023-12-19 19:45:00,2023-12-19 20:00:00,1703018700,53.99,175.18,0.0,0.0,21748.85,8976.47,-21728.85,-8799.63,2.285
OGOJA_GUEST_HOUSE_1703019600_HOUSE-00980AA3,2023-12-19 20:00:00,2023-12-19 20:15:00,1703019600,53.99,175.18,0.0,0.0,21748.85,8976.47,-21728.85,-8799.63,2.284
OGOJA_GUEST_HOUSE_1703020500_HOUSE-00980AA3,2023-12-19 20:15:00,2023-12-19 20:30:00,1703020500,53.99,175.18,0.0,0.0,21748.85,8976.47,-21728.85,-8799.63,2.348
OGOJA_GUEST_HOUSE_1703021400_HOUSE-00980AA3,2023-12-19 20:30:00,2023-12-19 20:45:00,1703021400,53.99,175.18,0.0,0.0,21748.85,8976.47,-21728.85,-8799.63,2.296
OGOJA_GUEST_HOUSE_1703022300_HOUSE-00980AA3,2023-12-19 20:45:00,2023-12-19 21:00:00,1703022300,53.99,175.18,0.0,0.0,21748.85,8976.47,-21728.85,-8799.63,2.166
OGOJA_GUEST_HOUSE_1703023200_HOUSE-00980AA3,2023-12-19 21:00:00,2023-12-19 21:15:00,1703023200,53.99,175.18,0.0,0.0,21748.85,8976.47,-21728.85,-8799.63,2.123
OGOJA_GUEST_HOUSE_1703024100_HOUSE-00980AA3,2023-12-19 21:15:00,2023-12-19 21:30:00,1703024100,53.99,175.18,0.0,0.0,21748.85,8976.47,-21728.85,-8799.63,2.013
OGOJA_GUEST_HOUSE_1703025000_HOUSE-00980AA3,2023-12-19 21:30:00,2023-12-19 21:45:00,1703025000,53.99,175.18,0.0,0.0,21748.85,8976.47,-21728.85,-8799.63,2.061
