key,start,end,epoch,tankl1,tankl2,deltal1,deltal2,hrs1,hrs2,deltahrs1,deltahrs2,GB1_kwh
ADIKPO_1705276800_OFFICE-00980AAF,2024-01-14 23:00:00,2024-01-14 23:15:00,1705276800,163.8,84.61,0.0,0.34,12507.68,11371.45,-12495.68,-10981.67,0.974
ADIKPO_1705277700_OFFICE-00980AAF,2024-01-14 23:15:00,2024-01-14 23:30:00,1705277700,163.8,83.59,0.0,1.02,12507.68,11371.7,-12495.68,-10981.92,0.924
ADIKPO_1705278600_OFFICE-00980AAF,2024-01-14 23:30:00,2024-01-14 23:45:00,1705278600,163.8,83.25,0.0,0.34,12507.68,11371.95,-12495.68,-10982.17,0.886
ADIKPO_1705279500_OFFICE-00980AAF,2024-01-14 23:45:00,2024-01-15 00:00:00,1705279500,163.8,83.25,0.0,0.0,12507.68,11372.2,-12495.68,-10982.42,0.876
ADIKPO_1705280400_OFFICE-00980AAF,2024-01-15 00:00:00,2024-01-15 00:15:00,1705280400,163.8,82.23,0.0,1.02,12507.68,11372.45,-12495.68,-10982.67,0.879
ADIKPO_1705281300_OFFICE-00980AAF,2024-01-15 00:15:00,2024-01-15 00:30:00,1705281300,163.8,81.89,0.0,0.34,12507.68,11372.7,-12495.68,-10982.92,0.869
ADIKPO_1705282200_OFFICE-00980AAF,2024-01-15 00:30:00,2024-01-15 00:45:00,1705282200,163.8,80.86,0.0,1.03,12507.68,11372.95,-12495.68,-10983.17,0.862
ADIKPO_1705283100_OFFICE-00980AAF,2024-01-15 00:45:00,2024-01-15 01:00:00,1705283100,163.8,79.5,0.0,1.36,12507.68,11373.2,-12495.68,-10983.42,0.878
ADIKPO_1705284000_OFFICE-00980AAF,2024-01-15 01:00:00,2024-01-15 01:15:00,1705284000,163.8,79.5,0.0,0.0,12507.68,11373.45,-12495.68,-10983.67,0.835
ADIKPO_1705284900_OFFICE-00980AAF,2024-01-15 01:15:00,2024-01-15 01:30:00,1705284900,163.8,78.82,0.0,0.68,12507.68,11373.7,-12495.68,-10983.92,0.869
ADIKPO_1705285800_OFFICE-00980AAF,2024-01-15 01:30:00,2024-01-15 01:45:00,1705285800,163.8,78.48,0.0,0.34,12507.68,11373.95,-12495.68,-10984.17,0.853
ADIKPO_1705286700_OFFICE-00980AAF,2024-01-15 01:45:00,2024-01-15 02:00:00,1705286700,163.43,77.45,0.37,1.03,12507.68,11374.2,-12495.68,-10984.42,0.852
ADIKPO_1705287600_OFFICE-00980AAF,2024-01-15 02:00:00,2024-01-15 02:15:00,1705287600,163.43,76.43,0.0,1.02,12507.68,11374.45,-12495.68,-10984.67,0.882
ADIKPO_1705288500_OFFICE-00980AAF,2024-01-15 02:15:00,2024-01-15 02:30:00,1705288500,163.43,76.09,0.0,2.05,12507.68,11374.7,-12495.68,-10984.92,0.851
ADIKPO_1705289400_OFFICE-00980AAF,2024-01-15 02:30:00,2024-01-15 02:45:00,1705289400,162.69,75.07,0.74,1.02,12507.68,11374.95,-12495.68,-10985.17,0.871
ADIKPO_1705290300_OFFICE-00980AAF,2024-01-15 02:45:00,2024-01-15 03:00:00,1705290300,162.69,75.07,0.0,0.0,12507.68,11375.2,-12495.68,-10985.42,0.866
ADIKPO_1705291200_OFFICE-00980AAF,2024-01-15 03:00:00,2024-01-15 03:15:00,1705291200,162.69,74.05,0.0,1.02,12507.68,11375.45,-12495.68,-10985.67,0.844
ADIKPO_1705292100_OFFICE-00980AAF,2024-01-15 03:15:00,2024-01-15 03:30:00,1705292100,162.69,74.05,0.0,0.0,12507.68,11375.7,-12495.68,-10985.92,0.847
ADIKPO_1705293000_OFFICE-00980AAF,2024-01-15 03:30:00,2024-01-15 03:45:00,1705293000,162.69,73.7,0.0,0.35,12507.68,11375.95,-12495.68,-10986.17,0.839
ADIKPO_1705293900_OFFICE-00980AAF,2024-01-15 03:45:00,2024-01-15 04:00:00,1705293900,162.69,72.34,0.0,1.02,12507.68,11376.2,-12495.68,-10986.42,0.892
ADIKPO_1705294800_OFFICE-00980AAF,2024-01-15 04:00:00,2024-01-15 04:15:00,1705294800,162.32,71.32,0.37,1.36,12507.68,11376.45,-12495.68,-10986.67,0.834
ADIKPO_1705295700_OFFICE-00980AAF,2024-01-15 04:15:00,2024-01-15 04:30:00,1705295700,162.32,70.98,0.0,0.34,12507.68,11376.7,-12495.68,-10986.92,0.893
ADIKPO_1705296600_OFFICE-00980AAF,2024-01-15 04:30:00,2024-01-15 04:45:00,1705296600,162.32,69.95,0.0,1.03,12507.68,11376.95,-12495.68,-10987.17,0.9
ADIKPO_1705297500_OFFICE-00980AAF,2024-01-15 04:45:00,2024-01-15 05:00:00,1705297500,162.32,69.61,0.0,0.34,12507.68,11377.2,-12495.68,-10987.42,0.869
ADIKPO_1705298400_OFFICE-00980AAF,2024-01-15 05:00:00,2024-01-15 05:15:00,1705298400,162.32,68.25,0.0,1.36,12507.74,11377.43,-12495.74,-10987.65,0.903
ADIKPO_1705299300_OFFICE-00980AAF,2024-01-15 05:15:00,2024-01-15 05:30:00,1705299300,161.95,68.25,2.58,0.0,12507.98,11377.43,-12495.98,-10987.65,1.162
ADIKPO_1705300200_OFFICE-00980AAF,2024-01-15 05:30:00,2024-01-15 05:45:00,1705300200,160.11,68.25,1.84,0.0,12508.24,11377.43,-12496.24,-10987.65,1.296
ADIKPO_1705301100_OFFICE-00980AAF,2024-01-15 05:45:00,2024-01-15 06:00:00,1705301100,159.74,68.25,0.37,0.0,12508.48,11377.43,-12496.48,-10987.65,1.304
ADIKPO_1705302000_OFFICE-00980AAF,2024-01-15 06:00:00,2024-01-15 06:15:00,1705302000,156.06,68.25,3.31,0.0,12508.74,11377.43,-12496.74,-10987.65,1.474
ADIKPO_1705302900_OFFICE-00980AAF,2024-01-15 06:15:00,2024-01-15 06:30:00,1705302900,153.48,68.25,2.58,0.0,12508.98,11377.43,-12496.98,-10987.65,1.779
ADIKPO_1705303800_OFFICE-00980AAF,2024-01-15 06:30:00,2024-01-15 06:45:00,1705303800,152.38,68.25,1.47,0.0,12509.24,11377.43,-12497.24,-10987.65,1.887
ADIKPO_1705304700_OFFICE-00980AAF,2024-01-15 06:45:00,2024-01-15 07:00:00,1705304700,150.54,68.25,1.83,0.0,12509.49,11377.43,-12497.49,-10987.65,1.865
ADIKPO_1705305600_OFFICE-00980AAF,2024-01-15 07:00:00,2024-01-15 07:15:00,1705305600,148.33,68.25,1.83,0.0,12509.74,11377.43,-12497.74,-10987.65,1.682
ADIKPO_1705306500_OFFICE-00980AAF,2024-01-15 07:15:00,2024-01-15 07:30:00,1705306500,147.59,68.25,1.10,0.0,12509.99,11377.43,-12497.99,-10987.65,1.669
ADIKPO_1705307400_OFFICE-00980AAF,2024-01-15 07:30:00,2024-01-15 07:45:00,1705307400,146.49,68.25,1.1,0.0,12510.24,11377.43,-12498.24,-10987.65,1.66
ADIKPO_1705308300_OFFICE-00980AAF,2024-01-15 07:45:00,2024-01-15 08:00:00,1705308300,144.65,68.25,1.83,0.0,12510.49,11377.43,-12498.49,-10987.65,1.696
ADIKPO_1705309200_OFFICE-00980AAF,2024-01-15 08:00:00,2024-01-15 08:15:00,1705309200,143.17,68.25,1.48,0.0,12510.74,11377.43,-12498.74,-10987.65,1.925
ADIKPO_1705310100_OFFICE-00980AAF,2024-01-15 08:15:00,2024-01-15 08:30:00,1705310100,140.96,68.25,2.21,0.0,12510.99,11377.43,-12498.99,-10987.65,1.779
ADIKPO_1705311000_OFFICE-00980AAF,2024-01-15 08:30:00,2024-01-15 08:45:00,1705311000,140.23,68.25,0.73,0.0,12511.24,11377.43,-12499.24,-10987.65,1.784
ADIKPO_1705311900_OFFICE-00980AAF,2024-01-15 08:45:00,2024-01-15 09:00:00,1705311900,139.49,68.25,0.37,0.0,12511.49,11377.43,-12499.49,-10987.65,1.963
ADIKPO_1705312800_OFFICE-00980AAF,2024-01-15 09:00:00,2024-01-15 09:15:00,1705312800,136.91,68.25,2.95,0.0,12511.74,11377.43,-12499.74,-10987.65,1.99
ADIKPO_1705313700_OFFICE-00980AAF,2024-01-15 09:15:00,2024-01-15 09:30:00,1705313700,135.44,68.25,1.1,0.0,12511.99,11377.43,-12499.99,-10987.65,1.942
ADIKPO_1705314600_OFFICE-00980AAF,2024-01-15 09:30:00,2024-01-15 09:45:00,1705314600,133.23,67.91,1.83,0.34,12512.24,11377.43,-12500.24,-10987.65,2.007
ADIKPO_1705315500_OFFICE-00980AAF,2024-01-15 09:45:00,2024-01-15 10:00:00,1705315500,133.23,67.91,0.74,0.0,12512.49,11377.43,-12500.49,-10987.65,2.178
ADIKPO_1705316400_OFFICE-00980AAF,2024-01-15 10:00:00,2024-01-15 10:15:00,1705316400,131.76,67.91,1.46,0.0,12512.74,11377.43,-12500.74,-10987.65,2.306
ADIKPO_1705317300_OFFICE-00980AAF,2024-01-15 10:15:00,2024-01-15 10:30:00,1705317300,130.28,67.91,1.48,0.0,12512.99,11377.43,-12500.99,-10987.65,2.361
ADIKPO_1705318200_OFFICE-00980AAF,2024-01-15 10:30:00,2024-01-15 10:45:00,1705318200,128.81,67.91,1.47,0.0,12513.24,11377.43,-12501.24,-10987.65,2.206
ADIKPO_1705319100_OFFICE-00980AAF,2024-01-15 10:45:00,2024-01-15 11:00:00,1705319100,128.81,67.91,0.0,0.0,12513.49,11377.43,-12501.49,-10987.65,2.097
ADIKPO_1705320000_OFFICE-00980AAF,2024-01-15 11:00:00,2024-01-15 11:15:00,1705320000,126.23,67.91,2.58,0.0,12513.74,11377.43,-12501.74,-10987.65,2.249
ADIKPO_1705320900_OFFICE-00980AAF,2024-01-15 11:15:00,2024-01-15 11:30:00,1705320900,125.13,67.91,1.1,0.0,12513.99,11377.43,-12501.99,-10987.65,2.312
ADIKPO_1705321800_OFFICE-00980AAF,2024-01-15 11:30:00,2024-01-15 11:45:00,1705321800,124.02,67.91,0.74,0.0,12514.24,11377.43,-12502.24,-10987.65,2.446
ADIKPO_1705322700_OFFICE-00980AAF,2024-01-15 11:45:00,2024-01-15 12:00:00,1705322700,122.55,67.91,1.83,0.0,12514.49,11377.43,-12502.49,-10987.65,2.425
ADIKPO_1705323600_OFFICE-00980AAF,2024-01-15 12:00:00,2024-01-15 12:15:00,1705323600,121.08,67.91,1.46,0.0,12514.74,11377.43,-12502.74,-10987.65,2.538
ADIKPO_1705324500_OFFICE-00980AAF,2024-01-15 12:15:00,2024-01-15 12:30:00,1705324500,119.6,67.91,1.48,0.0,12514.99,11377.43,-12502.99,-10987.65,2.453
ADIKPO_1705325400_OFFICE-00980AAF,2024-01-15 12:30:00,2024-01-15 12:45:00,1705325400,118.5,67.91,1.1,0.0,12515.24,11377.43,-12503.24,-10987.65,2.436
ADIKPO_1705326300_OFFICE-00980AAF,2024-01-15 12:45:00,2024-01-15 13:00:00,1705326300,116.29,67.91,1.83,0.0,12515.5,11377.43,-12503.5,-10987.65,2.628
ADIKPO_1705327200_OFFICE-00980AAF,2024-01-15 13:00:00,2024-01-15 13:15:00,1705327200,115.55,67.91,1.10,0.0,12515.74,11377.43,-12503.74,-10987.65,2.685
ADIKPO_1705328100_OFFICE-00980AAF,2024-01-15 13:15:00,2024-01-15 13:30:00,1705328100,113.34,67.91,2.21,0.0,12516,11377.43,-12504,-10987.65,2.854
ADIKPO_1705329000_OFFICE-00980AAF,2024-01-15 13:30:00,2024-01-15 13:45:00,1705329000,112.97,67.91,0.37,0.0,12516.24,11377.43,-12504.24,-10987.65,2.733
ADIKPO_1705329900_OFFICE-00980AAF,2024-01-15 13:45:00,2024-01-15 14:00:00,1705329900,110.76,67.91,1.84,0.0,12516.5,11377.43,-12504.5,-10987.65,2.634
ADIKPO_1705330800_OFFICE-00980AAF,2024-01-15 14:00:00,2024-01-15 14:15:00,1705330800,109.29,67.91,1.84,0.0,12516.74,11377.43,-12504.74,-10987.65,2.507
ADIKPO_1705331700_OFFICE-00980AAF,2024-01-15 14:15:00,2024-01-15 14:30:00,1705331700,108.92,67.91,0.37,0.0,12517,11377.43,-12505,-10987.65,2.332
ADIKPO_1705332600_OFFICE-00980AAF,2024-01-15 14:30:00,2024-01-15 14:45:00,1705332600,107.08,67.91,1.84,0.0,12517.24,11377.43,-12505.24,-10987.65,2.176
ADIKPO_1705333500_OFFICE-00980AAF,2024-01-15 14:45:00,2024-01-15 15:00:00,1705333500,105.61,67.91,1.1,0.0,12517.5,11377.43,-12505.5,-10987.65,2.305
ADIKPO_1705334400_OFFICE-00980AAF,2024-01-15 15:00:00,2024-01-15 15:15:00,1705334400,105.61,67.91,0.37,0.0,12517.74,11377.43,-12505.74,-10987.65,2.309
ADIKPO_1705335300_OFFICE-00980AAF,2024-01-15 15:15:00,2024-01-15 15:30:00,1705335300,104.87,67.91,0.74,0.0,12518,11377.43,-12506,-10987.65,2.155
ADIKPO_1705336200_OFFICE-00980AAF,2024-01-15 15:30:00,2024-01-15 15:45:00,1705336200,103.77,67.91,1.1,0.0,12518.25,11377.43,-12506.25,-10987.65,1.878
ADIKPO_1705337100_OFFICE-00980AAF,2024-01-15 15:45:00,2024-01-15 16:00:00,1705337100,103.03,67.91,0.74,0.0,12518.5,11377.43,-12506.5,-10987.65,1.677
ADIKPO_1705338000_OFFICE-00980AAF,2024-01-15 16:00:00,2024-01-15 16:15:00,1705338000,101.92,67.91,1.10,0.0,12518.75,11377.43,-12506.75,-10987.65,1.666
ADIKPO_1705338900_OFFICE-00980AAF,2024-01-15 16:15:00,2024-01-15 16:30:00,1705338900,101.56,67.91,0.36,0.0,12519,11377.43,-12507,-10987.65,1.662
ADIKPO_1705339800_OFFICE-00980AAF,2024-01-15 16:30:00,2024-01-15 16:45:00,1705339800,99.72,67.91,1.83,0.0,12519.25,11377.43,-12507.25,-10987.65,1.705
ADIKPO_1705340700_OFFICE-00980AAF,2024-01-15 16:45:00,2024-01-15 17:00:00,1705340700,98.98,67.91,0.74,0.0,12519.5,11377.43,-12507.5,-10987.65,1.438
ADIKPO_1705341600_OFFICE-00980AAF,2024-01-15 17:00:00,2024-01-15 17:15:00,1705341600,98.24,67.91,0.74,0.0,12519.75,11377.43,-12507.75,-10987.65,1.442
ADIKPO_1705342500_OFFICE-00980AAF,2024-01-15 17:15:00,2024-01-15 17:30:00,1705342500,97.87,67.91,0.37,0.0,12520,11377.43,-12508,-10987.65,1.438
ADIKPO_1705343400_OFFICE-00980AAF,2024-01-15 17:30:00,2024-01-15 17:45:00,1705343400,96.4,67.91,1.47,0.0,12520.25,11377.43,-12508.25,-10987.65,1.523
ADIKPO_1705344300_OFFICE-00980AAF,2024-01-15 17:45:00,2024-01-15 18:00:00,1705344300,96.03,67.91,0.37,0.0,12520.5,11377.43,-12508.5,-10987.65,1.578
ADIKPO_1705345200_OFFICE-00980AAF,2024-01-15 18:00:00,2024-01-15 18:15:00,1705345200,94.56,67.91,1.47,0.0,12520.75,11377.43,-12508.75,-10987.65,1.719
ADIKPO_1705346100_OFFICE-00980AAF,2024-01-15 18:15:00,2024-01-15 18:30:00,1705346100,94.19,67.91,0.37,0.0,12521,11377.43,-12509,-10987.65,1.593
ADIKPO_1705347000_OFFICE-00980AAF,2024-01-15 18:30:00,2024-01-15 18:45:00,1705347000,93.45,67.91,0.74,0.0,12521.25,11377.43,-12509.25,-10987.65,1.446
ADIKPO_1705347900_OFFICE-00980AAF,2024-01-15 18:45:00,2024-01-15 19:00:00,1705347900,91.98,67.91,1.47,0.0,12521.5,11377.43,-12509.5,-10987.65,1.374
ADIKPO_1705348800_OFFICE-00980AAF,2024-01-15 19:00:00,2024-01-15 19:15:00,1705348800,91.61,67.91,0.37,0.0,12521.75,11377.43,-12509.75,-10987.65,1.417
ADIKPO_1705349700_OFFICE-00980AAF,2024-01-15 19:15:00,2024-01-15 19:30:00,1705349700,90.51,67.91,1.1,0.0,12522,11377.43,-12510,-10987.65,1.375
ADIKPO_1705350600_OFFICE-00980AAF,2024-01-15 19:30:00,2024-01-15 19:45:00,1705350600,89.77,67.91,0.74,0.0,12522.25,11377.43,-12510.25,-10987.65,1.379
ADIKPO_1705351500_OFFICE-00980AAF,2024-01-15 19:45:00,2024-01-15 20:00:00,1705351500,89.03,67.91,0.74,0.0,12522.5,11377.43,-12510.5,-10987.65,1.295
ADIKPO_1705352400_OFFICE-00980AAF,2024-01-15 20:00:00,2024-01-15 20:15:00,1705352400,87.93,69.61,0.73,0.34,12522.73,11377.43,-12510.73,-10987.65,1.229
ADIKPO_1705353300_OFFICE-00980AAF,2024-01-15 20:15:00,2024-01-15 20:30:00,1705353300,87.19,69.61,1.10,0.0,12522.98,11377.43,-12510.98,-10987.65,1.25
ADIKPO_1705354200_OFFICE-00980AAF,2024-01-15 20:30:00,2024-01-15 20:45:00,1705354200,86.83,69.61,0.36,0.0,12523.24,11377.43,-12511.24,-10987.65,1.216
ADIKPO_1705355100_OFFICE-00980AAF,2024-01-15 20:45:00,2024-01-15 21:00:00,1705355100,85.72,69.61,1.10,0.0,12523.49,11377.43,-12511.49,-10987.65,1.221
ADIKPO_1705356000_OFFICE-00980AAF,2024-01-15 21:00:00,2024-01-15 21:15:00,1705356000,84.98,69.61,0.37,0.0,12523.74,11377.43,-12511.74,-10987.65,1.17
ADIKPO_1705356900_OFFICE-00980AAF,2024-01-15 21:15:00,2024-01-15 21:30:00,1705356900,83.88,69.61,1.47,0.0,12523.99,11377.43,-12511.99,-10987.65,1.21
ADIKPO_1705357800_OFFICE-00980AAF,2024-01-15 21:30:00,2024-01-15 21:45:00,1705357800,83.14,69.61,0.74,0.0,12524.24,11377.43,-12512.24,-10987.65,1.118
ADIKPO_1705358700_OFFICE-00980AAF,2024-01-15 21:45:00,2024-01-15 22:00:00,1705358700,82.41,69.61,0.37,0.0,12524.49,11377.43,-12512.49,-10987.65,1.121
ADIKPO_1705359600_OFFICE-00980AAF,2024-01-15 22:00:00,2024-01-15 22:15:00,1705359600,82.04,69.61,0.73,0.0,12524.74,11377.43,-12512.74,-10987.65,1.12
ADIKPO_1705360500_OFFICE-00980AAF,2024-01-15 22:15:00,2024-01-15 22:30:00,1705360500,81.3,69.61,0.37,0.0,12524.99,11377.43,-12512.99,-10987.65,1.136
ADIKPO_1705361400_OFFICE-00980AAF,2024-01-15 22:30:00,2024-01-15 22:45:00,1705361400,80.56,69.61,1.10,0.0,12525.24,11377.43,-12513.24,-10987.65,1.109
ADIKPO_1705362300_OFFICE-00980AAF,2024-01-15 22:45:00,2024-01-15 23:00:00,1705362300,79.83,69.61,0.73,0.0,12525.49,11377.43,-12513.49,-10987.65,1.092
