key,start,end,epoch,tankl1,tankl2,deltal1,deltal2,hrs1,hrs2,deltahrs1,deltahrs2,GB1_kwh
ADIKPO_1705017600_OFFICE-00980AAF,2024-01-11 23:00:00,2024-01-11 23:15:00,1705017600,83.51,112.91,1.84,0.0,12492.73,11313.29,-12480.73,-10923.51,1.003
ADIKPO_1705018500_OFFICE-00980AAF,2024-01-11 23:15:00,2024-01-11 23:30:00,1705018500,82.77,112.91,0.74,0.0,12492.98,11313.29,-12480.98,-10923.51,1.007
ADIKPO_1705019400_OFFICE-00980AAF,2024-01-11 23:30:00,2024-01-11 23:45:00,1705019400,82.04,112.91,0.73,0.0,12493.23,11313.29,-12481.23,-10923.51,1.013
ADIKPO_1705020300_OFFICE-00980AAF,2024-01-11 23:45:00,2024-01-12 00:00:00,1705020300,81.67,112.91,0.37,0.0,12493.48,11313.29,-12481.48,-10923.51,1.032
ADIKPO_1705021200_OFFICE-00980AAF,2024-01-12 00:00:00,2024-01-12 00:15:00,1705021200,80.56,112.91,1.10,0.0,12493.73,11313.29,-12481.73,-10923.51,1.043
ADIKPO_1705022100_OFFICE-00980AAF,2024-01-12 00:15:00,2024-01-12 00:30:00,1705022100,79.83,112.91,0.73,0.0,12493.98,11313.29,-12481.98,-10923.51,0.987
ADIKPO_1705023000_OFFICE-00980AAF,2024-01-12 00:30:00,2024-01-12 00:45:00,1705023000,78.72,112.91,1.10,0.0,12494.23,11313.29,-12482.23,-10923.51,0.994
ADIKPO_1705023900_OFFICE-00980AAF,2024-01-12 00:45:00,2024-01-12 01:00:00,1705023900,78.35,112.91,0.37,0.0,12494.48,11313.29,-12482.48,-10923.51,0.978
ADIKPO_1705024800_OFFICE-00980AAF,2024-01-12 01:00:00,2024-01-12 01:15:00,1705024800,77.62,112.91,0.36,0.0,12494.73,11313.29,-12482.73,-10923.51,0.969
ADIKPO_1705025700_OFFICE-00980AAF,2024-01-12 01:15:00,2024-01-12 01:30:00,1705025700,76.51,112.91,1.48,0.0,12494.98,11313.29,-12482.98,-10923.51,0.993
ADIKPO_1705026600_OFFICE-00980AAF,2024-01-12 01:30:00,2024-01-12 01:45:00,1705026600,76.15,112.91,0.36,0.0,12495.23,11313.29,-12483.23,-10923.51,0.978
ADIKPO_1705027500_OFFICE-00980AAF,2024-01-12 01:45:00,2024-01-12 02:00:00,1705027500,75.41,112.91,0.74,0.0,12495.48,11313.29,-12483.48,-10923.51,1.013
ADIKPO_1705028400_OFFICE-00980AAF,2024-01-12 02:00:00,2024-01-12 02:15:00,1705028400,74.67,112.91,0.74,0.0,12495.73,11313.29,-12483.73,-10923.51,0.987
ADIKPO_1705029300_OFFICE-00980AAF,2024-01-12 02:15:00,2024-01-12 02:30:00,1705029300,73.57,112.91,1.1,0.0,12495.98,11313.29,-12483.98,-10923.51,0.975
ADIKPO_1705030200_OFFICE-00980AAF,2024-01-12 02:30:00,2024-01-12 02:45:00,1705030200,72.46,112.91,1.10,0.0,12496.23,11313.29,-12484.23,-10923.51,0.972
ADIKPO_1705031100_OFFICE-00980AAF,2024-01-12 02:45:00,2024-01-12 03:00:00,1705031100,71.73,112.91,0.73,0.0,12496.48,11313.29,-12484.48,-10923.51,0.994
ADIKPO_1705032000_OFFICE-00980AAF,2024-01-12 03:00:00,2024-01-12 03:15:00,1705032000,71.36,112.91,0.37,0.0,12496.73,11313.29,-12484.73,-10923.51,1.079
ADIKPO_1705032900_OFFICE-00980AAF,2024-01-12 03:15:00,2024-01-12 03:30:00,1705032900,70.62,112.91,0.74,0.0,12496.98,11313.29,-12484.98,-10923.51,0.956
ADIKPO_1705033800_OFFICE-00980AAF,2024-01-12 03:30:00,2024-01-12 03:45:00,1705033800,69.52,112.91,0.74,0.0,12497.23,11313.29,-12485.23,-10923.51,0.999
ADIKPO_1705034700_OFFICE-00980AAF,2024-01-12 03:45:00,2024-01-12 04:00:00,1705034700,68.41,112.91,1.47,0.0,12497.48,11313.29,-12485.48,-10923.51,0.977
ADIKPO_1705035600_OFFICE-00980AAF,2024-01-12 04:00:00,2024-01-12 04:15:00,1705035600,68.04,112.91,0.37,0.0,12497.73,11313.29,-12485.73,-10923.51,0.956
ADIKPO_1705036500_OFFICE-00980AAF,2024-01-12 04:15:00,2024-01-12 04:30:00,1705036500,67.67,112.91,0.37,0.0,12497.98,11313.29,-12485.98,-10923.51,0.941
ADIKPO_1705037400_OFFICE-00980AAF,2024-01-12 04:30:00,2024-01-12 04:45:00,1705037400,66.57,112.91,1.1,0.0,12498.23,11313.29,-12486.23,-10923.51,0.916
ADIKPO_1705038300_OFFICE-00980AAF,2024-01-12 04:45:00,2024-01-12 05:00:00,1705038300,65.47,114.95,0.74,0.0,12498.48,11313.29,-12486.48,-10923.51,0.945
ADIKPO_1705039200_OFFICE-00980AAF,2024-01-12 05:00:00,2024-01-12 05:15:00,1705039200,64.36,114.27,1.47,0.68,12498.73,11313.29,-12486.73,-10923.51,0.876
ADIKPO_1705040100_OFFICE-00980AAF,2024-01-12 05:15:00,2024-01-12 05:30:00,1705040100,63.62,114.27,0.74,0.0,12498.98,11313.29,-12486.98,-10923.51,0.894
ADIKPO_1705041000_OFFICE-00980AAF,2024-01-12 05:30:00,2024-01-12 05:45:00,1705041000,63.26,114.27,0.36,0.0,12499.23,11313.29,-12487.23,-10923.51,0.904
ADIKPO_1705041900_OFFICE-00980AAF,2024-01-12 05:45:00,2024-01-12 06:00:00,1705041900,62.15,114.27,1.10,0.0,12499.48,11313.29,-12487.48,-10923.51,0.919
ADIKPO_1705042800_OFFICE-00980AAF,2024-01-12 06:00:00,2024-01-12 06:15:00,1705042800,61.41,114.27,0.74,0.0,12499.73,11313.29,-12487.73,-10923.51,1.1
ADIKPO_1705043700_OFFICE-00980AAF,2024-01-12 06:15:00,2024-01-12 06:30:00,1705043700,60.68,114.27,0.73,0.0,12499.98,11313.29,-12487.98,-10923.51,1.254
ADIKPO_1705044600_OFFICE-00980AAF,2024-01-12 06:30:00,2024-01-12 06:45:00,1705044600,59.94,114.27,0.74,0.0,12500.23,11313.29,-12488.23,-10923.51,1.33
ADIKPO_1705045500_OFFICE-00980AAF,2024-01-12 06:45:00,2024-01-12 07:00:00,1705045500,59.2,114.27,0.74,0.0,12500.48,11313.29,-12488.48,-10923.51,1.445
ADIKPO_1705046400_OFFICE-00980AAF,2024-01-12 07:00:00,2024-01-12 07:15:00,1705046400,57.73,114.27,1.1,0.0,12500.73,11313.29,-12488.73,-10923.51,1.437
ADIKPO_1705047300_OFFICE-00980AAF,2024-01-12 07:15:00,2024-01-12 07:30:00,1705047300,57.36,114.27,0.74,7.83,12500.98,11313.32,-12488.98,-10923.54,1.373
ADIKPO_1705048200_OFFICE-00980AAF,2024-01-12 07:30:00,2024-01-12 07:45:00,1705048200,56.26,114.27,0.73,0.0,12501.23,11313.32,-12489.23,-10923.54,1.659
ADIKPO_1705049100_OFFICE-00980AAF,2024-01-12 07:45:00,2024-01-12 08:00:00,1705049100,54.78,114.27,1.85,0.0,12501.48,11313.32,-12489.48,-10923.54,1.751
ADIKPO_1705050000_OFFICE-00980AAF,2024-01-12 08:00:00,2024-01-12 08:15:00,1705050000,54.05,114.27,0.36,0.0,12501.73,11313.32,-12489.73,-10923.54,1.758
ADIKPO_1705050900_OFFICE-00980AAF,2024-01-12 08:15:00,2024-01-12 08:30:00,1705050900,52.94,114.27,1.48,0.0,12501.98,11313.32,-12489.98,-10923.54,1.747
ADIKPO_1705051800_OFFICE-00980AAF,2024-01-12 08:30:00,2024-01-12 08:45:00,1705051800,51.84,114.27,1.1,0.0,12502.23,11313.32,-12490.23,-10923.54,1.811
ADIKPO_1705052700_OFFICE-00980AAF,2024-01-12 08:45:00,2024-01-12 09:00:00,1705052700,50.37,114.27,1.46,0.0,12502.48,11313.32,-12490.48,-10923.54,2.107
ADIKPO_1705053600_OFFICE-00980AAF,2024-01-12 09:00:00,2024-01-12 09:15:00,1705053600,50,114.27,0.37,0.0,12502.73,11313.32,-12490.73,-10923.54,2.155
ADIKPO_1705054500_OFFICE-00980AAF,2024-01-12 09:15:00,2024-01-12 09:30:00,1705054500,48.16,114.27,1.83,0.0,12502.98,11313.32,-12490.98,-10923.54,2.267
ADIKPO_1705055400_OFFICE-00980AAF,2024-01-12 09:30:00,2024-01-12 09:45:00,1705055400,47.42,114.27,0.74,0.0,12503.23,11313.32,-12491.23,-10923.54,2.071
ADIKPO_1705056300_OFFICE-00980AAF,2024-01-12 09:45:00,2024-01-12 10:00:00,1705056300,46.31,114.27,0.74,0.0,12503.48,11313.32,-12491.48,-10923.54,2.086
ADIKPO_1705057200_OFFICE-00980AAF,2024-01-12 10:00:00,2024-01-12 10:15:00,1705057200,45.58,114.27,1.1,0.0,12503.73,11313.32,-12491.73,-10923.54,2.09
ADIKPO_1705058100_OFFICE-00980AAF,2024-01-12 10:15:00,2024-01-12 10:30:00,1705058100,43.74,114.27,1.48,0.0,12503.98,11313.32,-12491.98,-10923.54,2.13
ADIKPO_1705059000_OFFICE-00980AAF,2024-01-12 10:30:00,2024-01-12 10:45:00,1705059000,43.37,114.27,0.73,0.0,12504.23,11313.32,-12492.23,-10923.54,2.075
ADIKPO_1705059900_OFFICE-00980AAF,2024-01-12 10:45:00,2024-01-12 11:00:00,1705059900,43,114.27,0.37,0.0,12504.48,11313.32,-12492.48,-10923.54,2.113
ADIKPO_1705060800_OFFICE-00980AAF,2024-01-12 11:00:00,2024-01-12 11:15:00,1705060800,43,114.27,0.0,0.0,12504.73,11313.32,-12492.73,-10923.54,2.165
ADIKPO_1705061700_OFFICE-00980AAF,2024-01-12 11:15:00,2024-01-12 11:30:00,1705061700,43,114.27,0.0,0.0,12504.97,11313.32,-12492.97,-10923.54,2.132
ADIKPO_1705062600_OFFICE-00980AAF,2024-01-12 11:30:00,2024-01-12 11:45:00,1705062600,43,113.25,0.0,1.02,12505.22,11313.32,-12493.22,-10923.54,2.167
ADIKPO_1705063500_OFFICE-00980AAF,2024-01-12 11:45:00,2024-01-12 12:00:00,1705063500,43,112.91,0.0,0.34,12505.47,11313.32,-12493.47,-10923.54,2.196
ADIKPO_1705064400_OFFICE-00980AAF,2024-01-12 12:00:00,2024-01-12 12:15:00,1705064400,43,112.91,0.0,0.0,12505.72,11313.32,-12493.72,-10923.54,2.286
ADIKPO_1705065300_OFFICE-00980AAF,2024-01-12 12:15:00,2024-01-12 12:30:00,1705065300,43,112.91,0.0,0.0,12505.97,11313.32,-12493.97,-10923.54,2.316
ADIKPO_1705066200_OFFICE-00980AAF,2024-01-12 12:30:00,2024-01-12 12:45:00,1705066200,43,112.91,0.0,0.0,12506.22,11313.32,-12494.22,-10923.54,2.401
ADIKPO_1705067100_OFFICE-00980AAF,2024-01-12 12:45:00,2024-01-12 13:00:00,1705067100,43,112.23,0.0,5.45,12506.47,11313.42,-12494.47,-10923.64,2.134
ADIKPO_1705068000_OFFICE-00980AAF,2024-01-12 13:00:00,2024-01-12 13:15:00,1705068000,43,112.91,0.0,2.39,12506.72,11313.68,-12494.72,-10923.90,2.226
ADIKPO_1705068900_OFFICE-00980AAF,2024-01-12 13:15:00,2024-01-12 13:30:00,1705068900,43,110.18,0.0,2.73,12506.97,11313.92,-12494.97,-10924.14,2.24
ADIKPO_1705069800_OFFICE-00980AAF,2024-01-12 13:30:00,2024-01-12 13:45:00,1705069800,43,109.84,0.0,0.34,12507.22,11314.18,-12495.22,-10924.40,2.075
ADIKPO_1705070700_OFFICE-00980AAF,2024-01-12 13:45:00,2024-01-12 14:00:00,1705070700,43,108.82,0.0,1.02,12507.47,11314.42,-12495.47,-10924.64,1.936
ADIKPO_1705071600_OFFICE-00980AAF,2024-01-12 14:00:00,2024-01-12 14:15:00,1705071600,43,118.36,0.0,2.05,12507.68,11314.68,-12495.68,-10924.90,1.932
ADIKPO_1705072500_OFFICE-00980AAF,2024-01-12 14:15:00,2024-01-12 14:30:00,1705072500,115.18,123.48,0.0,0.94,12507.68,11314.93,-12495.68,-10925.15,1.924
ADIKPO_1705073400_OFFICE-00980AAF,2024-01-12 14:30:00,2024-01-12 14:45:00,1705073400,115.18,122.8,0.0,0.76,12507.68,11315.18,-12495.68,-10925.40,1.924
ADIKPO_1705074300_OFFICE-00980AAF,2024-01-12 14:45:00,2024-01-12 15:00:00,1705074300,115.18,120.07,0.0,2.73,12507.68,11315.43,-12495.68,-10925.65,1.828
ADIKPO_1705075200_OFFICE-00980AAF,2024-01-12 15:00:00,2024-01-12 15:15:00,1705075200,115.18,119.73,0.0,0.34,12507.68,11315.68,-12495.68,-10925.90,1.701
ADIKPO_1705076100_OFFICE-00980AAF,2024-01-12 15:15:00,2024-01-12 15:30:00,1705076100,115.18,118.36,0.0,1.37,12507.68,11315.93,-12495.68,-10926.15,1.577
ADIKPO_1705077000_OFFICE-00980AAF,2024-01-12 15:30:00,2024-01-12 15:45:00,1705077000,115.18,118.02,0.0,0.34,12507.68,11316.18,-12495.68,-10926.40,1.352
ADIKPO_1705077900_OFFICE-00980AAF,2024-01-12 15:45:00,2024-01-12 16:00:00,1705077900,115.18,117,0.0,1.02,12507.68,11316.43,-12495.68,-10926.65,1.195
ADIKPO_1705078800_OFFICE-00980AAF,2024-01-12 16:00:00,2024-01-12 16:15:00,1705078800,115.18,115.64,0.0,1.36,12507.68,11316.68,-12495.68,-10926.90,1.091
ADIKPO_1705079700_OFFICE-00980AAF,2024-01-12 16:15:00,2024-01-12 16:30:00,1705079700,115.18,115.64,0.0,1.36,12507.68,11316.93,-12495.68,-10927.15,1.102
ADIKPO_1705080600_OFFICE-00980AAF,2024-01-12 16:30:00,2024-01-12 16:45:00,1705080600,115.18,114.61,0.0,0.69,12507.68,11317.18,-12495.68,-10927.40,1.088
ADIKPO_1705081500_OFFICE-00980AAF,2024-01-12 16:45:00,2024-01-12 17:00:00,1705081500,115.18,113.59,0.0,3.75,12507.68,11317.43,-12495.68,-10927.65,1.109
ADIKPO_1705082400_OFFICE-00980AAF,2024-01-12 17:00:00,2024-01-12 17:15:00,1705082400,115.18,113.85,0.0,1.71,12507.68,11317.68,-12495.68,-10927.90,1.136
ADIKPO_1705083300_OFFICE-00980AAF,2024-01-12 17:15:00,2024-01-12 17:30:00,1705083300,115.18,112.57,0.0,2.04,12507.68,11317.93,-12495.68,-10928.15,1.223
ADIKPO_1705084200_OFFICE-00980AAF,2024-01-12 17:30:00,2024-01-12 17:45:00,1705084200,115.18,110.86,0.0,1.71,12507.68,11318.18,-12495.68,-10928.40,1.133
ADIKPO_1705085100_OFFICE-00980AAF,2024-01-12 17:45:00,2024-01-12 18:00:00,1705085100,115.18,110.18,0.0,0.68,12507.68,11318.43,-12495.68,-10928.65,1.197
ADIKPO_1705086000_OFFICE-00980AAF,2024-01-12 18:00:00,2024-01-12 18:15:00,1705086000,115.18,109.5,0.0,0.68,12507.68,11318.68,-12495.68,-10928.90,1.065
ADIKPO_1705086900_OFFICE-00980AAF,2024-01-12 18:15:00,2024-01-12 18:30:00,1705086900,115.18,109.16,0.0,2.04,12507.68,11318.93,-12495.68,-10929.15,1.057
ADIKPO_1705087800_OFFICE-00980AAF,2024-01-12 18:30:00,2024-01-12 18:45:00,1705087800,115.18,108.82,0.0,0.34,12507.68,11319.18,-12495.68,-10929.40,1.056
ADIKPO_1705088700_OFFICE-00980AAF,2024-01-12 18:45:00,2024-01-12 19:00:00,1705088700,115.18,108.14,0.0,0.34,12507.68,11319.43,-12495.68,-10929.65,1.044
ADIKPO_1705089600_OFFICE-00980AAF,2024-01-12 19:00:00,2024-01-12 19:15:00,1705089600,115.18,106.77,0.0,1.71,12507.68,11319.68,-12495.68,-10929.90,0.965
ADIKPO_1705090500_OFFICE-00980AAF,2024-01-12 19:15:00,2024-01-12 19:30:00,1705090500,115.18,106.43,0.0,0.34,12507.68,11319.93,-12495.68,-10930.15,0.882
ADIKPO_1705091400_OFFICE-00980AAF,2024-01-12 19:30:00,2024-01-12 19:45:00,1705091400,115.18,106.09,0.0,0.34,12507.68,11320.18,-12495.68,-10930.40,0.908
ADIKPO_1705092300_OFFICE-00980AAF,2024-01-12 19:45:00,2024-01-12 20:00:00,1705092300,115.18,105.07,0.0,1.02,12507.68,11320.43,-12495.68,-10930.65,0.934
ADIKPO_1705093200_OFFICE-00980AAF,2024-01-12 20:00:00,2024-01-12 20:15:00,1705093200,115.18,105.07,0.0,0.0,12507.68,11320.68,-12495.68,-10930.90,0.898
ADIKPO_1705094100_OFFICE-00980AAF,2024-01-12 20:15:00,2024-01-12 20:30:00,1705094100,115.18,105.07,0.0,0.0,12507.68,11320.93,-12495.68,-10931.15,0.903
ADIKPO_1705095000_OFFICE-00980AAF,2024-01-12 20:30:00,2024-01-12 20:45:00,1705095000,115.18,103.36,0.0,1.71,12507.68,11321.18,-12495.68,-10931.40,0.875
ADIKPO_1705095900_OFFICE-00980AAF,2024-01-12 20:45:00,2024-01-12 21:00:00,1705095900,115.18,103.02,0.0,0.34,12507.68,11321.43,-12495.68,-10931.65,0.903
ADIKPO_1705096800_OFFICE-00980AAF,2024-01-12 21:00:00,2024-01-12 21:15:00,1705096800,115.18,102.68,0.0,0.34,12507.68,11321.68,-12495.68,-10931.90,0.88
ADIKPO_1705097700_OFFICE-00980AAF,2024-01-12 21:15:00,2024-01-12 21:30:00,1705097700,115.18,102,0.0,0.34,12507.68,11321.93,-12495.68,-10932.15,0.899
ADIKPO_1705098600_OFFICE-00980AAF,2024-01-12 21:30:00,2024-01-12 21:45:00,1705098600,115.18,101.32,0.0,1.02,12507.68,11322.18,-12495.68,-10932.40,0.9
ADIKPO_1705099500_OFFICE-00980AAF,2024-01-12 21:45:00,2024-01-12 22:00:00,1705099500,115.18,100.98,0.0,0.34,12507.68,11322.43,-12495.68,-10932.65,0.892
ADIKPO_1705100400_OFFICE-00980AAF,2024-01-12 22:00:00,2024-01-12 22:15:00,1705100400,115.18,100.64,0.0,0.34,12507.68,11322.68,-12495.68,-10932.90,0.882
ADIKPO_1705101300_OFFICE-00980AAF,2024-01-12 22:15:00,2024-01-12 22:30:00,1705101300,115.18,99.95,0.0,0.69,12507.68,11322.93,-12495.68,-10933.15,0.909
ADIKPO_1705102200_OFFICE-00980AAF,2024-01-12 22:30:00,2024-01-12 22:45:00,1705102200,115.18,98.93,0.0,1.02,12507.68,11323.18,-12495.68,-10933.40,0.886
ADIKPO_1705103100_OFFICE-00980AAF,2024-01-12 22:45:00,2024-01-12 23:00:00,1705103100,115.18,98.59,0.0,0.0,12507.68,11323.43,-12495.68,-10933.65,0.865
