key,start,end,epoch,tankl1,tankl2,deltal1,deltal2,hrs1,hrs2,deltahrs1,deltahrs2,GB1_kwh
ABUJA_OFFICE_DG1_and_DG2_1690074000,2023-07-23 00:00:00,2023-07-23 00:15:00,1690070400,238.17,204.14,0.0,1.35,92.09,101.24,0.0,-2.259999999999991,2.719
ABUJA_OFFICE_DG1_and_DG2_1690074900,2023-07-23 00:15:00,2023-07-23 00:30:00,1690071300,238.17,203.14,0.0,1.27,92.09,101.49,0.0,-2.509999999999991,2.714
ABUJA_OFFICE_DG1_and_DG2_1690075800,2023-07-23 00:30:00,2023-07-23 00:45:00,1690072200,238.17,201.71,0.0,1.47,92.09,101.74,0.0,-2.759999999999991,2.666
ABUJA_OFFICE_DG1_and_DG2_1690076700,2023-07-23 00:45:00,2023-07-23 01:00:00,1690073100,238.17,199.99,0.0,1.72,92.09,101.99,0.0,-3.009999999999991,2.77
ABUJA_OFFICE_DG1_and_DG2_1690077600,2023-07-23 01:00:00,2023-07-23 01:15:00,1690074000,238.17,198.44,0.0,1.51,92.09,102.24,0.0,-3.259999999999991,2.777
ABUJA_OFFICE_DG1_and_DG2_1690078500,2023-07-23 01:15:00,2023-07-23 01:30:00,1690074900,238.17,196.92,0.0,1.56,92.09,102.49,0.0,-3.509999999999991,2.761
ABUJA_OFFICE_DG1_and_DG2_1690079400,2023-07-23 01:30:00,2023-07-23 01:45:00,1690075800,237.35,196.8,0.82,0.12,92.26,102.54,-0.1700000000000017,-3.5600000000000023,2.688
ABUJA_OFFICE_DG1_and_DG2_1690080300,2023-07-23 01:45:00,2023-07-23 02:00:00,1690076700,235.28,196.8,2.07,0.0,92.51,102.54,-0.4200000000000017,-3.5600000000000023,2.586
ABUJA_OFFICE_DG1_and_DG2_1690081200,2023-07-23 02:00:00,2023-07-23 02:15:00,1690077600,234.04,196.8,1.24,0.0,92.76,102.54,-0.6700000000000017,-3.5600000000000023,2.679
ABUJA_OFFICE_DG1_and_DG2_1690082100,2023-07-23 02:15:00,2023-07-23 02:30:00,1690078500,232.8,196.8,1.24,0.0,93.01,102.54,-0.9200000000000017,-3.5600000000000023,2.626
ABUJA_OFFICE_DG1_and_DG2_1690083000,2023-07-23 02:30:00,2023-07-23 02:45:00,1690079400,230.32,196.8,1.65,0.0,93.26,102.54,-1.1700000000000017,-3.5600000000000023,2.647
ABUJA_OFFICE_DG1_and_DG2_1690083900,2023-07-23 02:45:00,2023-07-23 03:00:00,1690080300,229.08,196.8,2.07,0.0,93.51,102.54,-1.4200000000000017,-3.5600000000000023,2.67
ABUJA_OFFICE_DG1_and_DG2_1690084800,2023-07-23 03:00:00,2023-07-23 03:15:00,1690081200,227.43,196.8,1.65,0.0,93.76,102.54,-1.6700000000000017,-3.5600000000000023,2.721
ABUJA_OFFICE_DG1_and_DG2_1690085700,2023-07-23 03:15:00,2023-07-23 03:30:00,1690082100,225.37,196.8,1.65,0.0,94.01,102.54,-1.9200000000000017,-3.5600000000000023,2.858
ABUJA_OFFICE_DG1_and_DG2_1690086600,2023-07-23 03:30:00,2023-07-23 03:45:00,1690083000,224.13,196.8,1.65,0.0,94.26,102.54,-2.1700000000000017,-3.5600000000000023,2.674
ABUJA_OFFICE_DG1_and_DG2_1690087500,2023-07-23 03:45:00,2023-07-23 04:00:00,1690083900,222.47,196.8,1.66,0.0,94.51,102.54,-2.4200000000000017,-3.5600000000000023,2.665
ABUJA_OFFICE_DG1_and_DG2_1690088400,2023-07-23 04:00:00,2023-07-23 04:15:00,1690084800,220.82,196.8,1.65,0.0,94.76,102.54,-2.6700000000000017,-3.5600000000000023,2.675
ABUJA_OFFICE_DG1_and_DG2_1690089300,2023-07-23 04:15:00,2023-07-23 04:30:00,1690085700,219.17,196.8,1.65,0.0,95.01,102.54,-2.9200000000000017,-3.5600000000000023,2.892
ABUJA_OFFICE_DG1_and_DG2_1690090200,2023-07-23 04:30:00,2023-07-23 04:45:00,1690086600,217.93,196.8,1.24,0.0,95.23,102.54,-3.1400000000000006,-3.5600000000000023,2.571
ABUJA_OFFICE_DG1_and_DG2_1690091100,2023-07-23 04:45:00,2023-07-23 05:00:00,1690087500,216.28,196.8,1.65,0.0,95.48,102.54,-3.3900000000000006,-3.5600000000000023,2.823
ABUJA_OFFICE_DG1_and_DG2_1690092000,2023-07-23 05:00:00,2023-07-23 05:15:00,1690088400,213.8,196.8,2.48,0.0,95.73,102.54,-3.6400000000000006,-3.5600000000000023,2.791
ABUJA_OFFICE_DG1_and_DG2_1690092900,2023-07-23 05:15:00,2023-07-23 05:30:00,1690089300,212.56,196.8,1.24,0.0,95.98,102.54,-3.8900000000000006,-3.5600000000000023,2.451
ABUJA_OFFICE_DG1_and_DG2_1690093800,2023-07-23 05:30:00,2023-07-23 05:45:00,1690090200,211.32,196.8,1.24,0.0,96.23,102.54,-4.140000000000001,-3.5600000000000023,2.532
ABUJA_OFFICE_DG1_and_DG2_1690094700,2023-07-23 05:45:00,2023-07-23 06:00:00,1690091100,209.25,196.8,2.07,0.0,96.48,102.54,-4.390000000000001,-3.5600000000000023,2.525
ABUJA_OFFICE_DG1_and_DG2_1690095600,2023-07-23 06:00:00,2023-07-23 06:15:00,1690092000,208.01,196.8,1.24,0.0,96.73,102.54,-4.640000000000001,-3.5600000000000023,2.463
ABUJA_OFFICE_DG1_and_DG2_1690096500,2023-07-23 06:15:00,2023-07-23 06:30:00,1690092900,205.95,196.8,2.06,0.0,96.98,102.54,-4.890000000000001,-3.5600000000000023,2.376
ABUJA_OFFICE_DG1_and_DG2_1690097400,2023-07-23 06:30:00,2023-07-23 06:45:00,1690093800,204.3,196.8,1.65,0.0,97.23,102.54,-5.140000000000001,-3.5600000000000023,2.403
ABUJA_OFFICE_DG1_and_DG2_1690098300,2023-07-23 06:45:00,2023-07-23 07:00:00,1690094700,203.06,196.8,1.24,0.0,97.48,102.54,-5.390000000000001,-3.5600000000000023,2.959
ABUJA_OFFICE_DG1_and_DG2_1690099200,2023-07-23 07:00:00,2023-07-23 07:15:00,1690095600,202.23,196.8,0.83,0.0,97.59,102.54,-5.5,-3.5600000000000023,2.725
ABUJA_OFFICE_DG1_and_DG2_1690100100,2023-07-23 07:15:00,2023-07-23 07:30:00,1690096500,202.23,196.8,0.0,0.0,97.59,102.54,-5.5,-3.5600000000000023,2.562
ABUJA_OFFICE_DG1_and_DG2_1690101000,2023-07-23 07:30:00,2023-07-23 07:45:00,1690097400,202.23,196.8,0.0,0.0,97.59,102.54,-5.5,-3.5600000000000023,2.193
ABUJA_OFFICE_DG1_and_DG2_1690101900,2023-07-23 07:45:00,2023-07-23 08:00:00,1690098300,202.23,196.8,0.0,0.0,97.59,102.54,-5.5,-3.5600000000000023,2.178
ABUJA_OFFICE_DG1_and_DG2_1690102800,2023-07-23 08:00:00,2023-07-23 08:15:00,1690099200,202.23,196.8,0.0,0.0,97.59,102.54,-5.5,-3.5600000000000023,2.165
ABUJA_OFFICE_DG1_and_DG2_1690103700,2023-07-23 08:15:00,2023-07-23 08:30:00,1690100100,202.23,196.8,0.0,0.0,97.59,102.54,-5.5,-3.5600000000000023,2.227
ABUJA_OFFICE_DG1_and_DG2_1690104600,2023-07-23 08:30:00,2023-07-23 08:45:00,1690101000,202.23,196.8,0.0,0.0,97.59,102.54,-5.5,-3.5600000000000023,2.23
ABUJA_OFFICE_DG1_and_DG2_1690105500,2023-07-23 08:45:00,2023-07-23 09:00:00,1690101900,202.23,196.8,0.0,0.0,97.59,102.54,-5.5,-3.5600000000000023,2.205
ABUJA_OFFICE_DG1_and_DG2_1690106400,2023-07-23 09:00:00,2023-07-23 09:15:00,1690102800,202.23,196.8,0.0,0.0,97.59,102.54,-5.5,-3.5600000000000023,2.259
ABUJA_OFFICE_DG1_and_DG2_1690107300,2023-07-23 09:15:00,2023-07-23 09:30:00,1690103700,202.23,196.8,0.0,0.0,97.59,102.54,-5.5,-3.5600000000000023,2.462
ABUJA_OFFICE_DG1_and_DG2_1690108200,2023-07-23 09:30:00,2023-07-23 09:45:00,1690104600,202.23,196.8,0.0,0.0,97.59,102.54,-5.5,-3.5600000000000023,2.668
ABUJA_OFFICE_DG1_and_DG2_1690109100,2023-07-23 09:45:00,2023-07-23 10:00:00,1690105500,202.23,196.8,0.0,0.0,97.59,102.54,-5.5,-3.5600000000000023,2.278
ABUJA_OFFICE_DG1_and_DG2_1690110000,2023-07-23 10:00:00,2023-07-23 10:15:00,1690106400,202.23,196.8,0.0,0.0,97.59,102.54,-5.5,-3.5600000000000023,2.195
ABUJA_OFFICE_DG1_and_DG2_1690110900,2023-07-23 10:15:00,2023-07-23 10:30:00,1690107300,202.23,196.8,0.0,0.0,97.59,102.54,-5.5,-3.5600000000000023,2.365
ABUJA_OFFICE_DG1_and_DG2_1690111800,2023-07-23 10:30:00,2023-07-23 10:45:00,1690108200,202.23,196.8,0.0,0.0,97.59,102.54,-5.5,-3.5600000000000023,2.617
ABUJA_OFFICE_DG1_and_DG2_1690112700,2023-07-23 10:45:00,2023-07-23 11:00:00,1690109100,202.23,196.8,0.0,0.0,97.59,102.54,-5.5,-3.5600000000000023,2.936
ABUJA_OFFICE_DG1_and_DG2_1690113600,2023-07-23 11:00:00,2023-07-23 11:15:00,1690110000,202.23,196.8,0.0,0.0,97.59,102.54,-5.5,-3.5600000000000023,3.518
ABUJA_OFFICE_DG1_and_DG2_1690114500,2023-07-23 11:15:00,2023-07-23 11:30:00,1690110900,202.23,196.8,0.0,0.0,97.59,102.54,-5.5,-3.5600000000000023,3.11
ABUJA_OFFICE_DG1_and_DG2_1690115400,2023-07-23 11:30:00,2023-07-23 11:45:00,1690111800,202.23,196.8,0.0,0.0,97.59,102.54,-5.5,-3.5600000000000023,2.783
ABUJA_OFFICE_DG1_and_DG2_1690116300,2023-07-23 11:45:00,2023-07-23 12:00:00,1690112700,202.23,196.8,0.0,0.0,97.59,102.54,-5.5,-3.5600000000000023,2.682
ABUJA_OFFICE_DG1_and_DG2_1690117200,2023-07-23 12:00:00,2023-07-23 12:15:00,1690113600,202.23,196.8,0.0,0.0,97.59,102.54,-5.5,-3.5600000000000023,2.81
ABUJA_OFFICE_DG1_and_DG2_1690118100,2023-07-23 12:15:00,2023-07-23 12:30:00,1690114500,202.23,196.8,0.0,0.0,97.59,102.54,-5.5,-3.5600000000000023,2.524
ABUJA_OFFICE_DG1_and_DG2_1690119000,2023-07-23 12:30:00,2023-07-23 12:45:00,1690115400,202.23,196.8,0.0,0.0,97.59,102.54,-5.5,-3.5600000000000023,2.679
ABUJA_OFFICE_DG1_and_DG2_1690119900,2023-07-23 12:45:00,2023-07-23 13:00:00,1690116300,202.23,196.8,0.0,0.0,97.59,102.54,-5.5,-3.5600000000000023,2.848
ABUJA_OFFICE_DG1_and_DG2_1690120800,2023-07-23 13:00:00,2023-07-23 13:15:00,1690117200,202.23,196.8,0.0,0.0,97.59,102.54,-5.5,-3.5600000000000023,2.828
ABUJA_OFFICE_DG1_and_DG2_1690121700,2023-07-23 13:15:00,2023-07-23 13:30:00,1690118100,202.23,196.8,0.0,0.0,97.59,102.54,-5.5,-3.5600000000000023,2.801
ABUJA_OFFICE_DG1_and_DG2_1690122600,2023-07-23 13:30:00,2023-07-23 13:45:00,1690119000,202.23,196.8,0.0,0.0,97.59,102.54,-5.5,-3.5600000000000023,2.726
ABUJA_OFFICE_DG1_and_DG2_1690123500,2023-07-23 13:45:00,2023-07-23 14:00:00,1690119900,202.23,196.8,0.0,0.0,97.59,102.54,-5.5,-3.5600000000000023,2.533
ABUJA_OFFICE_DG1_and_DG2_1690124400,2023-07-23 14:00:00,2023-07-23 14:15:00,1690120800,202.23,196.8,0.0,0.0,97.59,102.54,-5.5,-3.5600000000000023,2.327
ABUJA_OFFICE_DG1_and_DG2_1690125300,2023-07-23 14:15:00,2023-07-23 14:30:00,1690121700,202.23,196.8,0.0,0.0,97.59,102.54,-5.5,-3.5600000000000023,2.443
ABUJA_OFFICE_DG1_and_DG2_1690126200,2023-07-23 14:30:00,2023-07-23 14:45:00,1690122600,202.23,196.8,0.0,0.0,97.59,102.54,-5.5,-3.5600000000000023,2.771
ABUJA_OFFICE_DG1_and_DG2_1690127100,2023-07-23 14:45:00,2023-07-23 15:00:00,1690123500,202.23,196.8,0.0,0.0,97.59,102.54,-5.5,-3.5600000000000023,2.74
ABUJA_OFFICE_DG1_and_DG2_1690128000,2023-07-23 15:00:00,2023-07-23 15:15:00,1690124400,202.23,196.8,0.0,0.0,97.59,102.54,-5.5,-3.5600000000000023,2.687
ABUJA_OFFICE_DG1_and_DG2_1690128900,2023-07-23 15:15:00,2023-07-23 15:30:00,1690125300,202.23,196.8,0.0,0.0,97.59,102.54,-5.5,-3.5600000000000023,2.384
ABUJA_OFFICE_DG1_and_DG2_1690129800,2023-07-23 15:30:00,2023-07-23 15:45:00,1690126200,202.23,196.8,0.0,0.0,97.59,102.54,-5.5,-3.5600000000000023,2.372
ABUJA_OFFICE_DG1_and_DG2_1690130700,2023-07-23 15:45:00,2023-07-23 16:00:00,1690127100,201.4,196.8,0.41,0.0,97.71,102.54,-5.61999999999999,-3.5600000000000023,2.142
ABUJA_OFFICE_DG1_and_DG2_1690131600,2023-07-23 16:00:00,2023-07-23 16:15:00,1690128000,199.75,196.8,2.07,0.0,97.96,102.54,-5.86999999999999,-3.5600000000000023,2.261
ABUJA_OFFICE_DG1_and_DG2_1690132500,2023-07-23 16:15:00,2023-07-23 16:30:00,1690128900,198.51,196.8,1.24,0.0,98.21,102.54,-6.11999999999999,-3.5600000000000023,2.291
ABUJA_OFFICE_DG1_and_DG2_1690133400,2023-07-23 16:30:00,2023-07-23 16:45:00,1690129800,197.27,196.8,1.24,0.0,98.46,102.54,-6.36999999999999,-3.5600000000000023,2.266
ABUJA_OFFICE_DG1_and_DG2_1690134300,2023-07-23 16:45:00,2023-07-23 17:00:00,1690130700,195.21,196.8,2.06,0.0,98.71,102.54,-6.61999999999999,-3.5600000000000023,2.486
ABUJA_OFFICE_DG1_and_DG2_1690135200,2023-07-23 17:00:00,2023-07-23 17:15:00,1690131600,192.73,196.8,2.48,0.0,98.96,102.54,-6.86999999999999,-3.5600000000000023,2.369
ABUJA_OFFICE_DG1_and_DG2_1690136100,2023-07-23 17:15:00,2023-07-23 17:30:00,1690132500,191.9,196.8,0.83,0.0,99.21,102.54,-7.11999999999999,-3.5600000000000023,2.507
ABUJA_OFFICE_DG1_and_DG2_1690137000,2023-07-23 17:30:00,2023-07-23 17:45:00,1690133400,190.66,196.8,1.24,0.0,99.46,102.54,-7.36999999999999,-3.5600000000000023,2.406
ABUJA_OFFICE_DG1_and_DG2_1690137900,2023-07-23 17:45:00,2023-07-23 18:00:00,1690134300,189.42,196.8,1.24,0.0,99.71,102.54,-7.61999999999999,-3.5600000000000023,2.71
ABUJA_OFFICE_DG1_and_DG2_1690138800,2023-07-23 18:00:00,2023-07-23 18:15:00,1690135200,187.77,196.8,1.65,0.0,99.96,102.54,-7.86999999999999,-3.5600000000000023,2.851
ABUJA_OFFICE_DG1_and_DG2_1690139700,2023-07-23 18:15:00,2023-07-23 18:30:00,1690136100,186.12,196.8,1.65,0.0,100.21,102.54,-8.11999999999999,-3.5600000000000023,2.863
ABUJA_OFFICE_DG1_and_DG2_1690140600,2023-07-23 18:30:00,2023-07-23 18:45:00,1690137000,184.05,196.8,2.07,0.0,100.46,102.54,-8.36999999999999,-3.5600000000000023,2.857
ABUJA_OFFICE_DG1_and_DG2_1690141500,2023-07-23 18:45:00,2023-07-23 19:00:00,1690137900,182.4,196.8,1.65,0.0,100.71,102.54,-8.61999999999999,-3.5600000000000023,2.91
ABUJA_OFFICE_DG1_and_DG2_1690142400,2023-07-23 19:00:00,2023-07-23 19:15:00,1690138800,180.75,196.8,1.65,0.0,100.96,102.54,-8.86999999999999,-3.5600000000000023,2.855
ABUJA_OFFICE_DG1_and_DG2_1690143300,2023-07-23 19:15:00,2023-07-23 19:30:00,1690139700,179.51,196.8,1.24,0.0,101.01,102.77,-8.920000000000002,-3.789999999999992,2.806
ABUJA_OFFICE_DG1_and_DG2_1690144200,2023-07-23 19:30:00,2023-07-23 19:45:00,1690140600,179.51,196.09,0.0,0.47,101.01,103.02,-8.920000000000002,-4.039999999999992,2.889
ABUJA_OFFICE_DG1_and_DG2_1690145100,2023-07-23 19:45:00,2023-07-23 20:00:00,1690141500,179.51,194.17,0.0,2.15,101.01,103.27,-8.920000000000002,-4.289999999999992,2.763
ABUJA_OFFICE_DG1_and_DG2_1690146000,2023-07-23 20:00:00,2023-07-23 20:15:00,1690142400,179.51,192.86,0.0,1.19,101.01,103.52,-8.920000000000002,-4.539999999999992,2.739
ABUJA_OFFICE_DG1_and_DG2_1690146900,2023-07-23 20:15:00,2023-07-23 20:30:00,1690143300,179.51,191.58,0.0,1.16,101.01,103.77,-8.920000000000002,-4.789999999999992,2.709
ABUJA_OFFICE_DG1_and_DG2_1690147800,2023-07-23 20:30:00,2023-07-23 20:45:00,1690144200,179.51,189.79,0.0,1.71,101.01,104.02,-8.920000000000002,-5.039999999999992,2.704
ABUJA_OFFICE_DG1_and_DG2_1690148700,2023-07-23 20:45:00,2023-07-23 21:00:00,1690145100,179.51,187.84,0.0,2.15,101.01,104.27,-8.920000000000002,-5.289999999999992,2.848
ABUJA_OFFICE_DG1_and_DG2_1690149600,2023-07-23 21:00:00,2023-07-23 21:15:00,1690146000,179.51,186.6,0.0,1.36,101.01,104.52,-8.920000000000002,-5.539999999999992,2.727
ABUJA_OFFICE_DG1_and_DG2_1690150500,2023-07-23 21:15:00,2023-07-23 21:30:00,1690146900,179.51,184.89,0.0,1.71,101.01,104.77,-8.920000000000002,-5.789999999999992,2.86
ABUJA_OFFICE_DG1_and_DG2_1690151400,2023-07-23 21:30:00,2023-07-23 21:45:00,1690147800,179.51,183.66,0.0,0.88,101.01,105.02,-8.920000000000002,-6.039999999999992,2.756
ABUJA_OFFICE_DG1_and_DG2_1690152300,2023-07-23 21:45:00,2023-07-23 22:00:00,1690148700,179.51,181.66,0.0,2.35,101.01,105.27,-8.920000000000002,-6.289999999999992,2.733
ABUJA_OFFICE_DG1_and_DG2_1690153200,2023-07-23 22:00:00,2023-07-23 22:15:00,1690149600,179.51,180.71,0.0,0.47,101.01,105.52,-8.920000000000002,-6.539999999999992,2.717
ABUJA_OFFICE_DG1_and_DG2_1690154100,2023-07-23 22:15:00,2023-07-23 22:30:00,1690150500,179.51,179.11,0.0,1.96,101.01,105.77,-8.920000000000002,-6.789999999999992,2.689
ABUJA_OFFICE_DG1_and_DG2_1690155000,2023-07-23 22:30:00,2023-07-23 22:45:00,1690151400,179.51,177.52,0.0,1.43,101.01,106.02,-8.920000000000002,-7.039999999999992,2.72
ABUJA_OFFICE_DG1_and_DG2_1690155900,2023-07-23 22:45:00,2023-07-23 23:00:00,1690152300,179.51,176.01,0.0,1.28,101.01,106.27,-8.920000000000002,-7.289999999999992,2.736
ABUJA_OFFICE_DG1_and_DG2_1690156800,2023-07-23 23:00:00,2023-07-23 23:15:00,1690153200,179.51,174.73,0.0,1.74,101.01,106.52,-8.920000000000002,-7.539999999999992,2.747
ABUJA_OFFICE_DG1_and_DG2_1690157700,2023-07-23 23:15:00,2023-07-23 23:30:00,1690154100,179.51,173.22,0.0,1.12,101.01,106.77,-8.920000000000002,-7.789999999999992,2.79
ABUJA_OFFICE_DG1_and_DG2_1690158600,2023-07-23 23:30:00,2023-07-23 23:45:00,1690155000,179.51,171.86,0.0,1.43,101.01,107.02,-8.920000000000002,-8.039999999999992,2.677
ABUJA_OFFICE_DG1_and_DG2_1690159500,2023-07-23 23:45:00,2023-07-24 00:00:00,1690155900,179.51,170.55,0.0,1.43,101.01,107.27,-8.920000000000002,-8.289999999999992,2.721
