key,start,end,epoch,tankl1,tankl2,deltal1,deltal2,hrs1,hrs2,deltahrs1,deltahrs2,GB1_kwh
ABUJA_OFFICE_DG1_and_DG2_1686186000,2023-06-08 00:00:00,2023-06-08 00:15:00,1686182400,151.0,226.41,2.07,0.0,8338.78,8299.87,-2.25,0.0,2.55
ABUJA_OFFICE_DG1_and_DG2_1686186900,2023-06-08 00:15:00,2023-06-08 00:30:00,1686183300,149.35,226.41,1.65,0.0,8339.04,8299.9,-2.5100000000002183,-0.029999999998835847,2.602
ABUJA_OFFICE_DG1_and_DG2_1686187800,2023-06-08 00:30:00,2023-06-08 00:45:00,1686184200,149.35,226.37,0.0,0.04,8339.04,8300.15,-2.5100000000002183,-0.27999999999883585,2.522
ABUJA_OFFICE_DG1_and_DG2_1686188700,2023-06-08 00:45:00,2023-06-08 01:00:00,1686185100,149.35,224.89,0.0,1.48,8339.04,8300.4,-2.5100000000002183,-0.5299999999988358,2.611
ABUJA_OFFICE_DG1_and_DG2_1686189600,2023-06-08 01:00:00,2023-06-08 01:15:00,1686186000,148.94,222.86,0.0,2.03,8339.04,8300.65,-2.5100000000002183,-0.7799999999988358,2.674
ABUJA_OFFICE_DG1_and_DG2_1686190500,2023-06-08 01:15:00,2023-06-08 01:30:00,1686186900,148.94,221.83,0.41,0.87,8339.04,8300.9,-2.5100000000002183,-1.0299999999988358,2.654
ABUJA_OFFICE_DG1_and_DG2_1686191400,2023-06-08 01:30:00,2023-06-08 01:45:00,1686187800,148.94,219.95,0.0,2.04,8339.04,8301.16,-2.5100000000002183,-1.2899999999990541,2.612
ABUJA_OFFICE_DG1_and_DG2_1686192300,2023-06-08 01:45:00,2023-06-08 02:00:00,1686188700,148.94,218.88,0.0,0.83,8339.04,8301.41,-2.5100000000002183,-1.5399999999990541,2.583
ABUJA_OFFICE_DG1_and_DG2_1686193200,2023-06-08 02:00:00,2023-06-08 02:15:00,1686189600,148.94,217.2,0.0,1.91,8339.04,8301.66,-2.5100000000002183,-1.7899999999990541,2.657
ABUJA_OFFICE_DG1_and_DG2_1686194100,2023-06-08 02:15:00,2023-06-08 02:30:00,1686190500,148.52,215.57,0.42,1.63,8339.04,8301.91,-2.5100000000002183,-2.039999999999054,2.561
ABUJA_OFFICE_DG1_and_DG2_1686195000,2023-06-08 02:30:00,2023-06-08 02:45:00,1686191400,148.52,214.02,0.0,1.47,8339.04,8302.16,-2.5100000000002183,-2.289999999999054,2.607
ABUJA_OFFICE_DG1_and_DG2_1686195900,2023-06-08 02:45:00,2023-06-08 03:00:00,1686192300,148.52,212.78,0.0,1.32,8339.04,8302.41,-2.5100000000002183,-2.539999999999054,2.672
ABUJA_OFFICE_DG1_and_DG2_1686196800,2023-06-08 03:00:00,2023-06-08 03:15:00,1686193200,148.52,211.63,0.0,1.15,8339.04,8302.66,-2.5100000000002183,-2.789999999999054,2.715
ABUJA_OFFICE_DG1_and_DG2_1686197700,2023-06-08 03:15:00,2023-06-08 03:30:00,1686194100,148.52,210.31,0.0,1.32,8339.04,8302.91,-2.5100000000002183,-3.039999999999054,2.695
ABUJA_OFFICE_DG1_and_DG2_1686198600,2023-06-08 03:30:00,2023-06-08 03:45:00,1686195000,148.52,208.32,0.0,1.95,8339.04,8303.16,-2.5100000000002183,-3.289999999999054,2.695
ABUJA_OFFICE_DG1_and_DG2_1686199500,2023-06-08 03:45:00,2023-06-08 04:00:00,1686195900,148.52,206.89,0.0,1.43,8339.04,8303.41,-2.5100000000002183,-3.539999999999054,2.671
ABUJA_OFFICE_DG1_and_DG2_1686200400,2023-06-08 04:00:00,2023-06-08 04:15:00,1686196800,148.52,205.17,0.0,1.76,8339.04,8303.66,-2.5100000000002183,-3.789999999999054,2.61
ABUJA_OFFICE_DG1_and_DG2_1686201300,2023-06-08 04:15:00,2023-06-08 04:30:00,1686197700,148.52,204.1,0.0,1.07,8339.04,8303.91,-2.5100000000002183,-4.039999999999054,2.642
ABUJA_OFFICE_DG1_and_DG2_1686202200,2023-06-08 04:30:00,2023-06-08 04:45:00,1686198600,148.52,202.42,0.0,1.68,8339.04,8304.16,-2.5100000000002183,-4.289999999999054,2.628
ABUJA_OFFICE_DG1_and_DG2_1686203100,2023-06-08 04:45:00,2023-06-08 05:00:00,1686199500,148.52,201.51,0.0,0.75,8339.04,8304.41,-2.5100000000002183,-4.539999999999054,2.688
ABUJA_OFFICE_DG1_and_DG2_1686204000,2023-06-08 05:00:00,2023-06-08 05:15:00,1686200400,148.52,200.07,0.0,1.55,8339.04,8304.66,-2.5100000000002183,-4.789999999999054,2.384
ABUJA_OFFICE_DG1_and_DG2_1686204900,2023-06-08 05:15:00,2023-06-08 05:30:00,1686201300,148.52,199.16,0.0,0.95,8339.04,8304.91,-2.5100000000002183,-5.039999999999054,2.592
ABUJA_OFFICE_DG1_and_DG2_1686205800,2023-06-08 05:30:00,2023-06-08 05:45:00,1686202200,148.52,196.84,0.0,2.12,8339.04,8305.16,-2.5100000000002183,-5.289999999999054,2.942
ABUJA_OFFICE_DG1_and_DG2_1686206700,2023-06-08 05:45:00,2023-06-08 06:00:00,1686203100,148.52,195.89,0.0,1.11,8339.04,8305.41,-2.5100000000002183,-5.539999999999054,2.903
ABUJA_OFFICE_DG1_and_DG2_1686207600,2023-06-08 06:00:00,2023-06-08 06:15:00,1686204000,148.52,193.98,0.0,1.91,8339.04,8305.66,-2.5100000000002183,-5.789999999999054,3.479
ABUJA_OFFICE_DG1_and_DG2_1686208500,2023-06-08 06:15:00,2023-06-08 06:30:00,1686204900,148.52,192.3,0.0,1.64,8339.06,8305.9,-2.529999999998836,-6.029999999998836,5.04
ABUJA_OFFICE_DG1_and_DG2_1686209400,2023-06-08 06:30:00,2023-06-08 06:45:00,1686205800,147.28,191.9,0.82,0.48,8339.3,8305.91,-2.7699999999986176,-6.039999999999054,5.274
ABUJA_OFFICE_DG1_and_DG2_1686210300,2023-06-08 06:45:00,2023-06-08 07:00:00,1686206700,144.81,191.9,2.48,0.0,8339.55,8305.91,-3.0199999999986176,-6.039999999999054,5.77
ABUJA_OFFICE_DG1_and_DG2_1686211200,2023-06-08 07:00:00,2023-06-08 07:15:00,1686207600,142.74,191.9,2.48,0.0,8339.8,8305.91,-3.2699999999986176,-6.039999999999054,5.415
ABUJA_OFFICE_DG1_and_DG2_1686212100,2023-06-08 07:15:00,2023-06-08 07:30:00,1686208500,140.67,191.9,2.07,0.0,8340.05,8305.91,-3.5199999999986176,-6.039999999999054,6.624
ABUJA_OFFICE_DG1_and_DG2_1686213000,2023-06-08 07:30:00,2023-06-08 07:45:00,1686209400,137.37,191.9,2.89,0.0,8340.3,8305.91,-3.7699999999986176,-6.039999999999054,7.078
ABUJA_OFFICE_DG1_and_DG2_1686213900,2023-06-08 07:45:00,2023-06-08 08:00:00,1686210300,134.89,191.9,2.89,0.0,8340.55,8305.91,-4.019999999998618,-6.039999999999054,7.914
ABUJA_OFFICE_DG1_and_DG2_1686214800,2023-06-08 08:00:00,2023-06-08 08:15:00,1686211200,132.0,191.9,2.89,0.0,8340.8,8305.91,-4.269999999998618,-6.039999999999054,7.709
ABUJA_OFFICE_DG1_and_DG2_1686215700,2023-06-08 08:15:00,2023-06-08 08:30:00,1686212100,129.93,191.9,2.07,0.0,8341.05,8305.91,-4.519999999998618,-6.039999999999054,7.042
ABUJA_OFFICE_DG1_and_DG2_1686216600,2023-06-08 08:30:00,2023-06-08 08:45:00,1686213000,126.63,191.9,2.89,0.0,8341.3,8305.91,-4.769999999998618,-6.039999999999054,7.947
ABUJA_OFFICE_DG1_and_DG2_1686217500,2023-06-08 08:45:00,2023-06-08 09:00:00,1686213900,124.15,191.9,2.48,0.0,8341.55,8305.91,-5.019999999998618,-6.039999999999054,7.865
ABUJA_OFFICE_DG1_and_DG2_1686218400,2023-06-08 09:00:00,2023-06-08 09:15:00,1686214800,122.08,191.9,2.06,0.0,8341.8,8305.91,-5.269999999998618,-6.039999999999054,7.542
ABUJA_OFFICE_DG1_and_DG2_1686219300,2023-06-08 09:15:00,2023-06-08 09:30:00,1686215700,119.6,191.9,2.48,0.0,8342.05,8305.91,-5.519999999998618,-6.039999999999054,7.238
ABUJA_OFFICE_DG1_and_DG2_1686220200,2023-06-08 09:30:00,2023-06-08 09:45:00,1686216600,116.71,191.9,3.31,0.0,8342.3,8305.91,-5.769999999998618,-6.039999999999054,6.962
ABUJA_OFFICE_DG1_and_DG2_1686221100,2023-06-08 09:45:00,2023-06-08 10:00:00,1686217500,114.65,191.9,2.06,0.0,8342.56,8305.91,-6.029999999998836,-6.039999999999054,6.564
ABUJA_OFFICE_DG1_and_DG2_1686222000,2023-06-08 10:00:00,2023-06-08 10:15:00,1686218400,112.17,191.9,2.48,0.0,8342.8,8305.91,-6.269999999998618,-6.039999999999054,6.755
ABUJA_OFFICE_DG1_and_DG2_1686222900,2023-06-08 10:15:00,2023-06-08 10:30:00,1686219300,109.28,191.9,2.48,0.0,8343.06,8305.91,-6.529999999998836,-6.039999999999054,6.983
ABUJA_OFFICE_DG1_and_DG2_1686223800,2023-06-08 10:30:00,2023-06-08 10:45:00,1686220200,106.8,191.9,2.48,0.0,8343.3,8305.91,-6.769999999998618,-6.039999999999054,6.827
ABUJA_OFFICE_DG1_and_DG2_1686224700,2023-06-08 10:45:00,2023-06-08 11:00:00,1686221100,104.32,191.9,2.48,0.0,8343.56,8305.91,-7.029999999998836,-6.039999999999054,4.415
ABUJA_OFFICE_DG1_and_DG2_1686225600,2023-06-08 11:00:00,2023-06-08 11:15:00,1686222000,101.84,191.9,0,0,8343.8,8305.91,-7.269999999998618,-6.039999999999054,0.0
ABUJA_OFFICE_DG1_and_DG2_1686226500,2023-06-08 11:15:00,2023-06-08 11:30:00,1686222900,119.19,316.98,0,0,8343.99,8305.96,-7.459999999999127,-6.0899999999983265,0.0
ABUJA_OFFICE_DG1_and_DG2_1686227400,2023-06-08 11:30:00,2023-06-08 11:45:00,1686223800,334.43,316.18,0,0,8344.06,8306.16,-7.529999999998836,-6.289999999999054,0.0
ABUJA_OFFICE_DG1_and_DG2_1686228300,2023-06-08 11:45:00,2023-06-08 12:00:00,1686224700,331.54,316.18,2.47,0.0,8344.31,8306.16,-7.779999999998836,-6.289999999999054,3.725
ABUJA_OFFICE_DG1_and_DG2_1686229200,2023-06-08 12:00:00,2023-06-08 12:15:00,1686225600,329.06,316.18,2.07,0.0,8344.56,8306.16,-8.029999999998836,-6.289999999999054,7.346
ABUJA_OFFICE_DG1_and_DG2_1686230100,2023-06-08 12:15:00,2023-06-08 12:30:00,1686226500,326.58,321.36,2.89,0.0,8344.8,8306.17,-8.269999999998618,-6.299999999999272,7.237
ABUJA_OFFICE_DG1_and_DG2_1686231000,2023-06-08 12:30:00,2023-06-08 12:45:00,1686227400,326.58,313.55,0.42,7.45,8344.82,8306.42,-8.289999999999054,-6.549999999999272,7.693
ABUJA_OFFICE_DG1_and_DG2_1686231900,2023-06-08 12:45:00,2023-06-08 13:00:00,1686228300,326.58,311.64,0.0,2.07,8344.82,8306.67,-8.289999999999054,-6.799999999999272,7.522
ABUJA_OFFICE_DG1_and_DG2_1686232800,2023-06-08 13:00:00,2023-06-08 13:15:00,1686229200,326.58,309.33,0.0,2.51,8344.82,8306.92,-8.289999999999054,-7.049999999999272,7.126
ABUJA_OFFICE_DG1_and_DG2_1686233700,2023-06-08 13:15:00,2023-06-08 13:30:00,1686230100,326.58,306.58,0.0,2.51,8344.82,8307.17,-8.289999999999054,-7.299999999999272,6.943
ABUJA_OFFICE_DG1_and_DG2_1686234600,2023-06-08 13:30:00,2023-06-08 13:45:00,1686231000,326.58,303.79,0.0,3.03,8344.82,8307.42,-8.289999999999054,-7.549999999999272,7.037
ABUJA_OFFICE_DG1_and_DG2_1686235500,2023-06-08 13:45:00,2023-06-08 14:00:00,1686231900,326.58,300.84,0.0,2.94,8344.82,8307.67,-8.289999999999054,-7.799999999999272,7.243
ABUJA_OFFICE_DG1_and_DG2_1686236400,2023-06-08 14:00:00,2023-06-08 14:15:00,1686232800,326.58,298.53,0.0,1.91,8344.82,8307.92,-8.289999999999054,-8.049999999999272,7.349
ABUJA_OFFICE_DG1_and_DG2_1686237300,2023-06-08 14:15:00,2023-06-08 14:30:00,1686233700,326.58,296.54,0.0,2.23,8344.82,8308.17,-8.289999999999054,-8.299999999999272,7.476
ABUJA_OFFICE_DG1_and_DG2_1686238200,2023-06-08 14:30:00,2023-06-08 14:45:00,1686234600,326.58,294.22,0.0,2.00,8344.82,8308.42,-8.289999999999054,-8.549999999999272,7.131
ABUJA_OFFICE_DG1_and_DG2_1686239100,2023-06-08 14:45:00,2023-06-08 15:00:00,1686235500,326.58,291.16,0.0,3.54,8344.82,8308.67,-8.289999999999054,-8.799999999999272,6.442
ABUJA_OFFICE_DG1_and_DG2_1686240000,2023-06-08 15:00:00,2023-06-08 15:15:00,1686236400,326.58,289.04,0.0,1.76,8344.82,8308.92,-8.289999999999054,-9.049999999999272,6.645
ABUJA_OFFICE_DG1_and_DG2_1686240900,2023-06-08 15:15:00,2023-06-08 15:30:00,1686237300,326.58,287.69,0.0,1.71,8344.82,8309.17,-8.289999999999054,-9.299999999999272,7.11
ABUJA_OFFICE_DG1_and_DG2_1686241800,2023-06-08 15:30:00,2023-06-08 15:45:00,1686238200,326.58,284.74,0.0,2.67,8344.82,8309.42,-8.289999999999054,-9.549999999999272,6.937
ABUJA_OFFICE_DG1_and_DG2_1686242700,2023-06-08 15:45:00,2023-06-08 16:00:00,1686239100,326.58,282.15,0.0,2.75,8344.82,8309.67,-8.289999999999054,-9.799999999999272,6.485
ABUJA_OFFICE_DG1_and_DG2_1686243600,2023-06-08 16:00:00,2023-06-08 16:15:00,1686240000,326.58,280.48,0.0,1.79,8344.82,8309.92,-8.289999999999054,-10.049999999999272,5.03
ABUJA_OFFICE_DG1_and_DG2_1686244500,2023-06-08 16:15:00,2023-06-08 16:30:00,1686240900,326.58,278.21,0.0,2.27,8344.82,8310.17,-8.289999999999054,-10.299999999999272,4.524
ABUJA_OFFICE_DG1_and_DG2_1686245400,2023-06-08 16:30:00,2023-06-08 16:45:00,1686241800,326.58,276.57,0.0,1.16,8344.82,8310.42,-8.289999999999054,-10.549999999999272,3.901
ABUJA_OFFICE_DG1_and_DG2_1686246300,2023-06-08 16:45:00,2023-06-08 17:00:00,1686242700,326.58,275.06,0.0,1.79,8344.82,8310.67,-8.289999999999054,-10.799999999999272,3.266
ABUJA_OFFICE_DG1_and_DG2_1686247200,2023-06-08 17:00:00,2023-06-08 17:15:00,1686243600,326.58,273.86,0.0,1.4,8344.82,8310.92,-8.289999999999054,-11.049999999999272,3.115
ABUJA_OFFICE_DG1_and_DG2_1686248100,2023-06-08 17:15:00,2023-06-08 17:30:00,1686244500,326.58,272.19,0.0,1.63,8344.82,8311.17,-8.289999999999054,-11.299999999999272,2.773
ABUJA_OFFICE_DG1_and_DG2_1686249000,2023-06-08 17:30:00,2023-06-08 17:45:00,1686245400,326.58,270.64,0.0,1.59,8344.82,8311.42,-8.289999999999054,-11.549999999999272,2.68
ABUJA_OFFICE_DG1_and_DG2_1686249900,2023-06-08 17:45:00,2023-06-08 18:00:00,1686246300,326.58,268.96,0.0,1.20,8344.82,8311.67,-8.289999999999054,-11.799999999999272,2.909
ABUJA_OFFICE_DG1_and_DG2_1686250800,2023-06-08 18:00:00,2023-06-08 18:15:00,1686247200,326.58,268.05,0.0,1.39,8344.82,8311.92,-8.289999999999054,-12.049999999999272,2.835
ABUJA_OFFICE_DG1_and_DG2_1686251700,2023-06-08 18:15:00,2023-06-08 18:30:00,1686248100,326.58,266.89,0.0,0.76,8344.82,8312.17,-8.289999999999054,-12.299999999999272,2.985
ABUJA_OFFICE_DG1_and_DG2_1686252600,2023-06-08 18:30:00,2023-06-08 18:45:00,1686249000,324.93,266.09,1.65,1.2,8345.07,8312.2,-8.539999999999054,-12.329999999999927,3.486
ABUJA_OFFICE_DG1_and_DG2_1686253500,2023-06-08 18:45:00,2023-06-08 19:00:00,1686249900,322.87,266.09,2.06,0.0,8345.31,8312.2,-8.779999999998836,-12.329999999999927,3.496
ABUJA_OFFICE_DG1_and_DG2_1686254400,2023-06-08 19:00:00,2023-06-08 19:15:00,1686250800,319.97,266.09,2.9,0.0,8345.56,8312.2,-9.029999999998836,-12.329999999999927,3.304
ABUJA_OFFICE_DG1_and_DG2_1686255300,2023-06-08 19:15:00,2023-06-08 19:30:00,1686251700,319.56,266.09,0.41,0.0,8345.81,8312.2,-9.279999999998836,-12.329999999999927,3.153
ABUJA_OFFICE_DG1_and_DG2_1686256200,2023-06-08 19:30:00,2023-06-08 19:45:00,1686252600,317.5,266.09,2.06,0.0,8346.06,8312.2,-9.529999999998836,-12.329999999999927,2.906
ABUJA_OFFICE_DG1_and_DG2_1686257100,2023-06-08 19:45:00,2023-06-08 20:00:00,1686253500,315.43,266.09,1.66,0.0,8346.31,8312.2,-9.779999999998836,-12.329999999999927,2.718
ABUJA_OFFICE_DG1_and_DG2_1686258000,2023-06-08 20:00:00,2023-06-08 20:15:00,1686254400,314.19,266.09,1.65,0.0,8346.56,8312.2,-10.029999999998836,-12.329999999999927,2.667
ABUJA_OFFICE_DG1_and_DG2_1686258900,2023-06-08 20:15:00,2023-06-08 20:30:00,1686255300,313.36,266.09,0.83,0.0,8346.81,8312.2,-10.279999999998836,-12.329999999999927,2.66
ABUJA_OFFICE_DG1_and_DG2_1686259800,2023-06-08 20:30:00,2023-06-08 20:45:00,1686256200,311.3,266.09,1.65,0.0,8347.06,8312.2,-10.529999999998836,-12.329999999999927,2.619
ABUJA_OFFICE_DG1_and_DG2_1686260700,2023-06-08 20:45:00,2023-06-08 21:00:00,1686257100,309.23,266.09,2.48,0.0,8347.31,8312.2,-10.779999999998836,-12.329999999999927,2.633
ABUJA_OFFICE_DG1_and_DG2_1686261600,2023-06-08 21:00:00,2023-06-08 21:15:00,1686258000,307.99,266.09,1.24,0.0,8347.56,8312.2,-11.029999999998836,-12.329999999999927,2.812
ABUJA_OFFICE_DG1_and_DG2_1686262500,2023-06-08 21:15:00,2023-06-08 21:30:00,1686258900,306.34,266.09,1.65,0.0,8347.81,8312.2,-11.279999999998836,-12.329999999999927,2.666
ABUJA_OFFICE_DG1_and_DG2_1686263400,2023-06-08 21:30:00,2023-06-08 21:45:00,1686259800,305.1,266.09,1.24,0.0,8348.06,8312.2,-11.529999999998836,-12.329999999999927,2.755
ABUJA_OFFICE_DG1_and_DG2_1686264300,2023-06-08 21:45:00,2023-06-08 22:00:00,1686260700,303.86,266.09,1.24,0.0,8348.31,8312.2,-11.779999999998836,-12.329999999999927,2.734
ABUJA_OFFICE_DG1_and_DG2_1686265200,2023-06-08 22:00:00,2023-06-08 22:15:00,1686261600,301.38,266.09,2.48,0.0,8348.56,8312.2,-12.029999999998836,-12.329999999999927,2.585
ABUJA_OFFICE_DG1_and_DG2_1686266100,2023-06-08 22:15:00,2023-06-08 22:30:00,1686262500,300.14,266.09,1.24,0.0,8348.81,8312.2,-12.279999999998836,-12.329999999999927,2.58
ABUJA_OFFICE_DG1_and_DG2_1686267000,2023-06-08 22:30:00,2023-06-08 22:45:00,1686263400,297.67,266.09,1.65,0.0,8349.06,8312.2,-12.529999999998836,-12.329999999999927,2.663
ABUJA_OFFICE_DG1_and_DG2_1686267900,2023-06-08 22:45:00,2023-06-08 23:00:00,1686264300,296.01,266.09,2.48,0.0,8349.31,8312.2,-12.779999999998836,-12.329999999999927,2.618
ABUJA_OFFICE_DG1_and_DG2_1686268800,2023-06-08 23:00:00,2023-06-08 23:15:00,1686265200,294.77,266.09,1.24,0.0,8349.56,8312.2,-13.029999999998836,-12.329999999999927,2.719
ABUJA_OFFICE_DG1_and_DG2_1686269700,2023-06-08 23:15:00,2023-06-08 23:30:00,1686266100,292.71,266.09,2.06,0.0,8349.81,8312.2,-13.279999999998836,-12.329999999999927,2.624
ABUJA_OFFICE_DG1_and_DG2_1686270600,2023-06-08 23:30:00,2023-06-08 23:45:00,1686267000,291.06,266.09,1.65,0.0,8350.06,8312.2,-13.529999999998836,-12.329999999999927,2.672
ABUJA_OFFICE_DG1_and_DG2_1686271500,2023-06-08 23:45:00,2023-06-09 00:00:00,1686267900,288.99,266.09,2.07,0.0,8350.31,8312.2,-13.779999999998836,-12.329999999999927,2.579
