key,start,end,epoch,tankl1,tankl2,deltal1,deltal2,hrs1,hrs2,deltahrs1,deltahrs2,GB1_kwh
ADIKPO_1694307600,2023-09-10 00:00:00,2023-09-10 00:15:00,1694304000,88.3,108.14,1.83,0.34,11220.98,10085.21,-2.219999999999345,-0.05999999999949068,0.897
ADIKPO_1694308500,2023-09-10 00:15:00,2023-09-10 00:30:00,1694304900,88.3,107.8,0.0,2.05,11220.98,10085.46,-2.219999999999345,-0.3099999999994907,0.85
ADIKPO_1694309400,2023-09-10 00:30:00,2023-09-10 00:45:00,1694305800,88.3,106.43,0.0,2.05,11220.98,10085.71,-2.219999999999345,-0.5599999999994907,0.929
ADIKPO_1694310300,2023-09-10 00:45:00,2023-09-10 01:00:00,1694306700,87.93,106.43,0.37,0.0,11221.22,10085.73,-2.459999999999127,-0.5799999999999272,0.89
ADIKPO_1694311200,2023-09-10 01:00:00,2023-09-10 01:15:00,1694307600,86.83,106.43,0.74,0.0,11221.47,10085.73,-2.709999999999127,-0.5799999999999272,0.947
ADIKPO_1694312100,2023-09-10 01:15:00,2023-09-10 01:30:00,1694308500,86.09,106.43,1.1,0.0,11221.72,10085.73,-2.959999999999127,-0.5799999999999272,0.963
ADIKPO_1694313000,2023-09-10 01:30:00,2023-09-10 01:45:00,1694309400,85.35,106.43,0.74,0.0,11221.97,10085.73,-3.209999999999127,-0.5799999999999272,0.941
ADIKPO_1694313900,2023-09-10 01:45:00,2023-09-10 02:00:00,1694310300,83.51,106.43,1.1,0.0,11222.22,10085.73,-3.459999999999127,-0.5799999999999272,0.952
ADIKPO_1694314800,2023-09-10 02:00:00,2023-09-10 02:15:00,1694311200,83.14,106.43,2.58,0.0,11222.47,10085.73,-3.709999999999127,-0.5799999999999272,0.964
ADIKPO_1694315700,2023-09-10 02:15:00,2023-09-10 02:30:00,1694312100,82.77,106.43,0.37,0.0,11222.72,10085.73,-3.959999999999127,-0.5799999999999272,0.993
ADIKPO_1694316600,2023-09-10 02:30:00,2023-09-10 02:45:00,1694313000,82.04,106.43,0.73,0.0,11222.97,10085.73,-4.209999999999127,-0.5799999999999272,0.921
ADIKPO_1694317500,2023-09-10 02:45:00,2023-09-10 03:00:00,1694313900,80.93,106.43,1.10,0.0,11223.22,10085.73,-4.459999999999127,-0.5799999999999272,0.962
ADIKPO_1694318400,2023-09-10 03:00:00,2023-09-10 03:15:00,1694314800,80.56,106.43,0.37,0.0,11223.45,10085.78,-4.690000000000509,-0.6300000000010186,0.909
ADIKPO_1694319300,2023-09-10 03:15:00,2023-09-10 03:30:00,1694315700,79.83,106.43,0.73,0.0,11223.45,10086.03,-4.690000000000509,-0.8800000000010186,0.911
ADIKPO_1694320200,2023-09-10 03:30:00,2023-09-10 03:45:00,1694316600,79.83,105.07,0.0,1.36,11223.45,10086.28,-4.690000000000509,-1.1300000000010186,0.935
ADIKPO_1694321100,2023-09-10 03:45:00,2023-09-10 04:00:00,1694317500,79.83,104.39,0.0,0.68,11223.45,10086.53,-4.690000000000509,-1.3800000000010186,0.92
ADIKPO_1694322000,2023-09-10 04:00:00,2023-09-10 04:15:00,1694318400,79.83,103.02,0.0,1.37,11223.45,10086.78,-4.690000000000509,-1.6300000000010186,0.989
ADIKPO_1694322900,2023-09-10 04:15:00,2023-09-10 04:30:00,1694319300,79.83,103.02,0.0,0.0,11223.45,10087.03,-4.690000000000509,-1.8800000000010186,0.942
ADIKPO_1694323800,2023-09-10 04:30:00,2023-09-10 04:45:00,1694320200,79.83,102.0,0.0,1.02,11223.45,10087.28,-4.690000000000509,-2.1300000000010186,0.973
ADIKPO_1694324700,2023-09-10 04:45:00,2023-09-10 05:00:00,1694321100,79.83,101.66,0.0,0.34,11223.45,10087.53,-4.690000000000509,-2.3800000000010186,0.944
ADIKPO_1694325600,2023-09-10 05:00:00,2023-09-10 05:15:00,1694322000,79.83,100.64,0.0,1.02,11223.45,10087.78,-4.690000000000509,-2.6300000000010186,0.914
ADIKPO_1694326500,2023-09-10 05:15:00,2023-09-10 05:30:00,1694322900,79.83,99.27,0.0,1.37,11223.45,10088.03,-4.690000000000509,-2.8800000000010186,0.873
ADIKPO_1694327400,2023-09-10 05:30:00,2023-09-10 05:45:00,1694323800,79.83,98.93,0.0,0.0,11223.45,10088.27,-4.690000000000509,-3.1200000000008004,0.779
ADIKPO_1694328300,2023-09-10 05:45:00,2023-09-10 06:00:00,1694324700,79.83,98.25,0.0,1.02,11223.45,10088.52,-4.690000000000509,-3.3700000000008004,0.983
ADIKPO_1694329200,2023-09-10 06:00:00,2023-09-10 06:15:00,1694325600,79.83,97.91,0.0,0.34,11223.45,10088.78,-4.690000000000509,-3.6300000000010186,0.907
ADIKPO_1694330100,2023-09-10 06:15:00,2023-09-10 06:30:00,1694326500,79.83,96.89,0.0,1.02,11223.45,10089.02,-4.690000000000509,-3.8700000000008004,0.856
ADIKPO_1694331000,2023-09-10 06:30:00,2023-09-10 06:45:00,1694327400,79.83,96.55,0.0,0.34,11223.45,10089.28,-4.690000000000509,-4.130000000001019,0.923
ADIKPO_1694331900,2023-09-10 06:45:00,2023-09-10 07:00:00,1694328300,79.83,95.52,0.0,1.03,11223.45,10089.52,-4.690000000000509,-4.3700000000008,1.005
ADIKPO_1694332800,2023-09-10 07:00:00,2023-09-10 07:15:00,1694329200,79.83,94.84,0.0,0.34,11223.45,10089.78,-4.690000000000509,-4.630000000001019,1.247
ADIKPO_1694333700,2023-09-10 07:15:00,2023-09-10 07:30:00,1694330100,79.83,93.14,0.0,2.04,11223.45,10090.02,-4.690000000000509,-4.8700000000008,1.29
ADIKPO_1694334600,2023-09-10 07:30:00,2023-09-10 07:45:00,1694331000,79.83,93.14,0.0,0.0,11223.45,10090.28,-4.690000000000509,-5.130000000001019,1.237
ADIKPO_1694335500,2023-09-10 07:45:00,2023-09-10 08:00:00,1694331900,79.83,91.77,0.0,1.37,11223.45,10090.52,-4.690000000000509,-5.3700000000008,1.299
ADIKPO_1694336400,2023-09-10 08:00:00,2023-09-10 08:15:00,1694332800,79.83,91.43,0.0,0.34,11223.45,10090.78,-4.690000000000509,-5.630000000001019,1.226
ADIKPO_1694337300,2023-09-10 08:15:00,2023-09-10 08:30:00,1694333700,79.83,90.75,0.0,0.68,11223.45,10091.02,-4.690000000000509,-5.8700000000008,1.291
ADIKPO_1694338200,2023-09-10 08:30:00,2023-09-10 08:45:00,1694334600,79.83,89.73,0.0,1.02,11223.45,10091.28,-4.690000000000509,-6.130000000001019,1.338
ADIKPO_1694339100,2023-09-10 08:45:00,2023-09-10 09:00:00,1694335500,79.83,88.36,0.0,1.03,11223.45,10091.52,-4.690000000000509,-6.3700000000008,1.277
ADIKPO_1694340000,2023-09-10 09:00:00,2023-09-10 09:15:00,1694336400,79.46,88.36,0.37,2.73,11223.6,10091.65,-4.8400000000001455,-6.5,1.164
ADIKPO_1694340900,2023-09-10 09:15:00,2023-09-10 09:30:00,1694337300,79.46,88.36,0.0,0.0,11223.85,10091.65,-5.0900000000001455,-6.5,1.38
ADIKPO_1694341800,2023-09-10 09:30:00,2023-09-10 09:45:00,1694338200,77.62,88.36,1.46,0.0,11224.1,10091.65,-5.3400000000001455,-6.5,1.373
ADIKPO_1694342700,2023-09-10 09:45:00,2023-09-10 10:00:00,1694339100,76.51,88.36,1.48,0.0,11224.35,10091.65,-5.5900000000001455,-6.5,1.611
ADIKPO_1694343600,2023-09-10 10:00:00,2023-09-10 10:15:00,1694340000,75.41,88.36,1.1,0.0,11224.6,10091.65,-5.8400000000001455,-6.5,1.539
ADIKPO_1694344500,2023-09-10 10:15:00,2023-09-10 10:30:00,1694340900,74.67,88.36,0.74,0.0,11224.85,10091.65,-6.0900000000001455,-6.5,1.539
ADIKPO_1694345400,2023-09-10 10:30:00,2023-09-10 10:45:00,1694341800,73.94,88.36,0.37,0.0,11225.1,10091.67,-6.3400000000001455,-6.520000000000437,1.698
ADIKPO_1694346300,2023-09-10 10:45:00,2023-09-10 11:00:00,1694342700,72.46,88.36,1.84,0.0,11225.35,10091.67,-6.5900000000001455,-6.520000000000437,1.776
ADIKPO_1694347200,2023-09-10 11:00:00,2023-09-10 11:15:00,1694343600,71.36,88.36,0.73,0.0,11225.6,10091.67,-6.8400000000001455,-6.520000000000437,1.757
ADIKPO_1694348100,2023-09-10 11:15:00,2023-09-10 11:30:00,1694344500,70.62,88.36,1.10,0.0,11225.85,10091.67,-7.0900000000001455,-6.520000000000437,1.571
ADIKPO_1694349000,2023-09-10 11:30:00,2023-09-10 11:45:00,1694345400,69.52,88.36,1.1,0.0,11226.1,10091.67,-7.3400000000001455,-6.520000000000437,1.538
ADIKPO_1694349900,2023-09-10 11:45:00,2023-09-10 12:00:00,1694346300,68.41,88.36,1.10,0.0,11226.35,10091.67,-7.5900000000001455,-6.520000000000437,1.61
ADIKPO_1694350800,2023-09-10 12:00:00,2023-09-10 12:15:00,1694347200,67.31,88.36,1.1,0.0,11226.6,10091.67,-7.8400000000001455,-6.520000000000437,1.578
ADIKPO_1694351700,2023-09-10 12:15:00,2023-09-10 12:30:00,1694348100,66.57,88.36,0.37,0.0,11226.85,10091.67,-8.090000000000146,-6.520000000000437,1.613
ADIKPO_1694352600,2023-09-10 12:30:00,2023-09-10 12:45:00,1694349000,65.47,88.36,1.10,0.0,11227.1,10091.67,-8.340000000000146,-6.520000000000437,1.619
ADIKPO_1694353500,2023-09-10 12:45:00,2023-09-10 13:00:00,1694349900,65.1,88.36,0.73,0.0,11227.35,10091.67,-8.590000000000146,-6.520000000000437,1.714
ADIKPO_1694354400,2023-09-10 13:00:00,2023-09-10 13:15:00,1694350800,63.62,88.36,1.48,0.0,11227.6,10091.67,-8.840000000000146,-6.520000000000437,1.859
ADIKPO_1694355300,2023-09-10 13:15:00,2023-09-10 13:30:00,1694351700,62.89,88.36,0.73,0.0,11227.85,10091.67,-9.090000000000146,-6.520000000000437,1.788
ADIKPO_1694356200,2023-09-10 13:30:00,2023-09-10 13:45:00,1694352600,61.78,88.36,1.10,0.0,11228.1,10091.67,-9.340000000000146,-6.520000000000437,1.798
ADIKPO_1694357100,2023-09-10 13:45:00,2023-09-10 14:00:00,1694353500,60.31,88.36,1.47,0.0,11228.35,10091.67,-9.590000000000146,-6.520000000000437,1.767
ADIKPO_1694358000,2023-09-10 14:00:00,2023-09-10 14:15:00,1694354400,59.94,88.36,0.37,0.0,11228.6,10091.67,-9.840000000000146,-6.520000000000437,1.738
ADIKPO_1694358900,2023-09-10 14:15:00,2023-09-10 14:30:00,1694355300,58.47,88.36,1.47,0.0,11228.85,10091.67,-10.090000000000146,-6.520000000000437,1.865
ADIKPO_1694359800,2023-09-10 14:30:00,2023-09-10 14:45:00,1694356200,58.1,88.36,0.37,0.0,11229.1,10091.67,-10.340000000000146,-6.520000000000437,1.785
ADIKPO_1694360700,2023-09-10 14:45:00,2023-09-10 15:00:00,1694357100,56.26,88.36,1.46,0.0,11229.35,10091.67,-10.590000000000146,-6.520000000000437,1.627
ADIKPO_1694361600,2023-09-10 15:00:00,2023-09-10 15:15:00,1694358000,54.78,88.36,1.85,0.0,11229.6,10091.67,-10.840000000000146,-6.520000000000437,1.641
ADIKPO_1694362500,2023-09-10 15:15:00,2023-09-10 15:30:00,1694358900,54.78,88.02,0.0,0.34,11229.63,10091.92,-10.869999999998981,-6.770000000000437,1.432
ADIKPO_1694363400,2023-09-10 15:30:00,2023-09-10 15:45:00,1694359800,54.78,86.66,0.0,1.36,11229.63,10092.17,-10.869999999998981,-7.020000000000437,1.633
ADIKPO_1694364300,2023-09-10 15:45:00,2023-09-10 16:00:00,1694360700,54.78,85.64,0.0,0.68,11229.63,10092.42,-10.869999999998981,-7.270000000000437,1.609
ADIKPO_1694365200,2023-09-10 16:00:00,2023-09-10 16:15:00,1694361600,54.78,84.27,0.0,1.71,11229.63,10092.67,-10.869999999998981,-7.520000000000437,1.879
ADIKPO_1694366100,2023-09-10 16:15:00,2023-09-10 16:30:00,1694362500,54.78,83.59,0.0,0.68,11229.63,10092.92,-10.869999999998981,-7.770000000000437,1.966
ADIKPO_1694367000,2023-09-10 16:30:00,2023-09-10 16:45:00,1694363400,54.78,82.91,0.0,0.68,11229.63,10093.17,-10.869999999998981,-8.020000000000437,1.47
ADIKPO_1694367900,2023-09-10 16:45:00,2023-09-10 17:00:00,1694364300,54.78,82.91,0.0,0.0,11229.63,10093.42,-10.869999999998981,-8.270000000000437,1.053
ADIKPO_1694368800,2023-09-10 17:00:00,2023-09-10 17:15:00,1694365200,54.78,81.2,0.0,1.71,11229.63,10093.56,-10.869999999998981,-8.409999999999854,1.502
ADIKPO_1694369700,2023-09-10 17:15:00,2023-09-10 17:30:00,1694366100,54.78,81.2,0.0,0.0,11229.63,10093.56,-10.869999999998981,-8.409999999999854,1.47
ADIKPO_1694370600,2023-09-10 17:30:00,2023-09-10 17:45:00,1694367000,54.78,81.2,0.0,0.0,11229.63,10093.56,-10.869999999998981,-8.409999999999854,1.203
ADIKPO_1694371500,2023-09-10 17:45:00,2023-09-10 18:00:00,1694367900,54.78,81.2,0.0,0.0,11229.63,10093.56,-10.869999999998981,-8.409999999999854,1.25
ADIKPO_1694372400,2023-09-10 18:00:00,2023-09-10 18:15:00,1694368800,54.78,81.2,0.0,0.0,11229.63,10093.56,-10.869999999998981,-8.409999999999854,1.318
ADIKPO_1694373300,2023-09-10 18:15:00,2023-09-10 18:30:00,1694369700,54.78,81.2,0.0,0.0,11229.63,10093.56,-10.869999999998981,-8.409999999999854,1.241
ADIKPO_1694374200,2023-09-10 18:30:00,2023-09-10 18:45:00,1694370600,56.26,81.2,1.84,0.0,11229.63,10093.74,-10.869999999998981,-8.590000000000146,1.003
ADIKPO_1694375100,2023-09-10 18:45:00,2023-09-10 19:00:00,1694371500,56.26,80.86,0.0,0.34,11229.63,10093.99,-10.869999999998981,-8.840000000000146,0.995
ADIKPO_1694376000,2023-09-10 19:00:00,2023-09-10 19:15:00,1694372400,56.26,80.18,0.0,0.68,11229.63,10094.24,-10.869999999998981,-9.090000000000146,1.039
ADIKPO_1694376900,2023-09-10 19:15:00,2023-09-10 19:30:00,1694373300,56.26,79.16,0.0,1.02,11229.63,10094.47,-10.869999999998981,-9.319999999999709,1.163
ADIKPO_1694377800,2023-09-10 19:30:00,2023-09-10 19:45:00,1694374200,56.26,78.14,0.0,1.02,11229.63,10094.72,-10.869999999998981,-9.569999999999709,1.116
ADIKPO_1694378700,2023-09-10 19:45:00,2023-09-10 20:00:00,1694375100,56.26,77.8,0.0,0.34,11229.63,10094.97,-10.869999999998981,-9.819999999999709,1.158
ADIKPO_1694379600,2023-09-10 20:00:00,2023-09-10 20:15:00,1694376000,56.26,77.45,0.0,0.35,11229.63,10095.22,-10.869999999998981,-10.069999999999709,1.078
ADIKPO_1694380500,2023-09-10 20:15:00,2023-09-10 20:30:00,1694376900,56.26,76.43,0.0,1.02,11229.63,10095.47,-10.869999999998981,-10.319999999999709,1.034
ADIKPO_1694381400,2023-09-10 20:30:00,2023-09-10 20:45:00,1694377800,56.26,75.07,0.0,1.36,11229.63,10095.72,-10.869999999998981,-10.569999999999709,1.077
ADIKPO_1694382300,2023-09-10 20:45:00,2023-09-10 21:00:00,1694378700,56.26,74.73,0.0,0.34,11229.63,10095.97,-10.869999999998981,-10.819999999999709,1.026
ADIKPO_1694383200,2023-09-10 21:00:00,2023-09-10 21:15:00,1694379600,56.26,73.7,0.0,1.03,11229.63,10096.23,-10.869999999998981,-11.079999999999927,0.939
ADIKPO_1694384100,2023-09-10 21:15:00,2023-09-10 21:30:00,1694380500,55.15,73.7,1.10,0.0,11229.86,10096.25,-11.100000000000364,-11.100000000000364,0.797
ADIKPO_1694385000,2023-09-10 21:30:00,2023-09-10 21:45:00,1694381400,55.15,73.7,0.0,0.0,11229.86,10096.25,-11.100000000000364,-11.100000000000364,0.82
ADIKPO_1694385900,2023-09-10 21:45:00,2023-09-10 22:00:00,1694382300,55.15,73.7,0.0,0.0,11229.86,10096.25,-11.100000000000364,-11.100000000000364,0.848
ADIKPO_1694386800,2023-09-10 22:00:00,2023-09-10 22:15:00,1694383200,55.15,73.7,0.0,0.0,11229.86,10096.25,-11.100000000000364,-11.100000000000364,0.85
ADIKPO_1694387700,2023-09-10 22:15:00,2023-09-10 22:30:00,1694384100,55.15,73.7,0.0,0.0,11229.86,10096.25,-11.100000000000364,-11.100000000000364,0.827
ADIKPO_1694388600,2023-09-10 22:30:00,2023-09-10 22:45:00,1694385000,55.15,73.7,0.0,0.0,11229.86,10096.25,-11.100000000000364,-11.100000000000364,0.872
ADIKPO_1694389500,2023-09-10 22:45:00,2023-09-10 23:00:00,1694385900,55.15,73.7,0.0,0.0,11229.86,10096.25,-11.100000000000364,-11.100000000000364,0.842
ADIKPO_1694390400,2023-09-10 23:00:00,2023-09-10 23:15:00,1694386800,55.15,73.7,0.0,0.0,11229.86,10096.25,-11.100000000000364,-11.100000000000364,0.839
ADIKPO_1694391300,2023-09-10 23:15:00,2023-09-10 23:30:00,1694387700,55.15,73.7,0.0,0.0,11229.86,10096.25,-11.100000000000364,-11.100000000000364,0.827
ADIKPO_1694392200,2023-09-10 23:30:00,2023-09-10 23:45:00,1694388600,55.15,73.7,0.0,0.0,11229.86,10096.25,-11.100000000000364,-11.100000000000364,0.806
ADIKPO_1694393100,2023-09-10 23:45:00,2023-09-11 00:00:00,1694389500,55.15,73.7,0.0,0.0,11229.86,10096.25,-11.100000000000364,-11.100000000000364,0.814
