key,start,end,epoch,tankl1,tankl2,deltal1,deltal2,hrs1,hrs2,deltahrs1,deltahrs2,GB1_kwh
ADIKPO_1695430800,2023-09-23 00:00:00,2023-09-23 00:15:00,1695427200,99.35,44.05,1.1,0.0,11405.81,10197.45,-2.2299999999995634,-0.06000000000130967,0.969
ADIKPO_1695431700,2023-09-23 00:15:00,2023-09-23 00:30:00,1695428100,98.98,44.05,0.37,0.0,11405.81,10197.7,-2.2299999999995634,-0.3100000000013097,0.92
ADIKPO_1695432600,2023-09-23 00:30:00,2023-09-23 00:45:00,1695429000,98.98,43.02,0.0,1.03,11405.81,10197.95,-2.2299999999995634,-0.5600000000013097,0.92
ADIKPO_1695433500,2023-09-23 00:45:00,2023-09-23 01:00:00,1695429900,98.98,43.02,0.0,0.0,11406.05,10197.98,-2.469999999999345,-0.5900000000001455,0.962
ADIKPO_1695434400,2023-09-23 01:00:00,2023-09-23 01:15:00,1695430800,97.87,43.02,1.10,0.0,11406.3,10197.98,-2.719999999999345,-0.5900000000001455,0.938
ADIKPO_1695435300,2023-09-23 01:15:00,2023-09-23 01:30:00,1695431700,96.4,43.02,1.1,0.0,11406.55,10197.98,-2.969999999999345,-0.5900000000001455,0.971
ADIKPO_1695436200,2023-09-23 01:30:00,2023-09-23 01:45:00,1695432600,96.4,43.02,0.37,0.0,11406.8,10197.98,-3.219999999999345,-0.5900000000001455,0.992
ADIKPO_1695437100,2023-09-23 01:45:00,2023-09-23 02:00:00,1695433500,94.93,43.02,1.47,0.0,11407.05,10197.98,-3.469999999999345,-0.5900000000001455,0.953
ADIKPO_1695438000,2023-09-23 02:00:00,2023-09-23 02:15:00,1695434400,94.56,43.02,0.37,0.0,11407.3,10197.98,-3.719999999999345,-0.5900000000001455,0.99
ADIKPO_1695438900,2023-09-23 02:15:00,2023-09-23 02:30:00,1695435300,93.82,43.02,0.74,0.0,11407.55,10197.98,-3.969999999999345,-0.5900000000001455,0.952
ADIKPO_1695439800,2023-09-23 02:30:00,2023-09-23 02:45:00,1695436200,92.35,43.02,1.47,0.0,11407.8,10197.98,-4.219999999999345,-0.5900000000001455,0.945
ADIKPO_1695440700,2023-09-23 02:45:00,2023-09-23 03:00:00,1695437100,92.35,43.02,0.0,0.0,11408.05,10197.98,-4.469999999999345,-0.5900000000001455,1.044
ADIKPO_1695441600,2023-09-23 03:00:00,2023-09-23 03:15:00,1695438000,91.24,43.02,0.74,0.0,11408.28,10198.02,-4.700000000000728,-0.6300000000010186,0.941
ADIKPO_1695442500,2023-09-23 03:15:00,2023-09-23 03:30:00,1695438900,91.24,42.68,0.37,0.34,11408.28,10198.27,-4.700000000000728,-0.8800000000010186,0.922
ADIKPO_1695443400,2023-09-23 03:30:00,2023-09-23 03:45:00,1695439800,91.24,42.0,0.0,0.68,11408.28,10198.52,-4.700000000000728,-1.1300000000010186,0.943
ADIKPO_1695444300,2023-09-23 03:45:00,2023-09-23 04:00:00,1695440700,91.24,42.0,0.0,0.0,11408.28,10198.77,-4.700000000000728,-1.3800000000010186,0.911
ADIKPO_1695445200,2023-09-23 04:00:00,2023-09-23 04:15:00,1695441600,91.24,42.0,0.0,0.0,11408.28,10199.02,-4.700000000000728,-1.6300000000010186,0.99
ADIKPO_1695446100,2023-09-23 04:15:00,2023-09-23 04:30:00,1695442500,91.24,42.0,0.0,0.0,11408.28,10199.27,-4.700000000000728,-1.8800000000010186,0.928
ADIKPO_1695447000,2023-09-23 04:30:00,2023-09-23 04:45:00,1695443400,91.24,42.0,0.0,0.0,11408.28,10199.52,-4.700000000000728,-2.1300000000010186,0.953
ADIKPO_1695447900,2023-09-23 04:45:00,2023-09-23 05:00:00,1695444300,91.24,42.0,0.0,0.0,11408.28,10199.77,-4.700000000000728,-2.3800000000010186,0.983
ADIKPO_1695448800,2023-09-23 05:00:00,2023-09-23 05:15:00,1695445200,91.24,42.0,0.0,0.0,11408.28,10200.02,-4.700000000000728,-2.6300000000010186,0.91
ADIKPO_1695449700,2023-09-23 05:15:00,2023-09-23 05:30:00,1695446100,91.24,42.0,0.0,0.0,11408.28,10200.27,-4.700000000000728,-2.8800000000010186,0.905
ADIKPO_1695450600,2023-09-23 05:30:00,2023-09-23 05:45:00,1695447000,91.24,42.0,0.0,0.0,11408.28,10200.52,-4.700000000000728,-3.1300000000010186,0.875
ADIKPO_1695451500,2023-09-23 05:45:00,2023-09-23 06:00:00,1695447900,91.24,42.0,0.0,0.0,11408.28,10200.77,-4.700000000000728,-3.3800000000010186,0.857
ADIKPO_1695452400,2023-09-23 06:00:00,2023-09-23 06:15:00,1695448800,91.24,42.0,0.0,0.0,11408.28,10201.02,-4.700000000000728,-3.6300000000010186,0.991
ADIKPO_1695453300,2023-09-23 06:15:00,2023-09-23 06:30:00,1695449700,91.24,42.0,0.0,0.0,11408.28,10201.27,-4.700000000000728,-3.8800000000010186,0.874
ADIKPO_1695454200,2023-09-23 06:30:00,2023-09-23 06:45:00,1695450600,91.24,42.0,0.0,0.0,11408.28,10201.52,-4.700000000000728,-4.130000000001019,0.848
ADIKPO_1695455100,2023-09-23 06:45:00,2023-09-23 07:00:00,1695451500,91.24,42.0,0.0,0.0,11408.28,10201.77,-4.700000000000728,-4.380000000001019,0.849
ADIKPO_1695456000,2023-09-23 07:00:00,2023-09-23 07:15:00,1695452400,91.24,42.0,0.0,0.0,11408.28,10202.02,-4.700000000000728,-4.630000000001019,0.863
ADIKPO_1695456900,2023-09-23 07:15:00,2023-09-23 07:30:00,1695453300,91.24,42.0,0.0,0.0,11408.28,10202.27,-4.700000000000728,-4.880000000001019,1.098
ADIKPO_1695457800,2023-09-23 07:30:00,2023-09-23 07:45:00,1695454200,91.24,42.0,0.0,0.0,11408.28,10202.52,-4.700000000000728,-5.130000000001019,0.844
ADIKPO_1695458700,2023-09-23 07:45:00,2023-09-23 08:00:00,1695455100,91.24,42.0,0.0,0.0,11408.28,10202.77,-4.700000000000728,-5.380000000001019,0.86
ADIKPO_1695459600,2023-09-23 08:00:00,2023-09-23 08:15:00,1695456000,91.24,42.0,0.0,0.0,11408.28,10203.02,-4.700000000000728,-5.630000000001019,0.881
ADIKPO_1695460500,2023-09-23 08:15:00,2023-09-23 08:30:00,1695456900,91.24,42.0,0.0,0.0,11408.28,10203.27,-4.700000000000728,-5.880000000001019,0.96
ADIKPO_1695461400,2023-09-23 08:30:00,2023-09-23 08:45:00,1695457800,91.24,42.0,0.0,0.0,11408.28,10203.52,-4.700000000000728,-6.130000000001019,0.967
ADIKPO_1695462300,2023-09-23 08:45:00,2023-09-23 09:00:00,1695458700,91.24,42.0,0.0,0.0,11408.28,10203.77,-4.700000000000728,-6.380000000001019,1.14
ADIKPO_1695463200,2023-09-23 09:00:00,2023-09-23 09:15:00,1695459600,91.24,42.0,0.0,0.0,11408.28,10204.02,-4.700000000000728,-6.630000000001019,1.251
ADIKPO_1695464100,2023-09-23 09:15:00,2023-09-23 09:30:00,1695460500,91.24,42.0,0.0,0.0,11408.48,10204.1,-4.899999999999636,-6.710000000000946,1.086
ADIKPO_1695465000,2023-09-23 09:30:00,2023-09-23 09:45:00,1695461400,90.14,42.0,1.1,0.0,11408.73,10204.1,-5.149999999999636,-6.710000000000946,1.19
ADIKPO_1695465900,2023-09-23 09:45:00,2023-09-23 10:00:00,1695462300,89.03,42.0,0.74,0.0,11408.98,10204.1,-5.399999999999636,-6.710000000000946,1.159
ADIKPO_1695466800,2023-09-23 10:00:00,2023-09-23 10:15:00,1695463200,87.56,42.0,1.84,0.0,11409.23,10204.1,-5.649999999999636,-6.710000000000946,1.25
ADIKPO_1695467700,2023-09-23 10:15:00,2023-09-23 10:30:00,1695464100,87.19,42.0,0.37,0.0,11409.48,10204.1,-5.899999999999636,-6.710000000000946,1.193
ADIKPO_1695468600,2023-09-23 10:30:00,2023-09-23 10:45:00,1695465000,86.09,42.0,1.1,0.0,11409.73,10204.1,-6.149999999999636,-6.710000000000946,1.259
ADIKPO_1695469500,2023-09-23 10:45:00,2023-09-23 11:00:00,1695465900,84.98,42.0,1.10,0.0,11409.98,10204.1,-6.399999999999636,-6.710000000000946,1.504
ADIKPO_1695470400,2023-09-23 11:00:00,2023-09-23 11:15:00,1695466800,84.62,42.0,0.36,0.0,11410.23,10204.1,-6.649999999999636,-6.710000000000946,1.262
ADIKPO_1695471300,2023-09-23 11:15:00,2023-09-23 11:30:00,1695467700,83.14,42.0,1.48,0.0,11410.48,10204.1,-6.899999999999636,-6.710000000000946,1.256
ADIKPO_1695472200,2023-09-23 11:30:00,2023-09-23 11:45:00,1695468600,82.41,42.0,0.73,0.0,11410.73,10204.1,-7.149999999999636,-6.710000000000946,1.19
ADIKPO_1695473100,2023-09-23 11:45:00,2023-09-23 12:00:00,1695469500,80.93,42.0,1.10,0.0,11410.98,10204.1,-7.399999999999636,-6.710000000000946,1.219
ADIKPO_1695474000,2023-09-23 12:00:00,2023-09-23 12:15:00,1695470400,80.2,42.0,0.74,0.0,11411.23,10204.1,-7.649999999999636,-6.710000000000946,1.289
ADIKPO_1695474900,2023-09-23 12:15:00,2023-09-23 12:30:00,1695471300,79.83,42.0,0.73,0.0,11411.48,10204.1,-7.899999999999636,-6.710000000000946,1.3
ADIKPO_1695475800,2023-09-23 12:30:00,2023-09-23 12:45:00,1695472200,78.35,42.0,1.48,0.0,11411.73,10204.1,-8.149999999999636,-6.710000000000946,1.675
ADIKPO_1695476700,2023-09-23 12:45:00,2023-09-23 13:00:00,1695473100,77.99,42.0,0.36,0.0,11411.98,10204.1,-8.399999999999636,-6.710000000000946,2.086
ADIKPO_1695477600,2023-09-23 13:00:00,2023-09-23 13:15:00,1695474000,75.78,42.0,2.21,0.0,11412.23,10204.1,-8.649999999999636,-6.710000000000946,2.164
ADIKPO_1695478500,2023-09-23 13:15:00,2023-09-23 13:30:00,1695474900,75.41,42.0,0.37,0.0,11412.48,10204.1,-8.899999999999636,-6.710000000000946,2.259
ADIKPO_1695479400,2023-09-23 13:30:00,2023-09-23 13:45:00,1695475800,74.67,42.0,0.74,0.0,11412.73,10204.1,-9.149999999999636,-6.710000000000946,1.996
ADIKPO_1695480300,2023-09-23 13:45:00,2023-09-23 14:00:00,1695476700,73.94,42.0,0.73,0.0,11412.98,10204.1,-9.399999999999636,-6.710000000000946,1.922
ADIKPO_1695481200,2023-09-23 14:00:00,2023-09-23 14:15:00,1695477600,72.46,42.0,1.48,0.0,11413.23,10204.1,-9.649999999999636,-6.710000000000946,1.823
ADIKPO_1695482100,2023-09-23 14:15:00,2023-09-23 14:30:00,1695478500,70.99,72.34,1.1,0.0,11413.48,10204.1,-9.899999999999636,-6.710000000000946,2.11
ADIKPO_1695483000,2023-09-23 14:30:00,2023-09-23 14:45:00,1695479400,128.44,140.18,0.37,0.0,11413.73,10204.1,-10.149999999999636,-6.710000000000946,2.137
ADIKPO_1695483900,2023-09-23 14:45:00,2023-09-23 15:00:00,1695480300,127.7,140.18,1.10,0.0,11413.98,10204.1,-10.399999999999636,-6.710000000000946,1.965
ADIKPO_1695484800,2023-09-23 15:00:00,2023-09-23 15:15:00,1695481200,126.23,140.18,1.47,0.0,11414.23,10204.1,-10.649999999999636,-6.710000000000946,1.925
ADIKPO_1695485700,2023-09-23 15:15:00,2023-09-23 15:30:00,1695482100,125.49,138.14,0.74,4.77,11414.27,10204.35,-10.69000000000051,-6.960000000000946,1.59
ADIKPO_1695486600,2023-09-23 15:30:00,2023-09-23 15:45:00,1695483000,125.49,138.14,0.0,0.68,11414.27,10204.6,-10.69000000000051,-7.210000000000946,1.718
ADIKPO_1695487500,2023-09-23 15:45:00,2023-09-23 16:00:00,1695483900,125.49,137.11,0.0,2.39,11414.27,10204.85,-10.69000000000051,-7.460000000000946,1.806
ADIKPO_1695488400,2023-09-23 16:00:00,2023-09-23 16:15:00,1695484800,125.49,133.36,0.0,2.71,11414.27,10205.1,-10.69000000000051,-7.710000000000946,2.01
ADIKPO_1695489300,2023-09-23 16:15:00,2023-09-23 16:30:00,1695485700,125.49,135.07,0.0,3.75,11414.27,10205.33,-10.69000000000051,-7.940000000000509,1.816
ADIKPO_1695490200,2023-09-23 16:30:00,2023-09-23 16:45:00,1695486600,125.49,133.02,0.0,2.05,11414.27,10205.58,-10.69000000000051,-8.19000000000051,1.747
ADIKPO_1695491100,2023-09-23 16:45:00,2023-09-23 17:00:00,1695487500,125.49,130.98,0.0,3.75,11414.27,10205.83,-10.69000000000051,-8.44000000000051,1.559
ADIKPO_1695492000,2023-09-23 17:00:00,2023-09-23 17:15:00,1695488400,125.49,133.02,0.0,4.42,11414.27,10206.08,-10.69000000000051,-8.69000000000051,1.548
ADIKPO_1695492900,2023-09-23 17:15:00,2023-09-23 17:30:00,1695489300,125.49,132.0,0.0,4.09,11414.27,10206.33,-10.69000000000051,-8.94000000000051,1.709
ADIKPO_1695493800,2023-09-23 17:30:00,2023-09-23 17:45:00,1695490200,125.49,128.25,0.0,3.41,11414.27,10206.58,-10.69000000000051,-9.19000000000051,1.6
ADIKPO_1695494700,2023-09-23 17:45:00,2023-09-23 18:00:00,1695491100,125.49,128.25,0.0,3.75,11414.27,10206.83,-10.69000000000051,-9.44000000000051,1.777
ADIKPO_1695495600,2023-09-23 18:00:00,2023-09-23 18:15:00,1695492000,125.49,127.23,0.0,2.38,11414.27,10207.08,-10.69000000000051,-9.69000000000051,1.683
ADIKPO_1695496500,2023-09-23 18:15:00,2023-09-23 18:30:00,1695492900,125.49,126.2,0.0,1.03,11414.27,10207.33,-10.69000000000051,-9.94000000000051,1.508
ADIKPO_1695497400,2023-09-23 18:30:00,2023-09-23 18:45:00,1695493800,125.49,125.18,0.0,1.02,11414.27,10207.58,-10.69000000000051,-10.19000000000051,1.458
ADIKPO_1695498300,2023-09-23 18:45:00,2023-09-23 19:00:00,1695494700,125.49,126.2,0.0,0.35,11414.27,10207.83,-10.69000000000051,-10.44000000000051,1.432
ADIKPO_1695499200,2023-09-23 19:00:00,2023-09-23 19:15:00,1695495600,125.49,123.48,0.0,2.72,11414.27,10208.08,-10.69000000000051,-10.69000000000051,1.401
ADIKPO_1695500100,2023-09-23 19:15:00,2023-09-23 19:30:00,1695496500,125.49,123.14,0.0,1.70,11414.27,10208.33,-10.69000000000051,-10.94000000000051,1.694
ADIKPO_1695501000,2023-09-23 19:30:00,2023-09-23 19:45:00,1695497400,125.49,121.77,0.0,1.71,11414.27,10208.59,-10.69000000000051,-11.200000000000728,1.524
ADIKPO_1695501900,2023-09-23 19:45:00,2023-09-23 20:00:00,1695498300,125.49,121.43,0.0,1.70,11414.27,10208.84,-10.69000000000051,-11.450000000000728,1.131
ADIKPO_1695502800,2023-09-23 20:00:00,2023-09-23 20:15:00,1695499200,125.49,119.39,0.0,2.04,11414.27,10209.09,-10.69000000000051,-11.700000000000728,1.0
ADIKPO_1695503700,2023-09-23 20:15:00,2023-09-23 20:30:00,1695500100,125.49,118.02,0.0,2.73,11414.27,10209.34,-10.69000000000051,-11.950000000000728,0.995
ADIKPO_1695504600,2023-09-23 20:30:00,2023-09-23 20:45:00,1695501000,125.49,118.7,0.0,1.71,11414.27,10209.59,-10.69000000000051,-12.200000000000728,1.162
ADIKPO_1695505500,2023-09-23 20:45:00,2023-09-23 21:00:00,1695501900,125.49,117.0,0.0,1.70,11414.27,10209.84,-10.69000000000051,-12.450000000000728,0.991
ADIKPO_1695506400,2023-09-23 21:00:00,2023-09-23 21:15:00,1695502800,125.49,117.09,0.0,2.29,11414.27,10210.09,-10.69000000000051,-12.700000000000728,1.044
ADIKPO_1695507300,2023-09-23 21:15:00,2023-09-23 21:30:00,1695503700,125.13,116.66,0.36,0.43,11414.51,10210.12,-10.930000000000291,-12.730000000001382,1.012
ADIKPO_1695508200,2023-09-23 21:30:00,2023-09-23 21:45:00,1695504600,124.02,116.66,1.10,0.0,11414.76,10210.12,-11.180000000000291,-12.730000000001382,0.959
ADIKPO_1695509100,2023-09-23 21:45:00,2023-09-23 22:00:00,1695505500,122.92,116.66,1.1,0.0,11415.01,10210.12,-11.430000000000291,-12.730000000001382,1.054
ADIKPO_1695510000,2023-09-23 22:00:00,2023-09-23 22:15:00,1695506400,122.18,116.66,0.74,0.0,11415.26,10210.12,-11.680000000000291,-12.730000000001382,1.06
ADIKPO_1695510900,2023-09-23 22:15:00,2023-09-23 22:30:00,1695507300,121.08,116.66,1.1,0.0,11415.51,10210.12,-11.930000000000291,-12.730000000001382,1.039
ADIKPO_1695511800,2023-09-23 22:30:00,2023-09-23 22:45:00,1695508200,119.6,116.66,1.48,0.0,11415.76,10210.12,-12.180000000000291,-12.730000000001382,1.058
ADIKPO_1695512700,2023-09-23 22:45:00,2023-09-23 23:00:00,1695509100,118.87,116.66,0.73,0.0,11416.02,10210.12,-12.44000000000051,-12.730000000001382,1.007
ADIKPO_1695513600,2023-09-23 23:00:00,2023-09-23 23:15:00,1695510000,118.13,116.66,0.74,0.0,11416.27,10210.12,-12.69000000000051,-12.730000000001382,1.072
ADIKPO_1695514500,2023-09-23 23:15:00,2023-09-23 23:30:00,1695510900,117.39,116.66,0.74,0.0,11416.52,10210.12,-12.94000000000051,-12.730000000001382,1.064
ADIKPO_1695515400,2023-09-23 23:30:00,2023-09-23 23:45:00,1695511800,115.55,116.66,1.84,0.0,11416.77,10210.12,-13.19000000000051,-12.730000000001382,1.041
ADIKPO_1695516300,2023-09-23 23:45:00,2023-09-24 00:00:00,1695512700,115.18,116.66,0.0,0.0,11417.02,10210.12,-13.44000000000051,-12.730000000001382,1.068
