key,start,end,epoch,tankl1,tankl2,deltal1,deltal2,hrs1,hrs2,deltahrs1,deltahrs2,kwh
TARABA_DG1_And_DG2_1693962000,2023-09-06 00:00:00,2023-09-06 00:15:00,1693958400,161.71,68.07,0,0,6945.13,6566.36,0.0,0.0,0.0
TARABA_DG1_And_DG2_1693962900,2023-09-06 00:15:00,2023-09-06 00:30:00,1693959300,160.99,68.07,0.0,0.0,6945.13,6566.61,0.0,-0.25,0.0
TARABA_DG1_And_DG2_1693963800,2023-09-06 00:30:00,2023-09-06 00:45:00,1693960200,159.9,68.07,1.81,0.0,6945.13,6566.86,0.0,-0.5,0.0
TARABA_DG1_And_DG2_1693964700,2023-09-06 00:45:00,2023-09-06 01:00:00,1693961100,158.81,68.07,1.08,0.0,6945.13,6567.11,0.0,-0.75,0.0
TARABA_DG1_And_DG2_1693965600,2023-09-06 01:00:00,2023-09-06 01:15:00,1693962000,157.72,68.07,1.08,0.0,6945.13,6567.36,0.0,-1.0,0.0
TARABA_DG1_And_DG2_1693966500,2023-09-06 01:15:00,2023-09-06 01:30:00,1693962900,157.0,68.07,0.72,0.0,6945.13,6567.61,0.0,-1.25,0.0
TARABA_DG1_And_DG2_1693967400,2023-09-06 01:30:00,2023-09-06 01:45:00,1693963800,156.28,68.07,0.72,0.0,6945.13,6567.86,0.0,-1.5,0.0
TARABA_DG1_And_DG2_1693968300,2023-09-06 01:45:00,2023-09-06 02:00:00,1693964700,155.55,68.07,0.73,0.0,6945.13,6568.11,0.0,-1.75,0.0
TARABA_DG1_And_DG2_1693969200,2023-09-06 02:00:00,2023-09-06 02:15:00,1693965600,155.19,68.07,0.36,0.0,6945.13,6568.36,0.0,-2.0,0.0
TARABA_DG1_And_DG2_1693970100,2023-09-06 02:15:00,2023-09-06 02:30:00,1693966500,153.38,68.07,1.81,0.0,6945.13,6568.61,0.0,-2.25,0.0
TARABA_DG1_And_DG2_1693971000,2023-09-06 02:30:00,2023-09-06 02:45:00,1693967400,152.65,68.07,0.73,0.0,6945.13,6568.86,0.0,-2.5,0.0
TARABA_DG1_And_DG2_1693971900,2023-09-06 02:45:00,2023-09-06 03:00:00,1693968300,151.56,68.07,1.08,0.0,6945.13,6569.11,0.0,-2.75,0.0
TARABA_DG1_And_DG2_1693972800,2023-09-06 03:00:00,2023-09-06 03:15:00,1693969200,150.84,68.07,0.36,0.0,6945.13,6569.36,0.0,-3.0,0.0
TARABA_DG1_And_DG2_1693973700,2023-09-06 03:15:00,2023-09-06 03:30:00,1693970100,150.11,68.07,1.08,0.0,6945.13,6569.61,0.0,-3.25,0.0
TARABA_DG1_And_DG2_1693974600,2023-09-06 03:30:00,2023-09-06 03:45:00,1693971000,149.02,68.07,0.72,0.0,6945.13,6569.86,0.0,-3.5,0.0
TARABA_DG1_And_DG2_1693975500,2023-09-06 03:45:00,2023-09-06 04:00:00,1693971900,148.3,68.07,0.73,0.0,6945.13,6570.11,0.0,-3.75,0.0
TARABA_DG1_And_DG2_1693976400,2023-09-06 04:00:00,2023-09-06 04:15:00,1693972800,147.57,68.07,0.72,0.0,6945.13,6570.36,0.0,-4.0,0.0
TARABA_DG1_And_DG2_1693977300,2023-09-06 04:15:00,2023-09-06 04:30:00,1693973700,146.12,68.07,1.81,0.0,6945.13,6570.61,0.0,-4.25,0.0
TARABA_DG1_And_DG2_1693978200,2023-09-06 04:30:00,2023-09-06 04:45:00,1693974600,145.04,68.07,1.08,0.0,6945.13,6570.86,0.0,-4.5,0.0
TARABA_DG1_And_DG2_1693979100,2023-09-06 04:45:00,2023-09-06 05:00:00,1693975500,144.31,68.07,0.73,0.0,6945.13,6571.11,0.0,-4.75,0.0
TARABA_DG1_And_DG2_1693980000,2023-09-06 05:00:00,2023-09-06 05:15:00,1693976400,143.22,68.07,1.08,0.0,6945.13,6571.36,0.0,-5.0,0.0
TARABA_DG1_And_DG2_1693980900,2023-09-06 05:15:00,2023-09-06 05:30:00,1693977300,142.14,68.07,1.08,0.0,6945.13,6571.61,0.0,-5.25,0.0
TARABA_DG1_And_DG2_1693981800,2023-09-06 05:30:00,2023-09-06 05:45:00,1693978200,141.41,68.07,0.73,0.0,6945.13,6571.86,0.0,-5.5,0.0
TARABA_DG1_And_DG2_1693982700,2023-09-06 05:45:00,2023-09-06 06:00:00,1693979100,141.05,68.07,0.36,0.0,6945.13,6572.11,0.0,-5.75,0.0
TARABA_DG1_And_DG2_1693983600,2023-09-06 06:00:00,2023-09-06 06:15:00,1693980000,141.05,68.07,0.0,0.0,6945.13,6572.14,0.0,-5.780000000000655,0.0
TARABA_DG1_And_DG2_1693984500,2023-09-06 06:15:00,2023-09-06 06:30:00,1693980900,141.05,68.07,0.0,0.0,6945.13,6572.14,0.0,-5.780000000000655,0.0
TARABA_DG1_And_DG2_1693985400,2023-09-06 06:30:00,2023-09-06 06:45:00,1693981800,141.05,68.07,0.0,0.0,6945.13,6572.14,0.0,-5.780000000000655,0.0
TARABA_DG1_And_DG2_1693986300,2023-09-06 06:45:00,2023-09-06 07:00:00,1693982700,141.05,68.07,0.0,0.0,6945.13,6572.14,0.0,-5.780000000000655,0.0
TARABA_DG1_And_DG2_1693987200,2023-09-06 07:00:00,2023-09-06 07:15:00,1693983600,141.05,68.07,0.0,0.0,6945.13,6572.14,0.0,-5.780000000000655,0.0
TARABA_DG1_And_DG2_1693988100,2023-09-06 07:15:00,2023-09-06 07:30:00,1693984500,141.05,68.07,0.0,0.0,6945.13,6572.14,0.0,-5.780000000000655,0.0
TARABA_DG1_And_DG2_1693989000,2023-09-06 07:30:00,2023-09-06 07:45:00,1693985400,141.05,68.07,0.0,0.0,6945.13,6572.14,0.0,-5.780000000000655,0.0
TARABA_DG1_And_DG2_1693989900,2023-09-06 07:45:00,2023-09-06 08:00:00,1693986300,141.05,68.07,0.0,0.0,6945.13,6572.14,0.0,-5.780000000000655,0.0
TARABA_DG1_And_DG2_1693990800,2023-09-06 08:00:00,2023-09-06 08:15:00,1693987200,141.05,68.07,0.0,0.0,6945.13,6572.14,0.0,-5.780000000000655,0.0
TARABA_DG1_And_DG2_1693991700,2023-09-06 08:15:00,2023-09-06 08:30:00,1693988100,141.05,68.07,0.0,0.0,6945.13,6572.14,0.0,-5.780000000000655,0.0
TARABA_DG1_And_DG2_1693992600,2023-09-06 08:30:00,2023-09-06 08:45:00,1693989000,141.05,68.07,0.0,0.0,6945.13,6572.14,0.0,-5.780000000000655,0.0
TARABA_DG1_And_DG2_1693993500,2023-09-06 08:45:00,2023-09-06 09:00:00,1693989900,141.05,68.07,0.0,0.0,6945.13,6572.19,0.0,-5.829999999999927,0.0
TARABA_DG1_And_DG2_1693994400,2023-09-06 09:00:00,2023-09-06 09:15:00,1693990800,140.69,68.07,0.36,0.0,6945.13,6572.34,0.0,-5.980000000000473,0.0
TARABA_DG1_And_DG2_1693995300,2023-09-06 09:15:00,2023-09-06 09:30:00,1693991700,140.69,68.07,0.0,0.0,6945.13,6572.34,0.0,-5.980000000000473,0.0
TARABA_DG1_And_DG2_1693996200,2023-09-06 09:30:00,2023-09-06 09:45:00,1693992600,140.69,68.07,0.0,0.0,6945.13,6572.34,0.0,-5.980000000000473,0.0
TARABA_DG1_And_DG2_1693997100,2023-09-06 09:45:00,2023-09-06 10:00:00,1693993500,140.69,68.07,0.0,0.0,6945.13,6572.34,0.0,-5.980000000000473,0.0
TARABA_DG1_And_DG2_1693998000,2023-09-06 10:00:00,2023-09-06 10:15:00,1693994400,140.69,68.07,0.0,0.0,6945.13,6572.34,0.0,-5.980000000000473,0.0
TARABA_DG1_And_DG2_1693998900,2023-09-06 10:15:00,2023-09-06 10:30:00,1693995300,140.69,68.07,0.0,0.0,6945.13,6572.34,0.0,-5.980000000000473,0.0
TARABA_DG1_And_DG2_1693999800,2023-09-06 10:30:00,2023-09-06 10:45:00,1693996200,140.69,68.07,0.0,0.0,6945.13,6572.34,0.0,-5.980000000000473,0.0
TARABA_DG1_And_DG2_1694000700,2023-09-06 10:45:00,2023-09-06 11:00:00,1693997100,140.69,68.07,0.0,0.0,6945.13,6572.34,0.0,-5.980000000000473,0.0
TARABA_DG1_And_DG2_1694001600,2023-09-06 11:00:00,2023-09-06 11:15:00,1693998000,140.69,68.07,0.0,0.0,6945.13,6572.34,0.0,-5.980000000000473,0.0
TARABA_DG1_And_DG2_1694002500,2023-09-06 11:15:00,2023-09-06 11:30:00,1693998900,139.96,68.07,0.37,0.0,6945.13,6572.44,0.0,-6.079999999999927,0.0
TARABA_DG1_And_DG2_1694003400,2023-09-06 11:30:00,2023-09-06 11:45:00,1693999800,138.15,68.07,2.17,0.0,6945.13,6572.68,0.0,-6.3200000000006185,0.0
TARABA_DG1_And_DG2_1694004300,2023-09-06 11:45:00,2023-09-06 12:00:00,1694000700,137.06,68.07,1.08,0.0,6945.13,6572.94,0.0,-6.579999999999927,0.0
TARABA_DG1_And_DG2_1694005200,2023-09-06 12:00:00,2023-09-06 12:15:00,1694001600,135.61,68.07,1.08,0.0,6945.13,6573.18,0.0,-6.8200000000006185,0.0
TARABA_DG1_And_DG2_1694006100,2023-09-06 12:15:00,2023-09-06 12:30:00,1694002500,134.52,68.07,1.08,0.0,6945.13,6573.44,0.0,-7.079999999999927,0.0
TARABA_DG1_And_DG2_1694007000,2023-09-06 12:30:00,2023-09-06 12:45:00,1694003400,132.71,68.07,2.17,0.0,6945.13,6573.65,0.0,-7.289999999999964,0.0
TARABA_DG1_And_DG2_1694007900,2023-09-06 12:45:00,2023-09-06 13:00:00,1694004300,132.35,68.07,0.36,0.0,6945.13,6573.65,0.0,-7.289999999999964,0.0
TARABA_DG1_And_DG2_1694008800,2023-09-06 13:00:00,2023-09-06 13:15:00,1694005200,132.35,68.07,0.0,0.0,6945.13,6573.65,0.0,-7.289999999999964,0.0
TARABA_DG1_And_DG2_1694009700,2023-09-06 13:15:00,2023-09-06 13:30:00,1694006100,132.35,68.07,0.0,0.0,6945.13,6573.65,0.0,-7.289999999999964,0.0
TARABA_DG1_And_DG2_1694010600,2023-09-06 13:30:00,2023-09-06 13:45:00,1694007000,131.99,68.07,0.0,0.0,6945.13,6573.74,0.0,-7.380000000000109,0.0
TARABA_DG1_And_DG2_1694011500,2023-09-06 13:45:00,2023-09-06 14:00:00,1694007900,131.26,68.07,0.73,0.0,6945.13,6573.95,0.0,-7.5900000000001455,0.0
TARABA_DG1_And_DG2_1694012400,2023-09-06 14:00:00,2023-09-06 14:15:00,1694008800,129.45,68.07,2.17,0.0,6945.13,6574.2,0.0,-7.8400000000001455,0.0
TARABA_DG1_And_DG2_1694013300,2023-09-06 14:15:00,2023-09-06 14:30:00,1694009700,128.0,67.69,1.44,0.0,6945.13,6574.45,0.0,-8.090000000000146,0.0
TARABA_DG1_And_DG2_1694014200,2023-09-06 14:30:00,2023-09-06 14:45:00,1694010600,126.19,66.56,1.44,1.50,6945.13,6574.7,0.0,-8.340000000000146,0.0
TARABA_DG1_And_DG2_1694015100,2023-09-06 14:45:00,2023-09-06 15:00:00,1694011500,125.1,66.56,1.44,0.0,6945.13,6574.95,0.0,-8.590000000000146,0.0
TARABA_DG1_And_DG2_1694016000,2023-09-06 15:00:00,2023-09-06 15:15:00,1694012400,123.65,66.56,1.44,0.0,6945.13,6575.2,0.0,-8.840000000000146,0.0
TARABA_DG1_And_DG2_1694016900,2023-09-06 15:15:00,2023-09-06 15:30:00,1694013300,122.2,66.56,1.44,0.0,6945.13,6575.45,0.0,-9.090000000000146,0.0
TARABA_DG1_And_DG2_1694017800,2023-09-06 15:30:00,2023-09-06 15:45:00,1694014200,120.75,66.56,1.45,0.0,6945.13,6575.7,0.0,-9.340000000000146,0.0
TARABA_DG1_And_DG2_1694018700,2023-09-06 15:45:00,2023-09-06 16:00:00,1694015100,119.3,66.56,1.08,0.0,6945.13,6575.95,0.0,-9.590000000000146,0.0
TARABA_DG1_And_DG2_1694019600,2023-09-06 16:00:00,2023-09-06 16:15:00,1694016000,118.21,66.56,1.08,0.0,6945.13,6576.2,0.0,-9.840000000000146,0.0
TARABA_DG1_And_DG2_1694020500,2023-09-06 16:15:00,2023-09-06 16:30:00,1694016900,117.12,66.56,1.46,0.0,6945.13,6576.45,0.0,-10.090000000000146,0.0
TARABA_DG1_And_DG2_1694021400,2023-09-06 16:30:00,2023-09-06 16:45:00,1694017800,116.04,66.56,1.08,0.0,6945.13,6576.7,0.0,-10.340000000000146,0.0
TARABA_DG1_And_DG2_1694022300,2023-09-06 16:45:00,2023-09-06 17:00:00,1694018700,114.95,66.56,1.08,0.0,6945.13,6576.95,0.0,-10.590000000000146,0.0
TARABA_DG1_And_DG2_1694023200,2023-09-06 17:00:00,2023-09-06 17:15:00,1694019600,113.86,66.56,1.08,0.0,6945.13,6577.2,0.0,-10.840000000000146,0.0
TARABA_DG1_And_DG2_1694024100,2023-09-06 17:15:00,2023-09-06 17:30:00,1694020500,112.41,66.56,1.08,0.0,6945.13,6577.45,0.0,-11.090000000000146,0.0
TARABA_DG1_And_DG2_1694025000,2023-09-06 17:30:00,2023-09-06 17:45:00,1694021400,112.05,155.28,0.73,0.0,6945.13,6577.7,0.0,-11.340000000000146,0.0
TARABA_DG1_And_DG2_1694025900,2023-09-06 17:45:00,2023-09-06 18:00:00,1694022300,111.32,218.44,0.73,0.0,6945.13,6577.95,0.0,-11.590000000000146,0.0
TARABA_DG1_And_DG2_1694026800,2023-09-06 18:00:00,2023-09-06 18:15:00,1694023200,109.88,218.44,1.08,0.0,6945.13,6578.2,0.0,-11.840000000000146,0.0
TARABA_DG1_And_DG2_1694027700,2023-09-06 18:15:00,2023-09-06 18:30:00,1694024100,109.15,218.44,1.08,0.0,6945.13,6578.45,0.0,-12.090000000000146,0.0
TARABA_DG1_And_DG2_1694028600,2023-09-06 18:30:00,2023-09-06 18:45:00,1694025000,108.42,218.44,0.73,0.0,6945.13,6578.7,0.0,-12.340000000000146,0.0
TARABA_DG1_And_DG2_1694029500,2023-09-06 18:45:00,2023-09-06 19:00:00,1694025900,107.34,218.44,1.08,0.0,6945.13,6578.95,0.0,-12.590000000000146,0.0
TARABA_DG1_And_DG2_1694030400,2023-09-06 19:00:00,2023-09-06 19:15:00,1694026800,106.61,218.44,0.36,0.0,6945.13,6579.2,0.0,-12.840000000000146,0.0
TARABA_DG1_And_DG2_1694031300,2023-09-06 19:15:00,2023-09-06 19:30:00,1694027700,105.52,218.44,1.08,0.0,6945.13,6579.45,0.0,-13.090000000000146,0.0
TARABA_DG1_And_DG2_1694032200,2023-09-06 19:30:00,2023-09-06 19:45:00,1694028600,104.8,218.44,1.08,0.0,6945.13,6579.7,0.0,-13.340000000000146,0.0
TARABA_DG1_And_DG2_1694033100,2023-09-06 19:45:00,2023-09-06 20:00:00,1694029500,104.08,218.44,0.72,0.0,6945.13,6579.95,0.0,-13.590000000000146,0.0
TARABA_DG1_And_DG2_1694034000,2023-09-06 20:00:00,2023-09-06 20:15:00,1694030400,102.99,218.44,1.08,0.0,6945.13,6580.2,0.0,-13.840000000000146,0.0
TARABA_DG1_And_DG2_1694034900,2023-09-06 20:15:00,2023-09-06 20:30:00,1694031300,101.9,218.44,0.73,0.0,6945.13,6580.45,0.0,-14.090000000000146,0.0
TARABA_DG1_And_DG2_1694035800,2023-09-06 20:30:00,2023-09-06 20:45:00,1694032200,101.18,218.44,1.08,0.0,6945.13,6580.7,0.0,-14.340000000000146,0.0
TARABA_DG1_And_DG2_1694036700,2023-09-06 20:45:00,2023-09-06 21:00:00,1694033100,100.45,218.44,0.73,0.0,6945.13,6580.95,0.0,-14.590000000000146,0.0
TARABA_DG1_And_DG2_1694037600,2023-09-06 21:00:00,2023-09-06 21:15:00,1694034000,99.0,218.44,1.08,0.0,6945.13,6581.2,0.0,-14.840000000000146,0.0
TARABA_DG1_And_DG2_1694038500,2023-09-06 21:15:00,2023-09-06 21:30:00,1694034900,98.64,218.44,0.72,0.0,6945.13,6581.45,0.0,-15.090000000000146,0.0
TARABA_DG1_And_DG2_1694039400,2023-09-06 21:30:00,2023-09-06 21:45:00,1694035800,97.55,218.44,1.08,0.0,6945.13,6581.7,0.0,-15.340000000000146,0.0
TARABA_DG1_And_DG2_1694040300,2023-09-06 21:45:00,2023-09-06 22:00:00,1694036700,96.46,218.44,1.08,0.0,6945.13,6581.95,0.0,-15.590000000000146,0.0
TARABA_DG1_And_DG2_1694041200,2023-09-06 22:00:00,2023-09-06 22:15:00,1694037600,96.1,218.44,0.36,0.0,6945.13,6582.2,0.0,-15.840000000000146,0.0
TARABA_DG1_And_DG2_1694042100,2023-09-06 22:15:00,2023-09-06 22:30:00,1694038500,95.01,218.44,1.08,0.0,6945.13,6582.45,0.0,-16.090000000000146,0.0
TARABA_DG1_And_DG2_1694043000,2023-09-06 22:30:00,2023-09-06 22:45:00,1694039400,94.29,218.44,0.72,0.0,6945.13,6582.7,0.0,-16.340000000000146,0.0
TARABA_DG1_And_DG2_1694043900,2023-09-06 22:45:00,2023-09-06 23:00:00,1694040300,93.92,218.44,0.37,0.0,6945.13,6582.95,0.0,-16.590000000000146,0.0
TARABA_DG1_And_DG2_1694044800,2023-09-06 23:00:00,2023-09-06 23:15:00,1694041200,91.75,218.44,2.17,0.0,6945.13,6583.2,0.0,-16.840000000000146,0.0
TARABA_DG1_And_DG2_1694045700,2023-09-06 23:15:00,2023-09-06 23:30:00,1694042100,90.66,218.44,1.08,0.0,6945.13,6583.45,0.0,-17.090000000000146,0.0
TARABA_DG1_And_DG2_1694046600,2023-09-06 23:30:00,2023-09-06 23:45:00,1694043000,90.3,218.44,0.36,0.0,6945.13,6583.7,0.0,-17.340000000000146,0.0
TARABA_DG1_And_DG2_1694047500,2023-09-06 23:45:00,2023-09-07 00:00:00,1694043900,89.21,218.44,1.08,0.0,6945.13,6583.96,0.0,-17.600000000000364,0.0
