key,start,end,epoch,tankl1,tankl2,deltal1,deltal2,hrs1,hrs2,deltahrs1,deltahrs2,GB1_kwh
TARABA_DG1_And_DG2_1696464000_OFFICE-00980AA1,2023-10-05 00:00:00,2023-10-05 00:15:00,1696464000,146.49,216.93,0.72,0.0,7096.01,6881.26,-7095.19,-6881.26,1.813
TARABA_DG1_And_DG2_1696464900_OFFICE-00980AA1,2023-10-05 00:15:00,2023-10-05 00:30:00,1696464900,145.04,216.93,1.44,0.0,7096.01,6881.51,-7095.19,-6881.51,1.772
TARABA_DG1_And_DG2_1696465800_OFFICE-00980AA1,2023-10-05 00:30:00,2023-10-05 00:45:00,1696465800,144.31,216.93,0.73,0.0,7096.01,6881.76,-7095.19,-6881.76,1.661
TARABA_DG1_And_DG2_1696466700_OFFICE-00980AA1,2023-10-05 00:45:00,2023-10-05 01:00:00,1696466700,143.22,216.93,1.08,0.0,7096.01,6882.01,-7095.19,-6882.01,1.7
TARABA_DG1_And_DG2_1696467600_OFFICE-00980AA1,2023-10-05 01:00:00,2023-10-05 01:15:00,1696467600,142.14,216.93,1.08,0.0,7096.01,6882.26,-7095.19,-6882.26,1.716
TARABA_DG1_And_DG2_1696468500_OFFICE-00980AA1,2023-10-05 01:15:00,2023-10-05 01:30:00,1696468500,141.78,216.93,0.36,0.0,7096.01,6882.51,-7095.19,-6882.51,1.706
TARABA_DG1_And_DG2_1696469400_OFFICE-00980AA1,2023-10-05 01:30:00,2023-10-05 01:45:00,1696469400,139.6,216.93,2.17,0.0,7096.01,6882.76,-7095.19,-6882.76,1.666
TARABA_DG1_And_DG2_1696470300_OFFICE-00980AA1,2023-10-05 01:45:00,2023-10-05 02:00:00,1696470300,139.24,216.93,0.36,0.0,7096.01,6882.98,-7095.19,-6882.98,1.715
TARABA_DG1_And_DG2_1696471200_OFFICE-00980AA1,2023-10-05 02:00:00,2023-10-05 02:15:00,1696471200,137.43,216.93,1.80,0.0,7096.01,6883.22,-7095.19,-6883.22,1.78
TARABA_DG1_And_DG2_1696472100_OFFICE-00980AA1,2023-10-05 02:15:00,2023-10-05 02:30:00,1696472100,136.7,216.93,0.73,0.0,7096.01,6883.47,-7095.19,-6883.47,1.789
TARABA_DG1_And_DG2_1696473000_OFFICE-00980AA1,2023-10-05 02:30:00,2023-10-05 02:45:00,1696473000,136.34,216.93,0.36,0.0,7096.01,6883.72,-7095.19,-6883.72,1.937
TARABA_DG1_And_DG2_1696473900_OFFICE-00980AA1,2023-10-05 02:45:00,2023-10-05 03:00:00,1696473900,134.52,216.93,1.08,0.0,7096.01,6883.97,-7095.19,-6883.97,1.927
TARABA_DG1_And_DG2_1696474800_OFFICE-00980AA1,2023-10-05 03:00:00,2023-10-05 03:15:00,1696474800,134.16,216.93,1.08,0.0,7096.01,6884.22,-7095.19,-6884.22,1.753
TARABA_DG1_And_DG2_1696475700_OFFICE-00980AA1,2023-10-05 03:15:00,2023-10-05 03:30:00,1696475700,133.07,216.93,1.08,0.0,7096.01,6884.47,-7095.19,-6884.47,1.688
TARABA_DG1_And_DG2_1696476600_OFFICE-00980AA1,2023-10-05 03:30:00,2023-10-05 03:45:00,1696476600,131.99,216.93,1.08,0.0,7096.01,6884.69,-7095.19,-6884.69,1.784
TARABA_DG1_And_DG2_1696477500_OFFICE-00980AA1,2023-10-05 03:45:00,2023-10-05 04:00:00,1696477500,131.26,216.93,0.37,0.0,7096.01,6884.94,-7095.19,-6884.94,1.671
TARABA_DG1_And_DG2_1696478400_OFFICE-00980AA1,2023-10-05 04:00:00,2023-10-05 04:15:00,1696478400,130.54,216.93,1.08,0.0,7096.01,6885.19,-7095.19,-6885.19,1.741
TARABA_DG1_And_DG2_1696479300_OFFICE-00980AA1,2023-10-05 04:15:00,2023-10-05 04:30:00,1696479300,128.72,216.93,1.81,0.0,7096.01,6885.44,-7095.19,-6885.44,1.745
TARABA_DG1_And_DG2_1696480200_OFFICE-00980AA1,2023-10-05 04:30:00,2023-10-05 04:45:00,1696480200,127.64,216.93,0.72,0.0,7096.01,6885.69,-7095.19,-6885.69,1.606
TARABA_DG1_And_DG2_1696481100_OFFICE-00980AA1,2023-10-05 04:45:00,2023-10-05 05:00:00,1696481100,126.91,216.93,1.08,0.0,7096.01,6885.94,-7095.19,-6885.94,1.478
TARABA_DG1_And_DG2_1696482000_OFFICE-00980AA1,2023-10-05 05:00:00,2023-10-05 05:15:00,1696482000,125.82,216.93,1.08,0.0,7096.01,6886.19,-7095.19,-6886.19,1.481
TARABA_DG1_And_DG2_1696482900_OFFICE-00980AA1,2023-10-05 05:15:00,2023-10-05 05:30:00,1696482900,124.74,216.93,1.08,0.0,7096.01,6886.44,-7095.19,-6886.44,1.464
TARABA_DG1_And_DG2_1696483800_OFFICE-00980AA1,2023-10-05 05:30:00,2023-10-05 05:45:00,1696483800,123.65,216.93,1.08,0.0,7096.01,6886.69,-7095.19,-6886.69,1.249
TARABA_DG1_And_DG2_1696484700_OFFICE-00980AA1,2023-10-05 05:45:00,2023-10-05 06:00:00,1696484700,123.65,216.93,0.0,0.0,7096.01,6886.94,-7095.19,-6886.94,1.217
TARABA_DG1_And_DG2_1696485600_OFFICE-00980AA1,2023-10-05 06:00:00,2023-10-05 06:15:00,1696485600,122.56,216.93,1.08,0.0,7096.01,6887.19,-7095.19,-6887.19,1.143
TARABA_DG1_And_DG2_1696486500_OFFICE-00980AA1,2023-10-05 06:15:00,2023-10-05 06:30:00,1696486500,121.11,216.93,1.45,0.0,7096.01,6887.44,-7095.19,-6887.44,0.052
TARABA_DG1_And_DG2_1696487400_OFFICE-00980AA1,2023-10-05 06:30:00,2023-10-05 06:45:00,1696487400,119.66,216.93,1.44,0.0,7096.01,6887.69,-7095.19,-6887.69,0.0
TARABA_DG1_And_DG2_1696488300_OFFICE-00980AA1,2023-10-05 06:45:00,2023-10-05 07:00:00,1696488300,119.3,216.56,0.36,0.37,7096.01,6887.94,-7095.19,-6887.94,0.0
TARABA_DG1_And_DG2_1696489200_OFFICE-00980AA1,2023-10-05 07:00:00,2023-10-05 07:15:00,1696489200,117.49,216.56,1.80,0.0,7096.01,6888.19,-7095.19,-6888.19,0.0
TARABA_DG1_And_DG2_1696490100_OFFICE-00980AA1,2023-10-05 07:15:00,2023-10-05 07:30:00,1696490100,116.76,216.56,0.73,0.0,7096.01,6888.44,-7095.19,-6888.44,0.0
TARABA_DG1_And_DG2_1696491000_OFFICE-00980AA1,2023-10-05 07:30:00,2023-10-05 07:45:00,1696491000,115.31,216.18,1.45,0.38,7096.01,6888.69,-7095.19,-6888.69,0.0
TARABA_DG1_And_DG2_1696491900_OFFICE-00980AA1,2023-10-05 07:45:00,2023-10-05 08:00:00,1696491900,113.86,216.56,1.44,0.0,7096.01,6888.95,-7095.19,-6888.95,0.0
TARABA_DG1_And_DG2_1696492800_OFFICE-00980AA1,2023-10-05 08:00:00,2023-10-05 08:15:00,1696492800,113.5,215.81,0.36,0.38,7096.01,6889.2,-7095.19,-6889.2,0.0
TARABA_DG1_And_DG2_1696493700_OFFICE-00980AA1,2023-10-05 08:15:00,2023-10-05 08:30:00,1696493700,111.69,215.81,1.81,0.37,7096.01,6889.45,-7095.19,-6889.45,0.0
TARABA_DG1_And_DG2_1696494600_OFFICE-00980AA1,2023-10-05 08:30:00,2023-10-05 08:45:00,1696494600,110.6,215.81,1.08,0.0,7096.01,6889.7,-7095.19,-6889.7,0.0
TARABA_DG1_And_DG2_1696495500_OFFICE-00980AA1,2023-10-05 08:45:00,2023-10-05 09:00:00,1696495500,110.24,215.81,0.36,0.0,7096.01,6889.95,-7095.19,-6889.95,0.0
TARABA_DG1_And_DG2_1696496400_OFFICE-00980AA1,2023-10-05 09:00:00,2023-10-05 09:15:00,1696496400,108.42,215.81,1.81,0.0,7096.01,6890.2,-7095.19,-6890.2,0.0
TARABA_DG1_And_DG2_1696497300_OFFICE-00980AA1,2023-10-05 09:15:00,2023-10-05 09:30:00,1696497300,107.34,215.81,1.08,0.0,7096.01,6890.45,-7095.19,-6890.45,0.0
TARABA_DG1_And_DG2_1696498200_OFFICE-00980AA1,2023-10-05 09:30:00,2023-10-05 09:45:00,1696498200,106.25,215.81,1.08,0.0,7096.01,6890.7,-7095.19,-6890.7,0.0
TARABA_DG1_And_DG2_1696499100_OFFICE-00980AA1,2023-10-05 09:45:00,2023-10-05 10:00:00,1696499100,105.16,215.81,0.73,0.0,7096.01,6890.95,-7095.19,-6890.95,0.0
TARABA_DG1_And_DG2_1696500000_OFFICE-00980AA1,2023-10-05 10:00:00,2023-10-05 10:15:00,1696500000,104.08,215.81,1.44,0.0,7096.01,6891.2,-7095.19,-6891.2,0.0
TARABA_DG1_And_DG2_1696500900_OFFICE-00980AA1,2023-10-05 10:15:00,2023-10-05 10:30:00,1696500900,102.62,215.81,1.08,0.0,7096.01,6891.45,-7095.19,-6891.45,0.0
TARABA_DG1_And_DG2_1696501800_OFFICE-00980AA1,2023-10-05 10:30:00,2023-10-05 10:45:00,1696501800,102.26,215.81,0.73,0.0,7096.01,6891.7,-7095.19,-6891.7,0.0
TARABA_DG1_And_DG2_1696502700_OFFICE-00980AA1,2023-10-05 10:45:00,2023-10-05 11:00:00,1696502700,100.45,215.81,1.45,0.0,7096.01,6891.95,-7095.19,-6891.95,0.0
TARABA_DG1_And_DG2_1696503600_OFFICE-00980AA1,2023-10-05 11:00:00,2023-10-05 11:15:00,1696503600,99,215.81,1.80,0.0,7096.01,6892.2,-7095.19,-6892.2,0.0
TARABA_DG1_And_DG2_1696504500_OFFICE-00980AA1,2023-10-05 11:15:00,2023-10-05 11:30:00,1696504500,97.55,215.81,1.44,0.0,7096.01,6892.45,-7095.19,-6892.45,0.0
TARABA_DG1_And_DG2_1696505400_OFFICE-00980AA1,2023-10-05 11:30:00,2023-10-05 11:45:00,1696505400,96.1,215.81,1.44,0.0,7096.01,6892.7,-7095.19,-6892.7,0.0
TARABA_DG1_And_DG2_1696506300_OFFICE-00980AA1,2023-10-05 11:45:00,2023-10-05 12:00:00,1696506300,94.29,215.81,1.80,0.0,7096.01,6892.95,-7095.19,-6892.95,0.0
TARABA_DG1_And_DG2_1696507200_OFFICE-00980AA1,2023-10-05 12:00:00,2023-10-05 12:15:00,1696507200,92.84,215.81,1.44,0.0,7096.01,6893.2,-7095.19,-6893.2,0.729
TARABA_DG1_And_DG2_1696508100_OFFICE-00980AA1,2023-10-05 12:15:00,2023-10-05 12:30:00,1696508100,91.02,215.81,1.08,0.0,7096.01,6893.45,-7095.19,-6893.45,3.013
TARABA_DG1_And_DG2_1696509000_OFFICE-00980AA1,2023-10-05 12:30:00,2023-10-05 12:45:00,1696509000,89.94,215.81,1.80,0.0,7096.01,6893.7,-7095.19,-6893.7,2.967
TARABA_DG1_And_DG2_1696509900_OFFICE-00980AA1,2023-10-05 12:45:00,2023-10-05 13:00:00,1696509900,88.85,215.81,1.08,0.0,7096.01,6893.93,-7095.19,-6893.93,3.02
TARABA_DG1_And_DG2_1696510800_OFFICE-00980AA1,2023-10-05 13:00:00,2023-10-05 13:15:00,1696510800,86.31,215.81,2.16,0.0,7096.01,6894.18,-7095.19,-6894.18,3.251
TARABA_DG1_And_DG2_1696511700_OFFICE-00980AA1,2023-10-05 13:15:00,2023-10-05 13:30:00,1696511700,85.22,215.81,1.08,0.0,7096.01,6894.43,-7095.19,-6894.43,3.483
TARABA_DG1_And_DG2_1696512600_OFFICE-00980AA1,2023-10-05 13:30:00,2023-10-05 13:45:00,1696512600,83.41,215.81,2.17,0.0,7096.01,6894.68,-7095.19,-6894.68,3.832
TARABA_DG1_And_DG2_1696513500_OFFICE-00980AA1,2023-10-05 13:45:00,2023-10-05 14:00:00,1696513500,81.96,215.81,1.44,0.0,7096.01,6894.93,-7095.19,-6894.93,3.867
TARABA_DG1_And_DG2_1696514400_OFFICE-00980AA1,2023-10-05 14:00:00,2023-10-05 14:15:00,1696514400,79.79,215.81,2.17,0.0,7096.01,6895.18,-7095.19,-6895.18,3.604
TARABA_DG1_And_DG2_1696515300_OFFICE-00980AA1,2023-10-05 14:15:00,2023-10-05 14:30:00,1696515300,77.97,215.81,1.81,0.0,7096.01,6895.43,-7095.19,-6895.43,3.407
TARABA_DG1_And_DG2_1696516200_OFFICE-00980AA1,2023-10-05 14:30:00,2023-10-05 14:45:00,1696516200,77.25,215.81,0.72,0.0,7096.01,6895.68,-7095.19,-6895.68,3.116
TARABA_DG1_And_DG2_1696517100_OFFICE-00980AA1,2023-10-05 14:45:00,2023-10-05 15:00:00,1696517100,75.08,215.81,2.16,0.0,7096.01,6895.93,-7095.19,-6895.93,2.257
TARABA_DG1_And_DG2_1696518000_OFFICE-00980AA1,2023-10-05 15:00:00,2023-10-05 15:15:00,1696518000,73.62,215.81,1.08,0.0,7096.01,6896.18,-7095.19,-6896.18,2.863
TARABA_DG1_And_DG2_1696518900_OFFICE-00980AA1,2023-10-05 15:15:00,2023-10-05 15:30:00,1696518900,72.18,215.81,1.80,0.0,7096.01,6896.43,-7095.19,-6896.43,3.115
TARABA_DG1_And_DG2_1696519800_OFFICE-00980AA1,2023-10-05 15:30:00,2023-10-05 15:45:00,1696519800,70.36,215.81,1.46,0.0,7096.01,6896.68,-7095.19,-6896.68,3.293
TARABA_DG1_And_DG2_1696520700_OFFICE-00980AA1,2023-10-05 15:45:00,2023-10-05 16:00:00,1696520700,69.28,215.81,1.08,0.0,7096.01,6896.93,-7095.19,-6896.93,3.327
TARABA_DG1_And_DG2_1696521600_OFFICE-00980AA1,2023-10-05 16:00:00,2023-10-05 16:15:00,1696521600,68.19,215.81,1.08,0.0,7096.01,6897.18,-7095.19,-6897.18,3.318
TARABA_DG1_And_DG2_1696522500_OFFICE-00980AA1,2023-10-05 16:15:00,2023-10-05 16:30:00,1696522500,66.74,215.81,1.44,0.0,7096.01,6897.43,-7095.19,-6897.43,3.313
TARABA_DG1_And_DG2_1696523400_OFFICE-00980AA1,2023-10-05 16:30:00,2023-10-05 16:45:00,1696523400,65.29,215.81,1.44,0.0,7096.01,6897.68,-7095.19,-6897.68,3.332
TARABA_DG1_And_DG2_1696524300_OFFICE-00980AA1,2023-10-05 16:45:00,2023-10-05 17:00:00,1696524300,63.11,215.81,2.54,0.0,7096.01,6897.94,-7095.19,-6897.94,3.386
TARABA_DG1_And_DG2_1696525200_OFFICE-00980AA1,2023-10-05 17:00:00,2023-10-05 17:15:00,1696525200,62.39,215.81,0.72,0.0,7096.01,6898.18,-7095.19,-6898.18,2.906
TARABA_DG1_And_DG2_1696526100_OFFICE-00980AA1,2023-10-05 17:15:00,2023-10-05 17:30:00,1696526100,60.94,215.81,1.08,0.0,7096.01,6898.44,-7095.19,-6898.44,0.263
TARABA_DG1_And_DG2_1696527000_OFFICE-00980AA1,2023-10-05 17:30:00,2023-10-05 17:45:00,1696527000,59.85,215.81,1.44,0.0,7096.01,6898.68,-7095.19,-6898.68,0.0
TARABA_DG1_And_DG2_1696527900_OFFICE-00980AA1,2023-10-05 17:45:00,2023-10-05 18:00:00,1696527900,58.4,215.81,1.08,0.0,7096.01,6898.94,-7095.19,-6898.94,0.0
TARABA_DG1_And_DG2_1696528800_OFFICE-00980AA1,2023-10-05 18:00:00,2023-10-05 18:15:00,1696528800,57.68,215.81,1.08,0.0,7096.01,6899.18,-7095.19,-6899.18,0.0
TARABA_DG1_And_DG2_1696529700_OFFICE-00980AA1,2023-10-05 18:15:00,2023-10-05 18:30:00,1696529700,56.95,215.81,0.73,0.0,7096.01,6899.44,-7095.19,-6899.44,0.0
TARABA_DG1_And_DG2_1696530600_OFFICE-00980AA1,2023-10-05 18:30:00,2023-10-05 18:45:00,1696530600,55.86,215.81,1.08,0.0,7096.01,6899.68,-7095.19,-6899.68,0.0
TARABA_DG1_And_DG2_1696531500_OFFICE-00980AA1,2023-10-05 18:45:00,2023-10-05 19:00:00,1696531500,54.41,215.81,1.45,0.0,7096.01,6899.94,-7095.19,-6899.94,0.0
TARABA_DG1_And_DG2_1696532400_OFFICE-00980AA1,2023-10-05 19:00:00,2023-10-05 19:15:00,1696532400,53.69,215.81,0.36,0.0,7096.01,6900.18,-7095.19,-6900.18,0.0
TARABA_DG1_And_DG2_1696533300_OFFICE-00980AA1,2023-10-05 19:15:00,2023-10-05 19:30:00,1696533300,53.32,215.81,0.73,0.0,7096.01,6900.44,-7095.19,-6900.44,0.0
TARABA_DG1_And_DG2_1696534200_OFFICE-00980AA1,2023-10-05 19:30:00,2023-10-05 19:45:00,1696534200,51.51,215.81,1.81,0.0,7096.01,6900.69,-7095.19,-6900.69,0.0
TARABA_DG1_And_DG2_1696535100_OFFICE-00980AA1,2023-10-05 19:45:00,2023-10-05 20:00:00,1696535100,51.15,215.81,0.36,0.0,7096.01,6900.94,-7095.19,-6900.94,0.0
TARABA_DG1_And_DG2_1696536000_OFFICE-00980AA1,2023-10-05 20:00:00,2023-10-05 20:15:00,1696536000,49.34,215.81,1.80,0.0,7096.01,6901.19,-7095.19,-6901.19,0.0
TARABA_DG1_And_DG2_1696536900_OFFICE-00980AA1,2023-10-05 20:15:00,2023-10-05 20:30:00,1696536900,48.25,215.43,1.08,0.38,7096.01,6901.44,-7095.19,-6901.44,0.0
TARABA_DG1_And_DG2_1696537800_OFFICE-00980AA1,2023-10-05 20:30:00,2023-10-05 20:45:00,1696537800,47.16,215.43,1.08,0.0,7096.01,6901.69,-7095.19,-6901.69,0.0
TARABA_DG1_And_DG2_1696538700_OFFICE-00980AA1,2023-10-05 20:45:00,2023-10-05 21:00:00,1696538700,46.08,215.43,0.72,0.0,7096.01,6901.94,-7095.19,-6901.94,0.0
TARABA_DG1_And_DG2_1696539600_OFFICE-00980AA1,2023-10-05 21:00:00,2023-10-05 21:15:00,1696539600,45.35,215.43,1.08,0.0,7096.01,6902.19,-7095.19,-6902.19,0.0
TARABA_DG1_And_DG2_1696540500_OFFICE-00980AA1,2023-10-05 21:15:00,2023-10-05 21:30:00,1696540500,44.26,215.43,1.08,0.0,7096.01,6902.44,-7095.19,-6902.44,0.0
TARABA_DG1_And_DG2_1696541400_OFFICE-00980AA1,2023-10-05 21:30:00,2023-10-05 21:45:00,1696541400,42.81,215.43,1.45,0.0,7096.01,6902.69,-7095.19,-6902.69,0.0
TARABA_DG1_And_DG2_1696542300_OFFICE-00980AA1,2023-10-05 21:45:00,2023-10-05 22:00:00,1696542300,41.72,215.43,1.08,0.0,7096.01,6902.95,-7095.19,-6902.95,0.0
TARABA_DG1_And_DG2_1696543200_OFFICE-00980AA1,2023-10-05 22:00:00,2023-10-05 22:15:00,1696543200,41,215.43,0.72,0.0,7096.01,6903.2,-7095.19,-6903.2,0.0
TARABA_DG1_And_DG2_1696544100_OFFICE-00980AA1,2023-10-05 22:15:00,2023-10-05 22:30:00,1696544100,41,215.43,0.0,0.0,7096.01,6903.45,-7095.19,-6903.45,0.0
TARABA_DG1_And_DG2_1696545000_OFFICE-00980AA1,2023-10-05 22:30:00,2023-10-05 22:45:00,1696545000,41,215.43,0.0,0.0,7096.01,6903.7,-7095.19,-6903.7,0.0
TARABA_DG1_And_DG2_1696545900_OFFICE-00980AA1,2023-10-05 22:45:00,2023-10-05 23:00:00,1696545900,41,215.43,0.0,0.0,7096.01,6903.95,-7095.19,-6903.95,0.0
TARABA_DG1_And_DG2_1696546800_OFFICE-00980AA1,2023-10-05 23:00:00,2023-10-05 23:15:00,1696546800,41,215.43,0.0,0.0,7096.01,6904.2,-7095.19,-6904.2,0.0
TARABA_DG1_And_DG2_1696547700_OFFICE-00980AA1,2023-10-05 23:15:00,2023-10-05 23:30:00,1696547700,41,215.43,0.0,0.0,7096.01,6904.45,-7095.19,-6904.45,0.0
TARABA_DG1_And_DG2_1696548600_OFFICE-00980AA1,2023-10-05 23:30:00,2023-10-05 23:45:00,1696548600,41,215.43,0.0,0.0,7096.01,6904.68,-7095.19,-6904.68,0.0
TARABA_DG1_And_DG2_1696549500_OFFICE-00980AA1,2023-10-05 23:45:00,2023-10-06 00:00:00,1696549500,41,215.43,0.0,0.0,7096.01,6904.93,-7095.19,-6904.93,0.0
