key,start,end,epoch,tankl1,tankl2,deltal1,deltal2,hrs1,hrs2,deltahrs1,deltahrs2,GB1_kwh
ADIKPO_1698364800_OFFICE-00980AAF,2023-10-27 00:00:00,2023-10-27 00:15:00,1698364800,62.52,134.05,1.1,0.0,11,810.12,-11.00,-810.12,1.377
ADIKPO_1698365700_OFFICE-00980AAF,2023-10-27 00:15:00,2023-10-27 00:30:00,1698365700,62.15,134.05,0.37,0.0,11,810.37,-11.00,-810.37,1.308
ADIKPO_1698366600_OFFICE-00980AAF,2023-10-27 00:30:00,2023-10-27 00:45:00,1698366600,61.05,134.05,1.1,0.0,11,810.62,-11.00,-810.62,1.266
ADIKPO_1698367500_OFFICE-00980AAF,2023-10-27 00:45:00,2023-10-27 01:00:00,1698367500,59.94,134.05,1.10,0.0,11,810.87,-11.00,-810.87,1.259
ADIKPO_1698368400_OFFICE-00980AAF,2023-10-27 01:00:00,2023-10-27 01:15:00,1698368400,59.20,134.05,0.74,0.0,11,811.12,-11.00,-811.12,1.223
ADIKPO_1698369300_OFFICE-00980AAF,2023-10-27 01:15:00,2023-10-27 01:30:00,1698369300,58.84,134.05,0.36,0.0,11,811.37,-11.00,-811.37,1.049
ADIKPO_1698370200_OFFICE-00980AAF,2023-10-27 01:30:00,2023-10-27 01:45:00,1698370200,57.73,134.05,1.10,0.0,11,811.62,-11.00,-811.62,1.147
ADIKPO_1698371100_OFFICE-00980AAF,2023-10-27 01:45:00,2023-10-27 02:00:00,1698371100,57.36,134.05,0.37,0.0,11,811.87,-11.00,-811.87,1.302
ADIKPO_1698372000_OFFICE-00980AAF,2023-10-27 02:00:00,2023-10-27 02:15:00,1698372000,56.26,134.05,1.1,0.0,11,812.12,-11.00,-812.12,1.342
ADIKPO_1698372900_OFFICE-00980AAF,2023-10-27 02:15:00,2023-10-27 02:30:00,1698372900,55.15,134.05,1.10,0.0,11,812.37,-11.00,-812.37,1.29
ADIKPO_1698373800_OFFICE-00980AAF,2023-10-27 02:30:00,2023-10-27 02:45:00,1698373800,54.78,134.05,0.37,0.0,11,812.62,-11.00,-812.62,1.303
ADIKPO_1698374700_OFFICE-00980AAF,2023-10-27 02:45:00,2023-10-27 03:00:00,1698374700,53.31,134.05,1.47,0.0,11,812.87,-11.00,-812.87,1.324
ADIKPO_1698375600_OFFICE-00980AAF,2023-10-27 03:00:00,2023-10-27 03:15:00,1698375600,52.94,134.05,0.37,0.0,11,813.10,-11.00,-813.10,1.264
ADIKPO_1698376500_OFFICE-00980AAF,2023-10-27 03:15:00,2023-10-27 03:30:00,1698376500,51.84,134.05,1.1,0.0,11,813.35,-11.00,-813.35,1.473
ADIKPO_1698377400_OFFICE-00980AAF,2023-10-27 03:30:00,2023-10-27 03:45:00,1698377400,51.10,134.05,0.74,0.0,11,813.60,-11.00,-813.60,1.141
ADIKPO_1698378300_OFFICE-00980AAF,2023-10-27 03:45:00,2023-10-27 04:00:00,1698378300,50.00,134.05,1.1,0.0,11,813.85,-11.00,-813.85,1.045
ADIKPO_1698379200_OFFICE-00980AAF,2023-10-27 04:00:00,2023-10-27 04:15:00,1698379200,49.63,134.05,0.37,0.0,11,814.10,-11.00,-814.10,1.336
ADIKPO_1698380100_OFFICE-00980AAF,2023-10-27 04:15:00,2023-10-27 04:30:00,1698380100,48.16,134.05,1.46,0.0,11,814.35,-11.00,-814.35,1.262
ADIKPO_1698381000_OFFICE-00980AAF,2023-10-27 04:30:00,2023-10-27 04:45:00,1698381000,47.42,134.05,0.74,0.0,11,814.60,-11.00,-814.60,1.28
ADIKPO_1698381900_OFFICE-00980AAF,2023-10-27 04:45:00,2023-10-27 05:00:00,1698381900,47.42,134.05,0.0,0.0,11,814.85,-11.00,-814.85,1.362
ADIKPO_1698382800_OFFICE-00980AAF,2023-10-27 05:00:00,2023-10-27 05:15:00,1698382800,45.95,134.05,1.46,0.0,11,815.10,-11.00,-815.10,1.279
ADIKPO_1698383700_OFFICE-00980AAF,2023-10-27 05:15:00,2023-10-27 05:30:00,1698383700,45.95,134.05,0.0,0.0,11,815.18,-11.00,-815.18,0.708
ADIKPO_1698384600_OFFICE-00980AAF,2023-10-27 05:30:00,2023-10-27 05:45:00,1698384600,45.95,133.36,0.0,0.69,11,815.18,-11.00,-815.18,0.774
ADIKPO_1698385500_OFFICE-00980AAF,2023-10-27 05:45:00,2023-10-27 06:00:00,1698385500,45.95,133.36,0.0,0.0,11,815.18,-11.00,-815.18,1.92
ADIKPO_1698386400_OFFICE-00980AAF,2023-10-27 06:00:00,2023-10-27 06:15:00,1698386400,45.95,133.36,0.0,0.0,11,815.18,-11.00,-815.18,2.35
ADIKPO_1698387300_OFFICE-00980AAF,2023-10-27 06:15:00,2023-10-27 06:30:00,1698387300,45.95,133.36,0.0,0.0,11,815.18,-11.00,-815.18,2.556
ADIKPO_1698388200_OFFICE-00980AAF,2023-10-27 06:30:00,2023-10-27 06:45:00,1698388200,124.02,133.36,0.0,0.0,11,815.18,-11.00,-815.18,3.739
ADIKPO_1698389100_OFFICE-00980AAF,2023-10-27 06:45:00,2023-10-27 07:00:00,1698389100,126.97,133.36,0.0,0.0,11,815.18,-11.00,-815.18,4.455
ADIKPO_1698390000_OFFICE-00980AAF,2023-10-27 07:00:00,2023-10-27 07:15:00,1698390000,129.91,133.36,0.0,0.0,11,815.18,-11.00,-815.18,3.681
ADIKPO_1698390900_OFFICE-00980AAF,2023-10-27 07:15:00,2023-10-27 07:30:00,1698390900,132.86,133.36,0.0,0.0,11,815.18,-11.00,-815.18,3.837
ADIKPO_1698391800_OFFICE-00980AAF,2023-10-27 07:30:00,2023-10-27 07:45:00,1698391800,138.75,133.36,0.0,0.0,11,815.18,-11.00,-815.18,4.146
ADIKPO_1698392700_OFFICE-00980AAF,2023-10-27 07:45:00,2023-10-27 08:00:00,1698392700,141.70,133.36,0.0,0.0,11,815.18,-11.00,-815.18,4.16
ADIKPO_1698393600_OFFICE-00980AAF,2023-10-27 08:00:00,2023-10-27 08:15:00,1698393600,144.65,133.36,0.0,0.0,11,815.18,-11.00,-815.18,3.764
ADIKPO_1698394500_OFFICE-00980AAF,2023-10-27 08:15:00,2023-10-27 08:30:00,1698394500,147.59,133.36,0.0,0.0,11,815.18,-11.00,-815.18,3.601
ADIKPO_1698395400_OFFICE-00980AAF,2023-10-27 08:30:00,2023-10-27 08:45:00,1698395400,150.54,133.36,0.0,0.0,11,815.18,-11.00,-815.18,1.454
ADIKPO_1698396300_OFFICE-00980AAF,2023-10-27 08:45:00,2023-10-27 09:00:00,1698396300,153.48,133.36,0.0,0.0,11,815.18,-11.00,-815.18,3.961
ADIKPO_1698397200_OFFICE-00980AAF,2023-10-27 09:00:00,2023-10-27 09:15:00,1698397200,159.38,131.66,0.0,0.0,11,815.18,-11.00,-815.18,3.628
ADIKPO_1698398100_OFFICE-00980AAF,2023-10-27 09:15:00,2023-10-27 09:30:00,1698398100,162.32,133.36,0.0,2.38,11,815.18,-11.00,-815.18,3.627
ADIKPO_1698399000_OFFICE-00980AAF,2023-10-27 09:30:00,2023-10-27 09:45:00,1698399000,180.00,133.36,0.0,0.0,11,815.18,-11.00,-815.18,4.12
ADIKPO_1698399900_OFFICE-00980AAF,2023-10-27 09:45:00,2023-10-27 10:00:00,1698399900,180.00,133.36,0.0,0.0,11,815.18,-11.00,-815.18,4.244
ADIKPO_1698400800_OFFICE-00980AAF,2023-10-27 10:00:00,2023-10-27 10:15:00,1698400800,180.00,133.36,0.0,0.0,11,815.18,-11.00,-815.18,4.411
ADIKPO_1698401700_OFFICE-00980AAF,2023-10-27 10:15:00,2023-10-27 10:30:00,1698401700,161.95,133.36,25.7,0.0,11,815.31,-11.00,-815.31,4.33
ADIKPO_1698402600_OFFICE-00980AAF,2023-10-27 10:30:00,2023-10-27 10:45:00,1698402600,161.03,133.36,0.91,0.0,11,815.31,-11.00,-815.31,4.933
ADIKPO_1698403500_OFFICE-00980AAF,2023-10-27 10:45:00,2023-10-27 11:00:00,1698403500,161.03,133.36,0.0,0.0,11,815.31,-11.00,-815.31,5.107
ADIKPO_1698404400_OFFICE-00980AAF,2023-10-27 11:00:00,2023-10-27 11:15:00,1698404400,161.03,133.36,0.0,0.0,11,815.31,-11.00,-815.31,4.573
ADIKPO_1698405300_OFFICE-00980AAF,2023-10-27 11:15:00,2023-10-27 11:30:00,1698405300,161.03,133.36,0.0,0.0,11,815.31,-11.00,-815.31,4.306
ADIKPO_1698406200_OFFICE-00980AAF,2023-10-27 11:30:00,2023-10-27 11:45:00,1698406200,159.01,133.36,3.31,0.0,11,815.51,-11.00,-815.51,3.101
ADIKPO_1698407100_OFFICE-00980AAF,2023-10-27 11:45:00,2023-10-27 12:00:00,1698407100,156.06,133.36,7.72,0.0,11,815.76,-11.00,-815.76,3.363
ADIKPO_1698408000_OFFICE-00980AAF,2023-10-27 12:00:00,2023-10-27 12:15:00,1698408000,157.53,133.02,1.48,0.34,11,816.01,-11.00,-816.01,3.486
ADIKPO_1698408900_OFFICE-00980AAF,2023-10-27 12:15:00,2023-10-27 12:30:00,1698408900,155.33,133.02,2.2,0.0,11,816.26,-11.00,-816.26,3.568
ADIKPO_1698409800_OFFICE-00980AAF,2023-10-27 12:30:00,2023-10-27 12:45:00,1698409800,153.12,132.00,1.84,1.02,11,816.51,-11.00,-816.51,3.613
ADIKPO_1698410700_OFFICE-00980AAF,2023-10-27 12:45:00,2023-10-27 13:00:00,1698410700,151.27,132.00,2.21,0.0,11,816.76,-11.00,-816.76,3.254
ADIKPO_1698411600_OFFICE-00980AAF,2023-10-27 13:00:00,2023-10-27 13:15:00,1698411600,149.80,132.00,1.1,0.0,11,817.01,-11.00,-817.01,3.336
ADIKPO_1698412500_OFFICE-00980AAF,2023-10-27 13:15:00,2023-10-27 13:30:00,1698412500,147.96,132.00,2.21,0.0,11,817.26,-11.00,-817.26,3.283
ADIKPO_1698413400_OFFICE-00980AAF,2023-10-27 13:30:00,2023-10-27 13:45:00,1698413400,146.12,132.00,1.84,0.0,11,817.51,-11.00,-817.51,3.068
ADIKPO_1698414300_OFFICE-00980AAF,2023-10-27 13:45:00,2023-10-27 14:00:00,1698414300,145.01,132.00,0.74,0.0,11,817.76,-11.00,-817.76,2.965
ADIKPO_1698415200_OFFICE-00980AAF,2023-10-27 14:00:00,2023-10-27 14:15:00,1698415200,143.54,132.00,1.83,0.0,11,818.01,-11.00,-818.01,2.61
ADIKPO_1698416100_OFFICE-00980AAF,2023-10-27 14:15:00,2023-10-27 14:30:00,1698416100,142.44,132.00,1.1,0.0,11,818.26,-11.00,-818.26,2.722
ADIKPO_1698417000_OFFICE-00980AAF,2023-10-27 14:30:00,2023-10-27 14:45:00,1698417000,140.96,132.00,1.48,0.0,11,818.51,-11.00,-818.51,2.735
ADIKPO_1698417900_OFFICE-00980AAF,2023-10-27 14:45:00,2023-10-27 15:00:00,1698417900,139.86,132.00,1.1,0.0,11,818.76,-11.00,-818.76,2.659
ADIKPO_1698418800_OFFICE-00980AAF,2023-10-27 15:00:00,2023-10-27 15:15:00,1698418800,138.38,132.00,1.48,0.0,11,819.01,-11.00,-819.01,2.813
ADIKPO_1698419700_OFFICE-00980AAF,2023-10-27 15:15:00,2023-10-27 15:30:00,1698419700,137.28,131.66,1.1,11.5,11,819.07,-11.00,-819.07,2.705
ADIKPO_1698420600_OFFICE-00980AAF,2023-10-27 15:30:00,2023-10-27 15:45:00,1698420600,137.28,130.64,0.0,1.02,11,819.22,-11.00,-819.22,2.465
ADIKPO_1698421500_OFFICE-00980AAF,2023-10-27 15:45:00,2023-10-27 16:00:00,1698421500,136.54,130.64,0.74,0.0,11,819.47,-11.00,-819.47,3.039
ADIKPO_1698422400_OFFICE-00980AAF,2023-10-27 16:00:00,2023-10-27 16:15:00,1698422400,135.81,130.64,0.73,0.0,11,819.50,-11.00,-819.50,2.339
ADIKPO_1698423300_OFFICE-00980AAF,2023-10-27 16:15:00,2023-10-27 16:30:00,1698423300,135.81,130.64,0.0,0.0,11,819.50,-11.00,-819.50,2.253
ADIKPO_1698424200_OFFICE-00980AAF,2023-10-27 16:30:00,2023-10-27 16:45:00,1698424200,135.81,130.64,0.0,0.0,11,819.50,-11.00,-819.50,2.088
ADIKPO_1698425100_OFFICE-00980AAF,2023-10-27 16:45:00,2023-10-27 17:00:00,1698425100,135.81,130.64,0.0,0.0,11,819.50,-11.00,-819.50,1.714
ADIKPO_1698426000_OFFICE-00980AAF,2023-10-27 17:00:00,2023-10-27 17:15:00,1698426000,135.81,130.64,0.0,0.0,11,819.50,-11.00,-819.50,1.755
ADIKPO_1698426900_OFFICE-00980AAF,2023-10-27 17:15:00,2023-10-27 17:30:00,1698426900,135.81,130.64,0.0,0.0,11,819.50,-11.00,-819.50,1.788
ADIKPO_1698427800_OFFICE-00980AAF,2023-10-27 17:30:00,2023-10-27 17:45:00,1698427800,135.81,130.64,0.0,0.0,11,819.50,-11.00,-819.50,1.835
ADIKPO_1698428700_OFFICE-00980AAF,2023-10-27 17:45:00,2023-10-27 18:00:00,1698428700,135.81,130.64,0.0,0.0,11,819.50,-11.00,-819.50,1.51
ADIKPO_1698429600_OFFICE-00980AAF,2023-10-27 18:00:00,2023-10-27 18:15:00,1698429600,135.81,130.64,0.0,0.0,11,819.50,-11.00,-819.50,1.643
ADIKPO_1698430500_OFFICE-00980AAF,2023-10-27 18:15:00,2023-10-27 18:30:00,1698430500,135.81,130.64,0.0,0.0,11,819.50,-11.00,-819.50,1.5
ADIKPO_1698431400_OFFICE-00980AAF,2023-10-27 18:30:00,2023-10-27 18:45:00,1698431400,135.81,130.64,0.0,0.0,11,819.50,-11.00,-819.50,1.349
ADIKPO_1698432300_OFFICE-00980AAF,2023-10-27 18:45:00,2023-10-27 19:00:00,1698432300,135.81,130.64,0.0,0.0,11,819.50,-11.00,-819.50,1.353
ADIKPO_1698433200_OFFICE-00980AAF,2023-10-27 19:00:00,2023-10-27 19:15:00,1698433200,135.81,130.64,0.0,0.0,11,819.50,-11.00,-819.50,1.371
ADIKPO_1698434100_OFFICE-00980AAF,2023-10-27 19:15:00,2023-10-27 19:30:00,1698434100,135.81,130.64,0.0,0.0,11,819.50,-11.00,-819.50,1.289
ADIKPO_1698435000_OFFICE-00980AAF,2023-10-27 19:30:00,2023-10-27 19:45:00,1698435000,135.81,130.64,0.0,0.0,11,819.50,-11.00,-819.50,1.265
ADIKPO_1698435900_OFFICE-00980AAF,2023-10-27 19:45:00,2023-10-27 20:00:00,1698435900,135.81,130.64,0.0,0.0,11,819.63,-11.00,-819.63,1.565
ADIKPO_1698436800_OFFICE-00980AAF,2023-10-27 20:00:00,2023-10-27 20:15:00,1698436800,135.07,130.64,0.74,0.0,11,819.75,-11.00,-819.75,1.362
ADIKPO_1698437700_OFFICE-00980AAF,2023-10-27 20:15:00,2023-10-27 20:30:00,1698437700,133.97,130.64,1.1,0.0,11,820.00,-11.00,-820.00,1.661
ADIKPO_1698438600_OFFICE-00980AAF,2023-10-27 20:30:00,2023-10-27 20:45:00,1698438600,133.60,130.64,0.37,0.0,11,820.25,-11.00,-820.25,1.527
ADIKPO_1698439500_OFFICE-00980AAF,2023-10-27 20:45:00,2023-10-27 21:00:00,1698439500,131.76,130.64,1.83,0.0,11,820.50,-11.00,-820.50,1.493
ADIKPO_1698440400_OFFICE-00980AAF,2023-10-27 21:00:00,2023-10-27 21:15:00,1698440400,130.65,130.64,0.74,0.0,11,820.75,-11.00,-820.75,1.123
ADIKPO_1698441300_OFFICE-00980AAF,2023-10-27 21:15:00,2023-10-27 21:30:00,1698441300,129.18,130.64,1.83,0.0,11,821.01,-11.00,-821.01,0.968
ADIKPO_1698442200_OFFICE-00980AAF,2023-10-27 21:30:00,2023-10-27 21:45:00,1698442200,128.07,130.64,1.10,0.0,11,821.26,-11.00,-821.26,1.007
ADIKPO_1698443100_OFFICE-00980AAF,2023-10-27 21:45:00,2023-10-27 22:00:00,1698443100,128.44,130.64,1.10,0.0,11,821.51,-11.00,-821.51,1.007
ADIKPO_1698444000_OFFICE-00980AAF,2023-10-27 22:00:00,2023-10-27 22:15:00,1698444000,127.34,130.64,1.1,0.0,11,821.76,-11.00,-821.76,1.022
ADIKPO_1698444900_OFFICE-00980AAF,2023-10-27 22:15:00,2023-10-27 22:30:00,1698444900,125.86,130.64,1.48,0.0,11,822.01,-11.00,-822.01,1.004
ADIKPO_1698445800_OFFICE-00980AAF,2023-10-27 22:30:00,2023-10-27 22:45:00,1698445800,124.76,130.64,1.1,0.0,11,822.26,-11.00,-822.26,1.0
ADIKPO_1698446700_OFFICE-00980AAF,2023-10-27 22:45:00,2023-10-27 23:00:00,1698446700,124.02,130.64,0.74,0.0,11,822.51,-11.00,-822.51,1.022
ADIKPO_1698447600_OFFICE-00980AAF,2023-10-27 23:00:00,2023-10-27 23:15:00,1698447600,123.28,130.64,0.37,0.0,11,822.75,-11.00,-822.75,1.15
ADIKPO_1698448500_OFFICE-00980AAF,2023-10-27 23:15:00,2023-10-27 23:30:00,1698448500,122.18,130.64,1.47,0.0,11,823.00,-11.00,-823.00,1.311
ADIKPO_1698449400_OFFICE-00980AAF,2023-10-27 23:30:00,2023-10-27 23:45:00,1698449400,121.08,130.64,1.1,0.0,11,823.25,-11.00,-823.25,1.255
ADIKPO_1698450300_OFFICE-00980AAF,2023-10-27 23:45:00,2023-10-28 00:00:00,1698450300,119.97,130.64,1.10,0.0,11,823.50,-11.00,-823.50,1.488
