key,start,end,epoch,tankl1,tankl2,deltal1,deltal2,hrs1,hrs2,deltahrs1,deltahrs2,GB1_kwh
ABUJA_OFFICE_DG1_and_DG2_1696896000_OFFICE-00980785,2023-10-10 00:00:00,2023-10-10 00:15:00,1696896000,228.26,296.46,1.24,0.0,8,619.42,0,-3.16,2.501
ABUJA_OFFICE_DG1_and_DG2_1696896900_OFFICE-00980785,2023-10-10 00:15:00,2023-10-10 00:30:00,1696896900,228.26,296.46,0.0,0.0,8,619.42,0,-3.16,2.604
ABUJA_OFFICE_DG1_and_DG2_1696897800_OFFICE-00980785,2023-10-10 00:30:00,2023-10-10 00:45:00,1696897800,228.26,296.1,0.0,0.36,8,619.42,0,-3.16,2.61
ABUJA_OFFICE_DG1_and_DG2_1696898700_OFFICE-00980785,2023-10-10 00:45:00,2023-10-10 01:00:00,1696898700,228.26,294.38,0.0,1.44,8,619.42,0,-3.16,2.554
ABUJA_OFFICE_DG1_and_DG2_1696899600_OFFICE-00980785,2023-10-10 01:00:00,2023-10-10 01:15:00,1696899600,228.26,293.15,0.0,1.51,8,619.42,0,-3.16,2.712
ABUJA_OFFICE_DG1_and_DG2_1696900500_OFFICE-00980785,2023-10-10 01:15:00,2023-10-10 01:30:00,1696900500,228.26,292.03,0.0,1.0,8,619.42,0,-3.16,2.584
ABUJA_OFFICE_DG1_and_DG2_1696901400_OFFICE-00980785,2023-10-10 01:30:00,2023-10-10 01:45:00,1696901400,228.26,290.32,0.0,1.83,8,619.42,0,-3.16,2.622
ABUJA_OFFICE_DG1_and_DG2_1696902300_OFFICE-00980785,2023-10-10 01:45:00,2023-10-10 02:00:00,1696902300,228.26,288.25,0.0,1.91,8,619.42,0,-3.16,2.563
ABUJA_OFFICE_DG1_and_DG2_1696903200_OFFICE-00980785,2023-10-10 02:00:00,2023-10-10 02:15:00,1696903200,228.26,287.09,0.0,1.32,8,619.42,0,-3.16,2.57
ABUJA_OFFICE_DG1_and_DG2_1696904100_OFFICE-00980785,2023-10-10 02:15:00,2023-10-10 02:30:00,1696904100,228.26,285.98,0.0,1.11,8,619.42,0,-3.16,2.568
ABUJA_OFFICE_DG1_and_DG2_1696905000_OFFICE-00980785,2023-10-10 02:30:00,2023-10-10 02:45:00,1696905000,228.26,284.14,0.0,1.84,8,619.42,0,-3.16,2.603
ABUJA_OFFICE_DG1_and_DG2_1696905900_OFFICE-00980785,2023-10-10 02:45:00,2023-10-10 03:00:00,1696905900,228.26,282.87,0.0,1.19,8,619.42,0,-3.16,2.566
ABUJA_OFFICE_DG1_and_DG2_1696906800_OFFICE-00980785,2023-10-10 03:00:00,2023-10-10 03:15:00,1696906800,228.26,281.39,0.0,1.36,8,619.42,0,-3.16,2.672
ABUJA_OFFICE_DG1_and_DG2_1696907700_OFFICE-00980785,2023-10-10 03:15:00,2023-10-10 03:30:00,1696907700,228.26,279.72,0.0,1.83,8,619.42,0,-3.16,2.682
ABUJA_OFFICE_DG1_and_DG2_1696908600_OFFICE-00980785,2023-10-10 03:30:00,2023-10-10 03:45:00,1696908600,228.26,278.53,0.0,1.23,8,619.42,0,-3.16,2.658
ABUJA_OFFICE_DG1_and_DG2_1696909500_OFFICE-00980785,2023-10-10 03:45:00,2023-10-10 04:00:00,1696909500,228.26,277.65,0.0,0.80,8,619.42,0,-3.16,2.517
ABUJA_OFFICE_DG1_and_DG2_1696910400_OFFICE-00980785,2023-10-10 04:00:00,2023-10-10 04:15:00,1696910400,228.26,275.66,0.0,2.07,8,619.42,0,-3.16,2.646
ABUJA_OFFICE_DG1_and_DG2_1696911300_OFFICE-00980785,2023-10-10 04:15:00,2023-10-10 04:30:00,1696911300,228.26,274.1,0.0,1.24,8,619.42,0,-3.16,2.679
ABUJA_OFFICE_DG1_and_DG2_1696912200_OFFICE-00980785,2023-10-10 04:30:00,2023-10-10 04:45:00,1696912200,228.26,272.75,0.0,1.67,8,619.42,0,-3.16,2.624
ABUJA_OFFICE_DG1_and_DG2_1696913100_OFFICE-00980785,2023-10-10 04:45:00,2023-10-10 05:00:00,1696913100,228.26,270.8,0.0,1.68,8,619.42,0,-3.16,2.693
ABUJA_OFFICE_DG1_and_DG2_1696914000_OFFICE-00980785,2023-10-10 05:00:00,2023-10-10 05:15:00,1696914000,228.26,269.88,0.0,1.07,8,619.42,0,-3.16,2.983
ABUJA_OFFICE_DG1_and_DG2_1696914900_OFFICE-00980785,2023-10-10 05:15:00,2023-10-10 05:30:00,1696914900,228.26,268.45,0.0,1.54,8,619.42,0,-3.16,3.294
ABUJA_OFFICE_DG1_and_DG2_1696915800_OFFICE-00980785,2023-10-10 05:30:00,2023-10-10 05:45:00,1696915800,228.26,266.49,0.0,1.96,8,619.42,0,-3.16,2.977
ABUJA_OFFICE_DG1_and_DG2_1696916700_OFFICE-00980785,2023-10-10 05:45:00,2023-10-10 06:00:00,1696916700,228.26,265.46,0.0,1.03,8,619.42,0,-3.16,3.946
ABUJA_OFFICE_DG1_and_DG2_1696917600_OFFICE-00980785,2023-10-10 06:00:00,2023-10-10 06:15:00,1696917600,227.85,263.11,0.41,2.35,8,619.52,0,-3.26,5.952
ABUJA_OFFICE_DG1_and_DG2_1696918500_OFFICE-00980785,2023-10-10 06:15:00,2023-10-10 06:30:00,1696918500,225.78,263.11,2.07,0.0,8,619.76,0,-3.50,6.8
ABUJA_OFFICE_DG1_and_DG2_1696919400_OFFICE-00980785,2023-10-10 06:30:00,2023-10-10 06:45:00,1696919400,223.3,263.11,2.48,0.0,8,620.02,0,-3.76,7.765
ABUJA_OFFICE_DG1_and_DG2_1696920300_OFFICE-00980785,2023-10-10 06:45:00,2023-10-10 07:00:00,1696920300,220.82,263.11,2.48,0.0,8,620.27,0,-4.01,7.965
ABUJA_OFFICE_DG1_and_DG2_1696921200_OFFICE-00980785,2023-10-10 07:00:00,2023-10-10 07:15:00,1696921200,218.34,263.11,2.48,0.0,8,620.52,0,-4.26,8.005
ABUJA_OFFICE_DG1_and_DG2_1696922100_OFFICE-00980785,2023-10-10 07:15:00,2023-10-10 07:30:00,1696922100,214.63,263.11,3.30,0.0,8,620.77,0,-4.51,9.09
ABUJA_OFFICE_DG1_and_DG2_1696923000_OFFICE-00980785,2023-10-10 07:30:00,2023-10-10 07:45:00,1696923000,212.15,263.11,2.07,0.0,8,621.02,0,-4.76,9.659
ABUJA_OFFICE_DG1_and_DG2_1696923900_OFFICE-00980785,2023-10-10 07:45:00,2023-10-10 08:00:00,1696923900,209.67,263.11,3.30,0.0,8,621.27,0,-5.01,9.666
ABUJA_OFFICE_DG1_and_DG2_1696924800_OFFICE-00980785,2023-10-10 08:00:00,2023-10-10 08:15:00,1696924800,205.95,263.11,3.72,0.0,8,621.52,0,-5.26,10.064
ABUJA_OFFICE_DG1_and_DG2_1696925700_OFFICE-00980785,2023-10-10 08:15:00,2023-10-10 08:30:00,1696925700,202.23,263.11,3.72,0.0,8,621.77,0,-5.51,10.326
ABUJA_OFFICE_DG1_and_DG2_1696926600_OFFICE-00980785,2023-10-10 08:30:00,2023-10-10 08:45:00,1696926600,198.51,263.11,3.30,0.0,8,622.02,0,-5.76,9.693
ABUJA_OFFICE_DG1_and_DG2_1696927500_OFFICE-00980785,2023-10-10 08:45:00,2023-10-10 09:00:00,1696927500,196.03,263.11,2.48,0.0,8,622.27,0,-6.01,10.272
ABUJA_OFFICE_DG1_and_DG2_1696928400_OFFICE-00980785,2023-10-10 09:00:00,2023-10-10 09:15:00,1696928400,193.14,263.11,3.30,0.0,8,622.52,0,-6.26,9.898
ABUJA_OFFICE_DG1_and_DG2_1696929300_OFFICE-00980785,2023-10-10 09:15:00,2023-10-10 09:30:00,1696929300,190.25,263.11,2.89,0.0,8,622.77,0,-6.51,9.021
ABUJA_OFFICE_DG1_and_DG2_1696930200_OFFICE-00980785,2023-10-10 09:30:00,2023-10-10 09:45:00,1696930200,187.77,263.11,2.48,0.0,8,623.02,0,-6.76,8.588
ABUJA_OFFICE_DG1_and_DG2_1696931100_OFFICE-00980785,2023-10-10 09:45:00,2023-10-10 10:00:00,1696931100,184.88,263.11,2.48,0.0,8,623.27,0,-7.01,7.982
ABUJA_OFFICE_DG1_and_DG2_1696932000_OFFICE-00980785,2023-10-10 10:00:00,2023-10-10 10:15:00,1696932000,181.57,263.11,3.30,0.0,8,623.52,0,-7.26,7.871
ABUJA_OFFICE_DG1_and_DG2_1696932900_OFFICE-00980785,2023-10-10 10:15:00,2023-10-10 10:30:00,1696932900,178.27,263.11,3.30,0.0,8,623.77,0,-7.51,8.938
ABUJA_OFFICE_DG1_and_DG2_1696933800_OFFICE-00980785,2023-10-10 10:30:00,2023-10-10 10:45:00,1696933800,175.79,263.11,2.48,0.0,8,624.02,0,-7.76,8.817
ABUJA_OFFICE_DG1_and_DG2_1696934700_OFFICE-00980785,2023-10-10 10:45:00,2023-10-10 11:00:00,1696934700,173.31,263.11,2.89,0.0,8,624.27,0,-8.01,8.369
ABUJA_OFFICE_DG1_and_DG2_1696935600_OFFICE-00980785,2023-10-10 11:00:00,2023-10-10 11:15:00,1696935600,170.42,263.11,2.89,0.0,8,624.52,0,-8.26,9.133
ABUJA_OFFICE_DG1_and_DG2_1696936500_OFFICE-00980785,2023-10-10 11:15:00,2023-10-10 11:30:00,1696936500,167.53,263.11,2.48,0.0,8,624.77,0,-8.51,9.765
ABUJA_OFFICE_DG1_and_DG2_1696937400_OFFICE-00980785,2023-10-10 11:30:00,2023-10-10 11:45:00,1696937400,164.22,263.11,3.30,0.0,8,625.02,0,-8.76,9.842
ABUJA_OFFICE_DG1_and_DG2_1696938300_OFFICE-00980785,2023-10-10 11:45:00,2023-10-10 12:00:00,1696938300,160.5,263.11,3.72,0.0,8,625.27,0,-9.01,8.811
ABUJA_OFFICE_DG1_and_DG2_1696939200_OFFICE-00980785,2023-10-10 12:00:00,2023-10-10 12:15:00,1696939200,158.03,263.11,2.89,0.0,8,625.44,0,-9.18,8.521
ABUJA_OFFICE_DG1_and_DG2_1696940100_OFFICE-00980785,2023-10-10 12:15:00,2023-10-10 12:30:00,1696940100,158.03,259.84,0.0,2.71,8,625.44,0,-9.18,8.676
ABUJA_OFFICE_DG1_and_DG2_1696941000_OFFICE-00980785,2023-10-10 12:30:00,2023-10-10 12:45:00,1696941000,158.03,257.33,0.0,2.79,8,625.44,0,-9.18,8.537
ABUJA_OFFICE_DG1_and_DG2_1696941900_OFFICE-00980785,2023-10-10 12:45:00,2023-10-10 13:00:00,1696941900,158.03,254.1,0.0,3.51,8,625.44,0,-9.18,9.192
ABUJA_OFFICE_DG1_and_DG2_1696942800_OFFICE-00980785,2023-10-10 13:00:00,2023-10-10 13:15:00,1696942800,158.03,250.55,0.0,3.15,8,625.44,0,-9.18,9.992
ABUJA_OFFICE_DG1_and_DG2_1696943700_OFFICE-00980785,2023-10-10 13:15:00,2023-10-10 13:30:00,1696943700,158.03,247.89,0.0,2.94,8,625.44,0,-9.18,9.725
ABUJA_OFFICE_DG1_and_DG2_1696944600_OFFICE-00980785,2023-10-10 13:30:00,2023-10-10 13:45:00,1696944600,158.03,244.74,0.0,3.22,8,625.44,0,-9.18,10.736
ABUJA_OFFICE_DG1_and_DG2_1696945500_OFFICE-00980785,2023-10-10 13:45:00,2023-10-10 14:00:00,1696945500,158.03,241.63,0.0,2.99,8,625.44,0,-9.18,10.281
ABUJA_OFFICE_DG1_and_DG2_1696946400_OFFICE-00980785,2023-10-10 14:00:00,2023-10-10 14:15:00,1696946400,158.03,238.28,0.0,3.51,8,625.44,0,-9.18,10.026
ABUJA_OFFICE_DG1_and_DG2_1696947300_OFFICE-00980785,2023-10-10 14:15:00,2023-10-10 14:30:00,1696947300,158.03,235.37,0.0,2.67,8,625.44,0,-9.18,10.19
ABUJA_OFFICE_DG1_and_DG2_1696948200_OFFICE-00980785,2023-10-10 14:30:00,2023-10-10 14:45:00,1696948200,158.03,232.11,0.0,3.5,8,625.44,0,-9.18,9.966
ABUJA_OFFICE_DG1_and_DG2_1696949100_OFFICE-00980785,2023-10-10 14:45:00,2023-10-10 15:00:00,1696949100,158.03,228.96,0.0,2.95,8,625.44,0,-9.18,11.126
ABUJA_OFFICE_DG1_and_DG2_1696950000_OFFICE-00980785,2023-10-10 15:00:00,2023-10-10 15:15:00,1696950000,158.03,225.81,0.0,3.23,8,625.44,0,-9.18,10.666
ABUJA_OFFICE_DG1_and_DG2_1696950900_OFFICE-00980785,2023-10-10 15:15:00,2023-10-10 15:30:00,1696950900,158.03,222.34,0.0,3.59,8,625.44,0,-9.18,9.589
ABUJA_OFFICE_DG1_and_DG2_1696951800_OFFICE-00980785,2023-10-10 15:30:00,2023-10-10 15:45:00,1696951800,158.03,219.76,0.0,2.42,8,625.44,0,-9.18,7.937
ABUJA_OFFICE_DG1_and_DG2_1696952700_OFFICE-00980785,2023-10-10 15:45:00,2023-10-10 16:00:00,1696952700,158.03,217.6,0.0,2.23,8,625.44,0,-9.18,6.817
ABUJA_OFFICE_DG1_and_DG2_1696953600_OFFICE-00980785,2023-10-10 16:00:00,2023-10-10 16:15:00,1696953600,158.03,215.57,0.0,2.11,8,625.44,0,-9.18,5.009
ABUJA_OFFICE_DG1_and_DG2_1696954500_OFFICE-00980785,2023-10-10 16:15:00,2023-10-10 16:30:00,1696954500,158.03,214.22,0.0,1.35,8,625.44,0,-9.18,4.185
ABUJA_OFFICE_DG1_and_DG2_1696955400_OFFICE-00980785,2023-10-10 16:30:00,2023-10-10 16:45:00,1696955400,158.03,212.78,0.0,1.27,8,625.44,0,-9.18,3.598
ABUJA_OFFICE_DG1_and_DG2_1696956300_OFFICE-00980785,2023-10-10 16:45:00,2023-10-10 17:00:00,1696956300,158.03,211.07,0.0,1.79,8,625.44,0,-9.18,3.294
ABUJA_OFFICE_DG1_and_DG2_1696957200_OFFICE-00980785,2023-10-10 17:00:00,2023-10-10 17:15:00,1696957200,158.03,209.67,0.0,1.48,8,625.44,0,-9.18,3.279
ABUJA_OFFICE_DG1_and_DG2_1696958100_OFFICE-00980785,2023-10-10 17:15:00,2023-10-10 17:30:00,1696958100,158.03,208.56,0.0,0.99,8,625.44,0,-9.18,3.252
ABUJA_OFFICE_DG1_and_DG2_1696959000_OFFICE-00980785,2023-10-10 17:30:00,2023-10-10 17:45:00,1696959000,158.03,206.96,0.0,1.72,8,625.44,0,-9.18,3.271
ABUJA_OFFICE_DG1_and_DG2_1696959900_OFFICE-00980785,2023-10-10 17:45:00,2023-10-10 18:00:00,1696959900,158.03,205.81,0.0,1.11,8,625.44,0,-9.18,3.25
ABUJA_OFFICE_DG1_and_DG2_1696960800_OFFICE-00980785,2023-10-10 18:00:00,2023-10-10 18:15:00,1696960800,158.03,204.37,0.0,1.24,8,625.54,0,-9.28,3.055
ABUJA_OFFICE_DG1_and_DG2_1696961700_OFFICE-00980785,2023-10-10 18:15:00,2023-10-10 18:30:00,1696961700,157.61,204.37,0.42,0.24,8,625.79,0,-9.53,2.904
ABUJA_OFFICE_DG1_and_DG2_1696962600_OFFICE-00980785,2023-10-10 18:30:00,2023-10-10 18:45:00,1696962600,155.55,204.37,2.06,0.0,8,626.04,0,-9.78,2.767
ABUJA_OFFICE_DG1_and_DG2_1696963500_OFFICE-00980785,2023-10-10 18:45:00,2023-10-10 19:00:00,1696963500,153.89,204.37,1.24,0.0,8,626.29,0,-10.03,2.68
ABUJA_OFFICE_DG1_and_DG2_1696964400_OFFICE-00980785,2023-10-10 19:00:00,2023-10-10 19:15:00,1696964400,152.24,204.37,2.07,0.0,8,626.54,0,-10.28,2.72
ABUJA_OFFICE_DG1_and_DG2_1696965300_OFFICE-00980785,2023-10-10 19:15:00,2023-10-10 19:30:00,1696965300,150.18,204.37,2.06,0.0,8,626.79,0,-10.53,2.675
ABUJA_OFFICE_DG1_and_DG2_1696966200_OFFICE-00980785,2023-10-10 19:30:00,2023-10-10 19:45:00,1696966200,149.35,204.37,0.83,0.0,8,627.04,0,-10.78,2.678
ABUJA_OFFICE_DG1_and_DG2_1696967100_OFFICE-00980785,2023-10-10 19:45:00,2023-10-10 20:00:00,1696967100,147.7,204.37,1.65,0.0,8,627.29,0,-11.03,2.591
ABUJA_OFFICE_DG1_and_DG2_1696968000_OFFICE-00980785,2023-10-10 20:00:00,2023-10-10 20:15:00,1696968000,145.63,204.37,1.66,0.0,8,627.54,0,-11.28,2.583
ABUJA_OFFICE_DG1_and_DG2_1696968900_OFFICE-00980785,2023-10-10 20:15:00,2023-10-10 20:30:00,1696968900,143.98,204.37,2.06,0.0,8,627.79,0,-11.53,2.626
ABUJA_OFFICE_DG1_and_DG2_1696969800_OFFICE-00980785,2023-10-10 20:30:00,2023-10-10 20:45:00,1696969800,143.15,204.37,0.41,0.0,8,628.04,0,-11.78,2.528
ABUJA_OFFICE_DG1_and_DG2_1696970700_OFFICE-00980785,2023-10-10 20:45:00,2023-10-10 21:00:00,1696970700,141.5,204.37,2.07,0.0,8,628.29,0,-12.03,2.554
ABUJA_OFFICE_DG1_and_DG2_1696971600_OFFICE-00980785,2023-10-10 21:00:00,2023-10-10 21:15:00,1696971600,139.85,204.37,1.65,0.0,8,628.54,0,-12.28,2.621
ABUJA_OFFICE_DG1_and_DG2_1696972500_OFFICE-00980785,2023-10-10 21:15:00,2023-10-10 21:30:00,1696972500,138.19,204.37,1.66,0.0,8,628.79,0,-12.53,2.651
ABUJA_OFFICE_DG1_and_DG2_1696973400_OFFICE-00980785,2023-10-10 21:30:00,2023-10-10 21:45:00,1696973400,136.54,204.37,1.65,0.0,8,629.04,0,-12.78,2.61
ABUJA_OFFICE_DG1_and_DG2_1696974300_OFFICE-00980785,2023-10-10 21:45:00,2023-10-10 22:00:00,1696974300,135.3,204.37,1.24,0.0,8,629.30,0,-13.04,2.599
ABUJA_OFFICE_DG1_and_DG2_1696975200_OFFICE-00980785,2023-10-10 22:00:00,2023-10-10 22:15:00,1696975200,133.24,204.37,2.06,0.0,8,629.55,0,-13.29,2.532
ABUJA_OFFICE_DG1_and_DG2_1696976100_OFFICE-00980785,2023-10-10 22:15:00,2023-10-10 22:30:00,1696976100,131.58,204.37,1.66,0.0,8,629.80,0,-13.54,2.501
ABUJA_OFFICE_DG1_and_DG2_1696977000_OFFICE-00980785,2023-10-10 22:30:00,2023-10-10 22:45:00,1696977000,129.93,204.37,1.65,0.0,8,630.05,0,-13.79,2.571
ABUJA_OFFICE_DG1_and_DG2_1696977900_OFFICE-00980785,2023-10-10 22:45:00,2023-10-10 23:00:00,1696977900,128.28,204.37,1.65,0.0,8,630.30,0,-14.04,2.484
ABUJA_OFFICE_DG1_and_DG2_1696978800_OFFICE-00980785,2023-10-10 23:00:00,2023-10-10 23:15:00,1696978800,126.63,204.37,1.65,0.0,8,630.55,0,-14.29,2.611
ABUJA_OFFICE_DG1_and_DG2_1696979700_OFFICE-00980785,2023-10-10 23:15:00,2023-10-10 23:30:00,1696979700,125.39,204.37,1.24,0.0,8,630.80,0,-14.54,2.503
ABUJA_OFFICE_DG1_and_DG2_1696980600_OFFICE-00980785,2023-10-10 23:30:00,2023-10-10 23:45:00,1696980600,123.74,204.37,1.65,0.0,8,631.05,0,-14.79,2.56
ABUJA_OFFICE_DG1_and_DG2_1696981500_OFFICE-00980785,2023-10-10 23:45:00,2023-10-11 00:00:00,1696981500,122.5,204.37,0.83,0.0,8,631.30,0,-15.04,2.5
