key,start,end,epoch,tankl1,tankl2,deltal1,deltal2,hrs1,hrs2,deltahrs1,deltahrs2,GB1_kwh
ADIKPO_1696899600,2023-10-10 00:00:00,2023-10-10 00:15:00,1696896000,83.14,93.82,1.10,0.0,11604.08,10409.05,-2.2299999999995634,-0.039999999999054126,0.0
ADIKPO_1696900500,2023-10-10 00:15:00,2023-10-10 00:30:00,1696896900,83.14,93.14,0.0,0.34,11604.08,10409.3,-2.2299999999995634,-0.2899999999990541,0.0
ADIKPO_1696901400,2023-10-10 00:30:00,2023-10-10 00:45:00,1696897800,83.14,93.14,0.0,0.34,11604.08,10409.55,-2.2299999999995634,-0.5399999999990541,0.0
ADIKPO_1696902300,2023-10-10 00:45:00,2023-10-10 01:00:00,1696898700,82.77,93.14,0.37,0.0,11604.3,10409.6,-2.4499999999989086,-0.5900000000001455,0.0
ADIKPO_1696903200,2023-10-10 01:00:00,2023-10-10 01:15:00,1696899600,81.67,93.14,1.1,0.0,11604.55,10409.6,-2.6999999999989086,-0.5900000000001455,0.0
ADIKPO_1696904100,2023-10-10 01:15:00,2023-10-10 01:30:00,1696900500,80.93,93.14,0.37,0.0,11604.8,10409.6,-2.9499999999989086,-0.5900000000001455,0.0
ADIKPO_1696905000,2023-10-10 01:30:00,2023-10-10 01:45:00,1696901400,80.56,93.14,0.74,0.0,11605.05,10409.6,-3.1999999999989086,-0.5900000000001455,0.0
ADIKPO_1696905900,2023-10-10 01:45:00,2023-10-10 02:00:00,1696902300,78.72,93.14,1.84,0.0,11605.3,10409.6,-3.4499999999989086,-0.5900000000001455,0.0
ADIKPO_1696906800,2023-10-10 02:00:00,2023-10-10 02:15:00,1696903200,78.72,93.14,0.0,0.0,11605.55,10409.6,-3.6999999999989086,-0.5900000000001455,0.0
ADIKPO_1696907700,2023-10-10 02:15:00,2023-10-10 02:30:00,1696904100,77.62,93.14,1.1,0.0,11605.8,10409.6,-3.9499999999989086,-0.5900000000001455,0.0
ADIKPO_1696908600,2023-10-10 02:30:00,2023-10-10 02:45:00,1696905000,76.15,93.14,1.47,0.0,11606.05,10409.6,-4.199999999998909,-0.5900000000001455,0.0
ADIKPO_1696909500,2023-10-10 02:45:00,2023-10-10 03:00:00,1696905900,75.78,93.14,0.37,0.0,11606.3,10409.6,-4.449999999998909,-0.5900000000001455,0.0
ADIKPO_1696910400,2023-10-10 03:00:00,2023-10-10 03:15:00,1696906800,75.78,93.14,0.0,0.0,11606.55,10409.64,-4.699999999998909,-0.6299999999991996,0.0
ADIKPO_1696911300,2023-10-10 03:15:00,2023-10-10 03:30:00,1696907700,75.41,93.14,0.37,0.0,11606.55,10409.89,-4.699999999998909,-0.8799999999991996,0.0
ADIKPO_1696912200,2023-10-10 03:30:00,2023-10-10 03:45:00,1696908600,75.41,91.09,0.0,2.05,11606.55,10410.14,-4.699999999998909,-1.1299999999991996,0.0
ADIKPO_1696913100,2023-10-10 03:45:00,2023-10-10 04:00:00,1696909500,75.41,91.09,0.0,0.0,11606.55,10410.39,-4.699999999998909,-1.3799999999991996,0.0
ADIKPO_1696914000,2023-10-10 04:00:00,2023-10-10 04:15:00,1696910400,75.41,90.75,0.0,0.34,11606.55,10410.64,-4.699999999998909,-1.6299999999991996,0.0
ADIKPO_1696914900,2023-10-10 04:15:00,2023-10-10 04:30:00,1696911300,75.41,90.07,0.0,0.68,11606.55,10410.89,-4.699999999998909,-1.8799999999991996,0.0
ADIKPO_1696915800,2023-10-10 04:30:00,2023-10-10 04:45:00,1696912200,75.41,89.05,0.0,1.02,11606.55,10411.14,-4.699999999998909,-2.1299999999991996,0.0
ADIKPO_1696916700,2023-10-10 04:45:00,2023-10-10 05:00:00,1696913100,75.41,88.02,0.0,1.03,11606.55,10411.39,-4.699999999998909,-2.3799999999991996,0.0
ADIKPO_1696917600,2023-10-10 05:00:00,2023-10-10 05:15:00,1696914000,75.41,87.34,0.0,0.68,11606.55,10411.64,-4.699999999998909,-2.6299999999991996,0.0
ADIKPO_1696918500,2023-10-10 05:15:00,2023-10-10 05:30:00,1696914900,75.41,86.32,0.0,0.68,11606.55,10411.89,-4.699999999998909,-2.8799999999991996,0.0
ADIKPO_1696919400,2023-10-10 05:30:00,2023-10-10 05:45:00,1696915800,75.41,85.64,0.0,1.02,11606.55,10412.14,-4.699999999998909,-3.1299999999991996,0.0
ADIKPO_1696920300,2023-10-10 05:45:00,2023-10-10 06:00:00,1696916700,88.67,110.86,0.0,0.69,11606.55,10412.39,-4.699999999998909,-3.3799999999991996,0.0
ADIKPO_1696921200,2023-10-10 06:00:00,2023-10-10 06:15:00,1696917600,88.67,109.16,0.0,3.06,11606.55,10412.64,-4.699999999998909,-3.6299999999991996,0.0
ADIKPO_1696922100,2023-10-10 06:15:00,2023-10-10 06:30:00,1696918500,88.67,108.14,0.0,1.02,11606.55,10412.89,-4.699999999998909,-3.8799999999991996,0.0
ADIKPO_1696923000,2023-10-10 06:30:00,2023-10-10 06:45:00,1696919400,88.67,106.43,0.0,1.71,11606.55,10413.14,-4.699999999998909,-4.1299999999992,0.0
ADIKPO_1696923900,2023-10-10 06:45:00,2023-10-10 07:00:00,1696920300,88.67,107.45,0.0,1.70,11606.55,10413.39,-4.699999999998909,-4.3799999999992,0.0
ADIKPO_1696924800,2023-10-10 07:00:00,2023-10-10 07:15:00,1696921200,88.67,105.07,0.0,2.73,11606.55,10413.64,-4.699999999998909,-4.6299999999992,0.0
ADIKPO_1696925700,2023-10-10 07:15:00,2023-10-10 07:30:00,1696922100,88.67,102.68,0.0,4.43,11606.55,10413.89,-4.699999999998909,-4.8799999999992,0.0
ADIKPO_1696926600,2023-10-10 07:30:00,2023-10-10 07:45:00,1696923000,88.67,102.68,0.0,1.71,11606.55,10414.14,-4.699999999998909,-5.1299999999992,0.0
ADIKPO_1696927500,2023-10-10 07:45:00,2023-10-10 08:00:00,1696923900,88.67,101.32,0.0,1.36,11606.55,10414.39,-4.699999999998909,-5.3799999999992,0.0
ADIKPO_1696928400,2023-10-10 08:00:00,2023-10-10 08:15:00,1696924800,88.67,100.3,0.0,1.02,11606.55,10414.64,-4.699999999998909,-5.6299999999992,0.0
ADIKPO_1696929300,2023-10-10 08:15:00,2023-10-10 08:30:00,1696925700,88.67,98.93,0.0,1.37,11606.55,10414.89,-4.699999999998909,-5.8799999999992,0.0
ADIKPO_1696930200,2023-10-10 08:30:00,2023-10-10 08:45:00,1696926600,88.67,97.23,0.0,0.68,11606.55,10415.14,-4.699999999998909,-6.1299999999992,0.0
ADIKPO_1696931100,2023-10-10 08:45:00,2023-10-10 09:00:00,1696927500,88.67,95.86,0.0,2.39,11606.55,10415.39,-4.699999999998909,-6.3799999999992,0.0
ADIKPO_1696932000,2023-10-10 09:00:00,2023-10-10 09:15:00,1696928400,88.67,95.18,0.0,0.68,11606.55,10415.64,-4.699999999998909,-6.6299999999992,0.0
ADIKPO_1696932900,2023-10-10 09:15:00,2023-10-10 09:30:00,1696929300,87.56,93.82,1.10,1.36,11606.74,10415.72,-4.889999999999418,-6.709999999999127,0.0
ADIKPO_1696933800,2023-10-10 09:30:00,2023-10-10 09:45:00,1696930200,85.72,93.82,1.84,0.0,11606.99,10415.72,-5.139999999999418,-6.709999999999127,0.0
ADIKPO_1696934700,2023-10-10 09:45:00,2023-10-10 10:00:00,1696931100,84.25,93.82,1.47,0.0,11607.24,10415.72,-5.389999999999418,-6.709999999999127,0.0
ADIKPO_1696935600,2023-10-10 10:00:00,2023-10-10 10:15:00,1696932000,83.14,93.82,1.10,0.0,11607.49,10415.72,-5.639999999999418,-6.709999999999127,0.0
ADIKPO_1696936500,2023-10-10 10:15:00,2023-10-10 10:30:00,1696932900,81.3,93.82,1.84,0.0,11607.74,10415.72,-5.889999999999418,-6.709999999999127,0.0
ADIKPO_1696937400,2023-10-10 10:30:00,2023-10-10 10:45:00,1696933800,79.09,93.82,1.84,0.0,11607.99,10415.72,-6.139999999999418,-6.709999999999127,0.0
ADIKPO_1696938300,2023-10-10 10:45:00,2023-10-10 11:00:00,1696934700,78.35,93.82,1.10,0.0,11608.24,10415.72,-6.389999999999418,-6.709999999999127,0.0
ADIKPO_1696939200,2023-10-10 11:00:00,2023-10-10 11:15:00,1696935600,76.42,93.82,1.93,0.0,11608.49,10415.72,-6.639999999999418,-6.709999999999127,0.0
ADIKPO_1696940100,2023-10-10 11:15:00,2023-10-10 11:30:00,1696936500,74.3,93.82,1.75,0.0,11608.74,10415.72,-6.889999999999418,-6.709999999999127,0.0
ADIKPO_1696941000,2023-10-10 11:30:00,2023-10-10 11:45:00,1696937400,73.2,93.82,1.1,0.0,11608.99,10415.72,-7.139999999999418,-6.709999999999127,0.0
ADIKPO_1696941900,2023-10-10 11:45:00,2023-10-10 12:00:00,1696938300,71.73,93.82,1.83,0.0,11609.24,10415.72,-7.389999999999418,-6.709999999999127,0.0
ADIKPO_1696942800,2023-10-10 12:00:00,2023-10-10 12:15:00,1696939200,70.62,93.82,1.10,0.0,11609.49,10415.72,-7.639999999999418,-6.709999999999127,0.0
ADIKPO_1696943700,2023-10-10 12:15:00,2023-10-10 12:30:00,1696940100,68.41,93.82,2.21,0.0,11609.74,10415.72,-7.889999999999418,-6.709999999999127,0.0
ADIKPO_1696944600,2023-10-10 12:30:00,2023-10-10 12:45:00,1696941000,67.67,93.82,0.74,0.0,11609.99,10415.72,-8.139999999999418,-6.709999999999127,0.0
ADIKPO_1696945500,2023-10-10 12:45:00,2023-10-10 13:00:00,1696941900,65.47,93.82,2.19,0.0,11610.24,10415.72,-8.389999999999418,-6.709999999999127,0.0
ADIKPO_1696946400,2023-10-10 13:00:00,2023-10-10 13:15:00,1696942800,63.99,93.82,1.48,0.0,11610.49,10415.72,-8.639999999999418,-6.709999999999127,0.0
ADIKPO_1696947300,2023-10-10 13:15:00,2023-10-10 13:30:00,1696943700,63.26,93.82,0.73,0.0,11610.74,10415.72,-8.889999999999418,-6.709999999999127,0.0
ADIKPO_1696948200,2023-10-10 13:30:00,2023-10-10 13:45:00,1696944600,61.05,93.82,2.21,0.0,11610.99,10415.72,-9.139999999999418,-6.709999999999127,0.0
ADIKPO_1696949100,2023-10-10 13:45:00,2023-10-10 14:00:00,1696945500,59.94,93.82,0.74,0.0,11611.24,10415.72,-9.389999999999418,-6.709999999999127,0.0
ADIKPO_1696950000,2023-10-10 14:00:00,2023-10-10 14:15:00,1696946400,58.1,93.82,2.21,0.0,11611.49,10415.72,-9.639999999999418,-6.709999999999127,0.0
ADIKPO_1696950900,2023-10-10 14:15:00,2023-10-10 14:30:00,1696947300,57.36,93.82,0.74,0.0,11611.74,10415.72,-9.889999999999418,-6.709999999999127,0.0
ADIKPO_1696951800,2023-10-10 14:30:00,2023-10-10 14:45:00,1696948200,55.52,93.82,1.47,0.0,11611.99,10415.72,-10.139999999999418,-6.709999999999127,0.0
ADIKPO_1696952700,2023-10-10 14:45:00,2023-10-10 15:00:00,1696949100,53.31,93.82,1.83,0.0,11612.24,10415.72,-10.389999999999418,-6.709999999999127,0.0
ADIKPO_1696953600,2023-10-10 15:00:00,2023-10-10 15:15:00,1696950000,52.58,93.82,1.46,0.0,11612.49,10415.72,-10.639999999999418,-6.709999999999127,0.0
ADIKPO_1696954500,2023-10-10 15:15:00,2023-10-10 15:30:00,1696950900,51.84,92.8,0.74,1.02,11612.53,10415.95,-10.680000000000291,-6.940000000000509,0.0
ADIKPO_1696955400,2023-10-10 15:30:00,2023-10-10 15:45:00,1696951800,51.84,91.43,0.0,1.37,11612.53,10416.2,-10.680000000000291,-7.190000000000509,0.0
ADIKPO_1696956300,2023-10-10 15:45:00,2023-10-10 16:00:00,1696952700,51.84,91.09,0.0,0.34,11612.53,10416.45,-10.680000000000291,-7.440000000000509,0.0
ADIKPO_1696957200,2023-10-10 16:00:00,2023-10-10 16:15:00,1696953600,51.84,88.7,0.0,2.04,11612.53,10416.7,-10.680000000000291,-7.690000000000509,0.0
ADIKPO_1696958100,2023-10-10 16:15:00,2023-10-10 16:30:00,1696954500,51.84,88.02,0.0,1.03,11612.53,10416.95,-10.680000000000291,-7.940000000000509,0.0
ADIKPO_1696959000,2023-10-10 16:30:00,2023-10-10 16:45:00,1696955400,51.84,87.68,0.0,0.34,11612.53,10417.2,-10.680000000000291,-8.19000000000051,0.0
ADIKPO_1696959900,2023-10-10 16:45:00,2023-10-10 17:00:00,1696956300,51.84,86.66,0.0,1.02,11612.53,10417.45,-10.680000000000291,-8.44000000000051,0.0
ADIKPO_1696960800,2023-10-10 17:00:00,2023-10-10 17:15:00,1696957200,51.84,84.61,0.0,1.71,11612.53,10417.7,-10.680000000000291,-8.69000000000051,0.0
ADIKPO_1696961700,2023-10-10 17:15:00,2023-10-10 17:30:00,1696958100,51.84,84.61,0.0,0.34,11612.53,10417.95,-10.680000000000291,-8.94000000000051,0.0
ADIKPO_1696962600,2023-10-10 17:30:00,2023-10-10 17:45:00,1696959000,51.84,82.91,0.0,1.70,11612.53,10418.2,-10.680000000000291,-9.19000000000051,0.0
ADIKPO_1696963500,2023-10-10 17:45:00,2023-10-10 18:00:00,1696959900,51.84,82.57,0.0,0.34,11612.53,10418.45,-10.680000000000291,-9.44000000000051,0.0
ADIKPO_1696964400,2023-10-10 18:00:00,2023-10-10 18:15:00,1696960800,51.84,80.86,0.0,1.71,11612.53,10418.7,-10.680000000000291,-9.69000000000051,0.0
ADIKPO_1696965300,2023-10-10 18:15:00,2023-10-10 18:30:00,1696961700,51.84,80.52,0.0,0.34,11612.53,10418.95,-10.680000000000291,-9.94000000000051,0.0
ADIKPO_1696966200,2023-10-10 18:30:00,2023-10-10 18:45:00,1696962600,51.84,80.18,0.0,0.34,11612.53,10419.2,-10.680000000000291,-10.19000000000051,0.0
ADIKPO_1696967100,2023-10-10 18:45:00,2023-10-10 19:00:00,1696963500,51.84,78.48,0.0,1.70,11612.53,10419.45,-10.680000000000291,-10.44000000000051,0.0
ADIKPO_1696968000,2023-10-10 19:00:00,2023-10-10 19:15:00,1696964400,51.84,78.48,0.0,0.0,11612.53,10419.7,-10.680000000000291,-10.69000000000051,0.0
ADIKPO_1696968900,2023-10-10 19:15:00,2023-10-10 19:30:00,1696965300,51.84,77.45,0.0,1.03,11612.53,10419.95,-10.680000000000291,-10.94000000000051,0.0
ADIKPO_1696969800,2023-10-10 19:30:00,2023-10-10 19:45:00,1696966200,51.84,76.43,0.0,1.02,11612.53,10420.2,-10.680000000000291,-11.19000000000051,0.0
ADIKPO_1696970700,2023-10-10 19:45:00,2023-10-10 20:00:00,1696967100,51.84,76.09,0.0,0.34,11612.53,10420.45,-10.680000000000291,-11.44000000000051,0.0
ADIKPO_1696971600,2023-10-10 20:00:00,2023-10-10 20:15:00,1696968000,51.84,76.09,0.0,0.0,11612.53,10420.7,-10.680000000000291,-11.69000000000051,0.0
ADIKPO_1696972500,2023-10-10 20:15:00,2023-10-10 20:30:00,1696968900,51.84,75.07,0.0,1.02,11612.53,10420.95,-10.680000000000291,-11.94000000000051,0.0
ADIKPO_1696973400,2023-10-10 20:30:00,2023-10-10 20:45:00,1696969800,51.84,74.05,0.0,1.02,11612.53,10421.2,-10.680000000000291,-12.19000000000051,0.0
ADIKPO_1696974300,2023-10-10 20:45:00,2023-10-10 21:00:00,1696970700,51.84,74.05,0.0,0.0,11612.53,10421.45,-10.680000000000291,-12.44000000000051,0.0
ADIKPO_1696975200,2023-10-10 21:00:00,2023-10-10 21:15:00,1696971600,51.84,73.36,0.0,0.35,11612.53,10421.7,-10.680000000000291,-12.69000000000051,0.0
ADIKPO_1696976100,2023-10-10 21:15:00,2023-10-10 21:30:00,1696972500,52.58,73.02,1.46,0.68,11612.78,10421.75,-10.930000000000291,-12.739999999999782,0.0
ADIKPO_1696977000,2023-10-10 21:30:00,2023-10-10 21:45:00,1696973400,52.21,73.02,0.37,0.0,11613.03,10421.75,-11.180000000000291,-12.739999999999782,0.0
ADIKPO_1696977900,2023-10-10 21:45:00,2023-10-10 22:00:00,1696974300,51.1,73.02,1.10,0.0,11613.28,10421.75,-11.430000000000291,-12.739999999999782,0.0
ADIKPO_1696978800,2023-10-10 22:00:00,2023-10-10 22:15:00,1696975200,50.37,73.02,0.37,0.0,11613.53,10421.75,-11.680000000000291,-12.739999999999782,0.0
ADIKPO_1696979700,2023-10-10 22:15:00,2023-10-10 22:30:00,1696976100,49.63,73.02,0.73,0.0,11613.78,10421.75,-11.930000000000291,-12.739999999999782,0.0
ADIKPO_1696980600,2023-10-10 22:30:00,2023-10-10 22:45:00,1696977000,48.52,73.02,1.48,0.0,11614.03,10421.75,-12.180000000000291,-12.739999999999782,0.0
ADIKPO_1696981500,2023-10-10 22:45:00,2023-10-10 23:00:00,1696977900,47.79,73.02,0.73,0.0,11614.28,10421.75,-12.430000000000291,-12.739999999999782,0.0
ADIKPO_1696982400,2023-10-10 23:00:00,2023-10-10 23:15:00,1696978800,47.05,73.02,0.74,0.0,11614.53,10421.75,-12.680000000000291,-12.739999999999782,0.0
ADIKPO_1696983300,2023-10-10 23:15:00,2023-10-10 23:30:00,1696979700,45.95,73.02,0.74,0.0,11614.78,10421.75,-12.930000000000291,-12.739999999999782,0.0
ADIKPO_1696984200,2023-10-10 23:30:00,2023-10-10 23:45:00,1696980600,45.58,73.02,0.73,0.0,11615.03,10421.75,-13.180000000000291,-12.739999999999782,0.0
ADIKPO_1696985100,2023-10-10 23:45:00,2023-10-11 00:00:00,1696981500,44.84,73.02,0.74,0.0,11615.28,10421.75,-13.430000000000291,-12.739999999999782,0.0
