key,start,end,epoch,tankl1,tankl2,deltal1,deltal2,hrs1,hrs2,deltahrs1,deltahrs2,GB1_kwh
ABUJA_OFFICE_DG1_and_DG2_1703030400_OFFICE-00980785,2023-12-19 23:00:00,2023-12-19 23:15:00,1703030400,264.20,297.17,0.0,1.0,9,511.10,-1,57.48,2.339
ABUJA_OFFICE_DG1_and_DG2_1703031300_OFFICE-00980785,2023-12-19 23:15:00,2023-12-19 23:30:00,1703031300,264.20,295.54,0.0,1.54,9,511.10,-1,57.48,2.404
ABUJA_OFFICE_DG1_and_DG2_1703032200_OFFICE-00980785,2023-12-19 23:30:00,2023-12-19 23:45:00,1703032200,264.20,294.42,0.0,1.20,9,511.10,-1,57.48,2.388
ABUJA_OFFICE_DG1_and_DG2_1703033100_OFFICE-00980785,2023-12-19 23:45:00,2023-12-20 00:00:00,1703033100,264.20,292.91,0.0,1.27,9,511.10,-1,57.48,2.449
ABUJA_OFFICE_DG1_and_DG2_1703034000_OFFICE-00980785,2023-12-20 00:00:00,2023-12-20 00:15:00,1703034000,264.20,291.91,0.0,1.24,9,511.10,-1,57.48,2.55
ABUJA_OFFICE_DG1_and_DG2_1703034900_OFFICE-00980785,2023-12-20 00:15:00,2023-12-20 00:30:00,1703034900,264.20,290.32,0.0,1.58,9,511.10,-1,57.48,2.53
ABUJA_OFFICE_DG1_and_DG2_1703035800_OFFICE-00980785,2023-12-20 00:30:00,2023-12-20 00:45:00,1703035800,264.20,288.97,0.0,1.35,9,511.12,-1,57.46,2.545
ABUJA_OFFICE_DG1_and_DG2_1703036700_OFFICE-00980785,2023-12-20 00:45:00,2023-12-20 01:00:00,1703036700,263.79,288.65,0.41,0.32,9,511.36,-1,57.22,2.497
ABUJA_OFFICE_DG1_and_DG2_1703037600_OFFICE-00980785,2023-12-20 01:00:00,2023-12-20 01:15:00,1703037600,261.72,288.65,1.24,0.0,9,511.61,-1,56.97,2.402
ABUJA_OFFICE_DG1_and_DG2_1703038500_OFFICE-00980785,2023-12-20 01:15:00,2023-12-20 01:30:00,1703038500,260.48,288.65,2.07,0.0,9,511.86,-1,56.72,2.408
ABUJA_OFFICE_DG1_and_DG2_1703039400_OFFICE-00980785,2023-12-20 01:30:00,2023-12-20 01:45:00,1703039400,259.24,288.65,1.24,0.0,9,512.13,-1,56.45,2.286
ABUJA_OFFICE_DG1_and_DG2_1703040300_OFFICE-00980785,2023-12-20 01:45:00,2023-12-20 02:00:00,1703040300,257.59,288.65,1.65,0.0,9,512.38,-1,56.20,2.406
ABUJA_OFFICE_DG1_and_DG2_1703041200_OFFICE-00980785,2023-12-20 02:00:00,2023-12-20 02:15:00,1703041200,256.35,288.65,1.24,0.0,9,512.63,-1,55.95,2.416
ABUJA_OFFICE_DG1_and_DG2_1703042100_OFFICE-00980785,2023-12-20 02:15:00,2023-12-20 02:30:00,1703042100,254.29,288.65,1.65,0.0,9,512.88,-1,55.70,2.481
ABUJA_OFFICE_DG1_and_DG2_1703043000_OFFICE-00980785,2023-12-20 02:30:00,2023-12-20 02:45:00,1703043000,252.63,288.65,2.07,0.0,9,513.13,-1,55.45,2.565
ABUJA_OFFICE_DG1_and_DG2_1703043900_OFFICE-00980785,2023-12-20 02:45:00,2023-12-20 03:00:00,1703043900,251.39,288.65,1.24,0.0,9,513.38,-1,55.20,2.404
ABUJA_OFFICE_DG1_and_DG2_1703044800_OFFICE-00980785,2023-12-20 03:00:00,2023-12-20 03:15:00,1703044800,249.33,288.65,1.65,0.0,9,513.63,-1,54.95,2.334
ABUJA_OFFICE_DG1_and_DG2_1703045700_OFFICE-00980785,2023-12-20 03:15:00,2023-12-20 03:30:00,1703045700,248.09,288.65,1.65,0.0,9,513.88,-1,54.70,2.289
ABUJA_OFFICE_DG1_and_DG2_1703046600_OFFICE-00980785,2023-12-20 03:30:00,2023-12-20 03:45:00,1703046600,246.85,288.65,1.24,0.0,9,514.13,-1,54.45,2.477
ABUJA_OFFICE_DG1_and_DG2_1703047500_OFFICE-00980785,2023-12-20 03:45:00,2023-12-20 04:00:00,1703047500,243.96,288.65,2.89,0.0,9,514.38,-1,54.20,2.416
ABUJA_OFFICE_DG1_and_DG2_1703048400_OFFICE-00980785,2023-12-20 04:00:00,2023-12-20 04:15:00,1703048400,243.13,288.65,0.83,0.0,9,514.63,-1,53.95,2.748
ABUJA_OFFICE_DG1_and_DG2_1703049300_OFFICE-00980785,2023-12-20 04:15:00,2023-12-20 04:30:00,1703049300,241.07,288.65,2.06,0.0,9,514.88,-1,53.70,2.65
ABUJA_OFFICE_DG1_and_DG2_1703050200_OFFICE-00980785,2023-12-20 04:30:00,2023-12-20 04:45:00,1703050200,239.41,288.65,1.66,0.0,9,515.13,-1,53.45,3.12
ABUJA_OFFICE_DG1_and_DG2_1703051100_OFFICE-00980785,2023-12-20 04:45:00,2023-12-20 05:00:00,1703051100,237.76,288.65,1.24,0.0,9,515.38,-1,53.20,3.457
ABUJA_OFFICE_DG1_and_DG2_1703052000_OFFICE-00980785,2023-12-20 05:00:00,2023-12-20 05:15:00,1703052000,236.11,288.65,1.65,0.0,9,515.63,-1,52.95,3.722
ABUJA_OFFICE_DG1_and_DG2_1703052900_OFFICE-00980785,2023-12-20 05:15:00,2023-12-20 05:30:00,1703052900,234.04,288.65,2.48,0.0,9,515.88,-1,52.70,5.167
ABUJA_OFFICE_DG1_and_DG2_1703053800_OFFICE-00980785,2023-12-20 05:30:00,2023-12-20 05:45:00,1703053800,231.56,288.65,2.48,0.0,9,516.13,-1,52.45,5.48
ABUJA_OFFICE_DG1_and_DG2_1703054700_OFFICE-00980785,2023-12-20 05:45:00,2023-12-20 06:00:00,1703054700,229.91,288.65,1.24,0.0,9,516.36,-1,52.22,6.037
ABUJA_OFFICE_DG1_and_DG2_1703055600_OFFICE-00980785,2023-12-20 06:00:00,2023-12-20 06:15:00,1703055600,227.43,288.65,2.89,0.0,9,516.61,-1,51.97,7.258
ABUJA_OFFICE_DG1_and_DG2_1703056500_OFFICE-00980785,2023-12-20 06:15:00,2023-12-20 06:30:00,1703056500,224.95,288.65,2.06,0.0,9,516.86,-1,51.72,7.482
ABUJA_OFFICE_DG1_and_DG2_1703057400_OFFICE-00980785,2023-12-20 06:30:00,2023-12-20 06:45:00,1703057400,221.65,288.65,3.72,0.0,9,517.12,-1,51.46,8.155
ABUJA_OFFICE_DG1_and_DG2_1703058300_OFFICE-00980785,2023-12-20 06:45:00,2023-12-20 07:00:00,1703058300,220.82,288.37,0.83,0.04,9,517.12,-1,51.46,7.841
ABUJA_OFFICE_DG1_and_DG2_1703059200_OFFICE-00980785,2023-12-20 07:00:00,2023-12-20 07:15:00,1703059200,220.82,286.10,0.0,2.43,9,517.12,-1,51.46,7.589
ABUJA_OFFICE_DG1_and_DG2_1703060100_OFFICE-00980785,2023-12-20 07:15:00,2023-12-20 07:30:00,1703060100,220.82,283.31,0.0,2.87,9,517.12,-1,51.46,7.5
ABUJA_OFFICE_DG1_and_DG2_1703061000_OFFICE-00980785,2023-12-20 07:30:00,2023-12-20 07:45:00,1703061000,220.82,280.92,0.0,2.15,9,517.12,-1,51.46,7.203
ABUJA_OFFICE_DG1_and_DG2_1703061900_OFFICE-00980785,2023-12-20 07:45:00,2023-12-20 08:00:00,1703061900,220.82,278.29,0.0,2.51,9,517.12,-1,51.46,7.416
ABUJA_OFFICE_DG1_and_DG2_1703062800_OFFICE-00980785,2023-12-20 08:00:00,2023-12-20 08:15:00,1703062800,220.82,275.66,0.0,2.75,9,517.12,-1,51.46,7.303
ABUJA_OFFICE_DG1_and_DG2_1703063700_OFFICE-00980785,2023-12-20 08:15:00,2023-12-20 08:30:00,1703063700,220.82,273.11,0.0,2.67,9,517.12,-1,51.46,7.355
ABUJA_OFFICE_DG1_and_DG2_1703064600_OFFICE-00980785,2023-12-20 08:30:00,2023-12-20 08:45:00,1703064600,220.82,270.40,0.0,2.55,9,517.12,-1,51.46,7.996
ABUJA_OFFICE_DG1_and_DG2_1703065500_OFFICE-00980785,2023-12-20 08:45:00,2023-12-20 09:00:00,1703065500,220.82,267.85,0.0,2.75,9,517.12,-1,51.46,7.751
ABUJA_OFFICE_DG1_and_DG2_1703066400_OFFICE-00980785,2023-12-20 09:00:00,2023-12-20 09:15:00,1703066400,220.82,265.06,0.0,2.87,9,517.12,-1,51.46,7.323
ABUJA_OFFICE_DG1_and_DG2_1703067300_OFFICE-00980785,2023-12-20 09:15:00,2023-12-20 09:30:00,1703067300,220.82,262.67,0.0,2.39,9,517.12,-1,51.46,7.602
ABUJA_OFFICE_DG1_and_DG2_1703068200_OFFICE-00980785,2023-12-20 09:30:00,2023-12-20 09:45:00,1703068200,220.82,259.76,0.0,2.91,9,517.12,-1,51.46,7.769
ABUJA_OFFICE_DG1_and_DG2_1703069100_OFFICE-00980785,2023-12-20 09:45:00,2023-12-20 10:00:00,1703069100,220.82,257.29,0.0,2.39,9,517.12,-1,51.46,7.869
ABUJA_OFFICE_DG1_and_DG2_1703070000_OFFICE-00980785,2023-12-20 10:00:00,2023-12-20 10:15:00,1703070000,220.82,254.26,0.0,2.79,9,517.12,-1,51.46,8.714
ABUJA_OFFICE_DG1_and_DG2_1703070900_OFFICE-00980785,2023-12-20 10:15:00,2023-12-20 10:30:00,1703070900,220.82,251.47,0.0,2.55,9,517.12,-1,51.46,8.45
ABUJA_OFFICE_DG1_and_DG2_1703071800_OFFICE-00980785,2023-12-20 10:30:00,2023-12-20 10:45:00,1703071800,220.82,248.32,0.0,3.55,9,517.12,-1,51.46,8.414
ABUJA_OFFICE_DG1_and_DG2_1703072700_OFFICE-00980785,2023-12-20 10:45:00,2023-12-20 11:00:00,1703072700,220.82,245.81,0.0,2.55,9,517.12,-1,51.46,7.859
ABUJA_OFFICE_DG1_and_DG2_1703073600_OFFICE-00980785,2023-12-20 11:00:00,2023-12-20 11:15:00,1703073600,220.82,243.34,0.0,2.31,9,517.12,-1,51.46,7.437
ABUJA_OFFICE_DG1_and_DG2_1703074500_OFFICE-00980785,2023-12-20 11:15:00,2023-12-20 11:30:00,1703074500,220.82,240.20,0.0,2.99,9,517.12,-1,51.46,7.954
ABUJA_OFFICE_DG1_and_DG2_1703075400_OFFICE-00980785,2023-12-20 11:30:00,2023-12-20 11:45:00,1703075400,220.82,237.80,0.0,2.55,9,517.12,-1,51.46,7.551
ABUJA_OFFICE_DG1_and_DG2_1703076300_OFFICE-00980785,2023-12-20 11:45:00,2023-12-20 12:00:00,1703076300,220.82,234.86,0.0,3.02,9,517.12,-1,51.46,7.589
ABUJA_OFFICE_DG1_and_DG2_1703077200_OFFICE-00980785,2023-12-20 12:00:00,2023-12-20 12:15:00,1703077200,220.82,232.62,0.0,2.16,9,517.12,-1,51.46,7.829
ABUJA_OFFICE_DG1_and_DG2_1703078100_OFFICE-00980785,2023-12-20 12:15:00,2023-12-20 12:30:00,1703078100,220.82,229.52,0.0,3.02,9,517.12,-1,51.46,7.659
ABUJA_OFFICE_DG1_and_DG2_1703079000_OFFICE-00980785,2023-12-20 12:30:00,2023-12-20 12:45:00,1703079000,220.82,227.33,0.0,2.16,9,517.14,-1,51.44,7.621
ABUJA_OFFICE_DG1_and_DG2_1703079900_OFFICE-00980785,2023-12-20 12:45:00,2023-12-20 13:00:00,1703079900,218.34,226.85,1.65,0.87,9,517.40,-1,51.18,7.655
ABUJA_OFFICE_DG1_and_DG2_1703080800_OFFICE-00980785,2023-12-20 13:00:00,2023-12-20 13:15:00,1703080800,215.86,226.85,3.31,0.0,9,517.65,-1,50.93,9.205
ABUJA_OFFICE_DG1_and_DG2_1703081700_OFFICE-00980785,2023-12-20 13:15:00,2023-12-20 13:30:00,1703081700,212.56,226.85,2.47,0.0,9,517.90,-1,50.68,9.496
ABUJA_OFFICE_DG1_and_DG2_1703082600_OFFICE-00980785,2023-12-20 13:30:00,2023-12-20 13:45:00,1703082600,208.84,226.85,4.14,0.0,9,518.15,-1,50.43,9.368
ABUJA_OFFICE_DG1_and_DG2_1703083500_OFFICE-00980785,2023-12-20 13:45:00,2023-12-20 14:00:00,1703083500,205.54,226.85,3.71,0.0,9,518.40,-1,50.18,8.116
ABUJA_OFFICE_DG1_and_DG2_1703084400_OFFICE-00980785,2023-12-20 14:00:00,2023-12-20 14:15:00,1703084400,203.88,226.85,1.66,0.0,9,518.65,-1,49.93,8.18
ABUJA_OFFICE_DG1_and_DG2_1703085300_OFFICE-00980785,2023-12-20 14:15:00,2023-12-20 14:30:00,1703085300,200.99,226.85,2.89,0.0,9,518.90,-1,49.68,8.25
ABUJA_OFFICE_DG1_and_DG2_1703086200_OFFICE-00980785,2023-12-20 14:30:00,2023-12-20 14:45:00,1703086200,198.93,226.85,2.06,0.0,9,519.15,-1,49.43,7.253
ABUJA_OFFICE_DG1_and_DG2_1703087100_OFFICE-00980785,2023-12-20 14:45:00,2023-12-20 15:00:00,1703087100,195.62,226.85,2.9,0.0,9,519.40,-1,49.18,6.176
ABUJA_OFFICE_DG1_and_DG2_1703088000_OFFICE-00980785,2023-12-20 15:00:00,2023-12-20 15:15:00,1703088000,193.56,226.85,2.06,0.0,9,519.65,-1,48.93,5.537
ABUJA_OFFICE_DG1_and_DG2_1703088900_OFFICE-00980785,2023-12-20 15:15:00,2023-12-20 15:30:00,1703088900,191.49,226.85,2.48,0.0,9,519.90,-1,48.68,5.066
ABUJA_OFFICE_DG1_and_DG2_1703089800_OFFICE-00980785,2023-12-20 15:30:00,2023-12-20 15:45:00,1703089800,189.42,226.85,2.07,0.0,9,520.15,-1,48.43,4.094
ABUJA_OFFICE_DG1_and_DG2_1703090700_OFFICE-00980785,2023-12-20 15:45:00,2023-12-20 16:00:00,1703090700,187.77,226.85,1.65,0.0,9,520.40,-1,48.18,3.476
ABUJA_OFFICE_DG1_and_DG2_1703091600_OFFICE-00980785,2023-12-20 16:00:00,2023-12-20 16:15:00,1703091600,186.53,226.85,1.24,0.0,9,520.65,-1,47.93,3.684
ABUJA_OFFICE_DG1_and_DG2_1703092500_OFFICE-00980785,2023-12-20 16:15:00,2023-12-20 16:30:00,1703092500,184.47,226.85,2.06,0.0,9,520.90,-1,47.68,4.132
ABUJA_OFFICE_DG1_and_DG2_1703093400_OFFICE-00980785,2023-12-20 16:30:00,2023-12-20 16:45:00,1703093400,182.40,226.85,1.66,0.0,9,521.15,-1,47.43,3.903
ABUJA_OFFICE_DG1_and_DG2_1703094300_OFFICE-00980785,2023-12-20 16:45:00,2023-12-20 17:00:00,1703094300,180.33,226.85,2.48,0.0,9,521.40,-1,47.18,3.53
ABUJA_OFFICE_DG1_and_DG2_1703095200_OFFICE-00980785,2023-12-20 17:00:00,2023-12-20 17:15:00,1703095200,179.10,226.85,1.23,0.0,9,521.65,-1,46.93,3.213
ABUJA_OFFICE_DG1_and_DG2_1703096100_OFFICE-00980785,2023-12-20 17:15:00,2023-12-20 17:30:00,1703096100,177.86,226.85,1.24,0.0,9,521.88,-1,46.70,2.974
ABUJA_OFFICE_DG1_and_DG2_1703097000_OFFICE-00980785,2023-12-20 17:30:00,2023-12-20 17:45:00,1703097000,175.38,226.85,2.48,0.0,9,522.14,-1,46.44,3.04
ABUJA_OFFICE_DG1_and_DG2_1703097900_OFFICE-00980785,2023-12-20 17:45:00,2023-12-20 18:00:00,1703097900,174.55,226.85,0.83,0.0,9,522.39,-1,46.19,3.039
ABUJA_OFFICE_DG1_and_DG2_1703098800_OFFICE-00980785,2023-12-20 18:00:00,2023-12-20 18:15:00,1703098800,173.31,226.85,1.24,0.0,9,522.64,-1,45.94,2.81
ABUJA_OFFICE_DG1_and_DG2_1703099700_OFFICE-00980785,2023-12-20 18:15:00,2023-12-20 18:30:00,1703099700,171.25,226.85,2.06,0.0,9,522.89,-1,45.69,2.657
ABUJA_OFFICE_DG1_and_DG2_1703100600_OFFICE-00980785,2023-12-20 18:30:00,2023-12-20 18:45:00,1703100600,170.01,226.85,1.24,0.0,9,523.14,-1,45.44,2.792
ABUJA_OFFICE_DG1_and_DG2_1703101500_OFFICE-00980785,2023-12-20 18:45:00,2023-12-20 19:00:00,1703101500,169.59,226.85,0.42,0.0,9,523.14,-1,45.44,2.543
ABUJA_OFFICE_DG1_and_DG2_1703102400_OFFICE-00980785,2023-12-20 19:00:00,2023-12-20 19:15:00,1703102400,169.59,226.25,0.0,0.32,9,523.14,-1,45.44,2.615
ABUJA_OFFICE_DG1_and_DG2_1703103300_OFFICE-00980785,2023-12-20 19:15:00,2023-12-20 19:30:00,1703103300,169.59,225.17,0.0,1.20,9,523.14,-1,45.44,2.484
ABUJA_OFFICE_DG1_and_DG2_1703104200_OFFICE-00980785,2023-12-20 19:30:00,2023-12-20 19:45:00,1703104200,169.59,223.18,0.0,1.79,9,523.14,-1,45.44,2.464
ABUJA_OFFICE_DG1_and_DG2_1703105100_OFFICE-00980785,2023-12-20 19:45:00,2023-12-20 20:00:00,1703105100,169.59,222.82,0.0,0.72,9,523.14,-1,45.44,2.458
ABUJA_OFFICE_DG1_and_DG2_1703106000_OFFICE-00980785,2023-12-20 20:00:00,2023-12-20 20:15:00,1703106000,169.59,222.82,0.0,0.0,9,523.14,-1,45.44,2.597
ABUJA_OFFICE_DG1_and_DG2_1703106900_OFFICE-00980785,2023-12-20 20:15:00,2023-12-20 20:30:00,1703106900,169.59,222.82,0.0,0.0,9,523.14,-1,45.44,2.596
ABUJA_OFFICE_DG1_and_DG2_1703107800_OFFICE-00980785,2023-12-20 20:30:00,2023-12-20 20:45:00,1703107800,169.59,222.82,0.0,0.0,9,523.14,-1,45.44,2.438
ABUJA_OFFICE_DG1_and_DG2_1703108700_OFFICE-00980785,2023-12-20 20:45:00,2023-12-20 21:00:00,1703108700,169.59,222.82,0.0,0.0,9,523.14,-1,45.44,2.446
ABUJA_OFFICE_DG1_and_DG2_1703109600_OFFICE-00980785,2023-12-20 21:00:00,2023-12-20 21:15:00,1703109600,169.59,222.82,0.0,0.0,9,523.14,-1,45.44,2.502
ABUJA_OFFICE_DG1_and_DG2_1703110500_OFFICE-00980785,2023-12-20 21:15:00,2023-12-20 21:30:00,1703110500,169.59,222.82,0.0,0.0,9,523.14,-1,45.44,2.437
ABUJA_OFFICE_DG1_and_DG2_1703111400_OFFICE-00980785,2023-12-20 21:30:00,2023-12-20 21:45:00,1703111400,169.59,222.82,0.0,0.0,9,523.14,-1,45.44,2.299
ABUJA_OFFICE_DG1_and_DG2_1703112300_OFFICE-00980785,2023-12-20 21:45:00,2023-12-20 22:00:00,1703112300,169.59,222.82,0.0,0.0,9,523.14,-1,45.44,2.265
ABUJA_OFFICE_DG1_and_DG2_1703113200_OFFICE-00980785,2023-12-20 22:00:00,2023-12-20 22:15:00,1703113200,169.59,222.82,0.0,0.0,9,523.14,-1,45.44,2.298
ABUJA_OFFICE_DG1_and_DG2_1703114100_OFFICE-00980785,2023-12-20 22:15:00,2023-12-20 22:30:00,1703114100,169.59,222.82,0.0,0.0,9,523.14,-1,45.44,2.309
ABUJA_OFFICE_DG1_and_DG2_1703115000_OFFICE-00980785,2023-12-20 22:30:00,2023-12-20 22:45:00,1703115000,169.59,222.82,0.0,0.0,9,523.14,-1,45.44,2.311
ABUJA_OFFICE_DG1_and_DG2_1703115900_OFFICE-00980785,2023-12-20 22:45:00,2023-12-20 23:00:00,1703115900,169.59,222.82,0.0,0.0,9,523.14,-1,45.44,2.265
