key,start,end,epoch,tankl1,tankl2,deltal1,deltal2,hrs1,hrs2,deltahrs1,deltahrs2,GB1_kwh
TARABA_DG1_And_DG2_1695686400_OFFICE-00980AA1,2023-09-26 00:00:00,2023-09-26 00:15:00,1695686400,56.59,141.75,0.0,1.88,7018.97,6851.92,-7018.15,-6851.92,0.959
TARABA_DG1_And_DG2_1695687300_OFFICE-00980AA1,2023-09-26 00:15:00,2023-09-26 00:30:00,1695687300,56.59,141.37,0.0,0.38,7019.22,6851.92,-7018.40,-6851.92,0.981
TARABA_DG1_And_DG2_1695688200_OFFICE-00980AA1,2023-09-26 00:30:00,2023-09-26 00:45:00,1695688200,56.59,138.74,0.0,2.63,7019.47,6851.92,-7018.65,-6851.92,0.932
TARABA_DG1_And_DG2_1695689100_OFFICE-00980AA1,2023-09-26 00:45:00,2023-09-26 01:00:00,1695689100,56.59,138.36,0.0,0.38,7019.72,6851.92,-7018.90,-6851.92,0.912
TARABA_DG1_And_DG2_1695690000_OFFICE-00980AA1,2023-09-26 01:00:00,2023-09-26 01:15:00,1695690000,56.59,136.86,0.0,1.5,7019.97,6851.92,-7019.15,-6851.92,0.927
TARABA_DG1_And_DG2_1695690900_OFFICE-00980AA1,2023-09-26 01:15:00,2023-09-26 01:30:00,1695690900,56.59,136.86,0.0,0.0,7020.22,6851.92,-7019.40,-6851.92,0.951
TARABA_DG1_And_DG2_1695691800_OFFICE-00980AA1,2023-09-26 01:30:00,2023-09-26 01:45:00,1695691800,56.59,134.61,0.0,2.25,7020.47,6851.92,-7019.65,-6851.92,0.915
TARABA_DG1_And_DG2_1695692700_OFFICE-00980AA1,2023-09-26 01:45:00,2023-09-26 02:00:00,1695692700,56.59,134.23,0.0,0.38,7020.72,6851.92,-7019.90,-6851.92,0.974
TARABA_DG1_And_DG2_1695693600_OFFICE-00980AA1,2023-09-26 02:00:00,2023-09-26 02:15:00,1695693600,56.59,132.73,0.0,1.13,7020.97,6851.92,-7020.15,-6851.92,0.928
TARABA_DG1_And_DG2_1695694500_OFFICE-00980AA1,2023-09-26 02:15:00,2023-09-26 02:30:00,1695694500,56.59,131.6,0.0,1.5,7021.23,6851.92,-7020.41,-6851.92,0.95
TARABA_DG1_And_DG2_1695695400_OFFICE-00980AA1,2023-09-26 02:30:00,2023-09-26 02:45:00,1695695400,56.59,130.85,0.0,0.75,7021.48,6851.92,-7020.66,-6851.92,0.905
TARABA_DG1_And_DG2_1695696300_OFFICE-00980AA1,2023-09-26 02:45:00,2023-09-26 03:00:00,1695696300,56.59,129.72,0.0,1.13,7021.73,6851.92,-7020.91,-6851.92,0.955
TARABA_DG1_And_DG2_1695697200_OFFICE-00980AA1,2023-09-26 03:00:00,2023-09-26 03:15:00,1695697200,56.59,128.97,0.0,0.75,7021.98,6851.92,-7021.16,-6851.92,0.999
TARABA_DG1_And_DG2_1695698100_OFFICE-00980AA1,2023-09-26 03:15:00,2023-09-26 03:30:00,1695698100,56.59,127.09,0.0,1.88,7022.23,6851.92,-7021.41,-6851.92,0.97
TARABA_DG1_And_DG2_1695699000_OFFICE-00980AA1,2023-09-26 03:30:00,2023-09-26 03:45:00,1695699000,56.59,125.96,0.0,1.13,7022.48,6851.92,-7021.66,-6851.92,0.91
TARABA_DG1_And_DG2_1695699900_OFFICE-00980AA1,2023-09-26 03:45:00,2023-09-26 04:00:00,1695699900,56.59,125.58,0.0,0.0,7022.73,6851.92,-7021.91,-6851.92,0.905
TARABA_DG1_And_DG2_1695700800_OFFICE-00980AA1,2023-09-26 04:00:00,2023-09-26 04:15:00,1695700800,56.59,124.46,0.0,1.5,7022.98,6851.92,-7022.16,-6851.92,0.914
TARABA_DG1_And_DG2_1695701700_OFFICE-00980AA1,2023-09-26 04:15:00,2023-09-26 04:30:00,1695701700,56.59,123.33,0.0,1.13,7023.23,6851.92,-7022.41,-6851.92,0.963
TARABA_DG1_And_DG2_1695702600_OFFICE-00980AA1,2023-09-26 04:30:00,2023-09-26 04:45:00,1695702600,56.59,121.45,0.0,1.88,7023.48,6851.92,-7022.66,-6851.92,0.906
TARABA_DG1_And_DG2_1695703500_OFFICE-00980AA1,2023-09-26 04:45:00,2023-09-26 05:00:00,1695703500,56.59,120.7,0.0,0.75,7023.73,6851.92,-7022.91,-6851.92,0.98
TARABA_DG1_And_DG2_1695704400_OFFICE-00980AA1,2023-09-26 05:00:00,2023-09-26 05:15:00,1695704400,56.59,120.32,0.0,0.38,7023.78,6851.92,-7022.96,-6851.92,0.876
TARABA_DG1_And_DG2_1695705300_OFFICE-00980AA1,2023-09-26 05:15:00,2023-09-26 05:30:00,1695705300,56.59,120.32,0.0,0.0,7023.78,6851.92,-7022.96,-6851.92,0.93
TARABA_DG1_And_DG2_1695706200_OFFICE-00980AA1,2023-09-26 05:30:00,2023-09-26 05:45:00,1695706200,56.59,120.32,0.0,0.0,7023.78,6851.92,-7022.96,-6851.92,1.04
TARABA_DG1_And_DG2_1695707100_OFFICE-00980AA1,2023-09-26 05:45:00,2023-09-26 06:00:00,1695707100,56.59,120.32,0.0,0.0,7023.78,6851.92,-7022.96,-6851.92,1.187
TARABA_DG1_And_DG2_1695708000_OFFICE-00980AA1,2023-09-26 06:00:00,2023-09-26 06:15:00,1695708000,56.59,120.32,0.0,0.0,7023.78,6851.92,-7022.96,-6851.92,1.551
TARABA_DG1_And_DG2_1695708900_OFFICE-00980AA1,2023-09-26 06:15:00,2023-09-26 06:30:00,1695708900,56.59,120.32,0.0,0.0,7023.78,6851.92,-7022.96,-6851.92,1.6
TARABA_DG1_And_DG2_1695709800_OFFICE-00980AA1,2023-09-26 06:30:00,2023-09-26 06:45:00,1695709800,56.59,120.32,0.0,0.0,7023.78,6851.92,-7022.96,-6851.92,1.791
TARABA_DG1_And_DG2_1695710700_OFFICE-00980AA1,2023-09-26 06:45:00,2023-09-26 07:00:00,1695710700,56.59,120.32,0.0,0.0,7023.78,6851.92,-7022.96,-6851.92,2.195
TARABA_DG1_And_DG2_1695711600_OFFICE-00980AA1,2023-09-26 07:00:00,2023-09-26 07:15:00,1695711600,56.59,120.32,0.0,0.0,7023.92,6851.92,-7023.10,-6851.92,1.683
TARABA_DG1_And_DG2_1695712500_OFFICE-00980AA1,2023-09-26 07:15:00,2023-09-26 07:30:00,1695712500,56.59,120.32,0.0,0.0,7023.92,6851.92,-7023.10,-6851.92,2.285
TARABA_DG1_And_DG2_1695713400_OFFICE-00980AA1,2023-09-26 07:30:00,2023-09-26 07:45:00,1695713400,56.59,120.32,0.0,0.0,7023.92,6851.92,-7023.10,-6851.92,2.495
TARABA_DG1_And_DG2_1695714300_OFFICE-00980AA1,2023-09-26 07:45:00,2023-09-26 08:00:00,1695714300,56.59,120.32,0.0,0.0,7023.92,6851.92,-7023.10,-6851.92,2.436
TARABA_DG1_And_DG2_1695715200_OFFICE-00980AA1,2023-09-26 08:00:00,2023-09-26 08:15:00,1695715200,56.59,120.32,0.0,0.0,7023.92,6851.92,-7023.10,-6851.92,2.053
TARABA_DG1_And_DG2_1695716100_OFFICE-00980AA1,2023-09-26 08:15:00,2023-09-26 08:30:00,1695716100,56.59,120.32,0.0,0.0,7023.95,6851.92,-7023.13,-6851.92,2.0
TARABA_DG1_And_DG2_1695717000_OFFICE-00980AA1,2023-09-26 08:30:00,2023-09-26 08:45:00,1695717000,56.59,118.82,0.0,1.13,7024.2,6851.92,-7023.38,-6851.92,1.935
TARABA_DG1_And_DG2_1695717900_OFFICE-00980AA1,2023-09-26 08:45:00,2023-09-26 09:00:00,1695717900,56.59,116.94,0.0,1.88,7024.45,6851.92,-7023.63,-6851.92,2.028
TARABA_DG1_And_DG2_1695718800_OFFICE-00980AA1,2023-09-26 09:00:00,2023-09-26 09:15:00,1695718800,56.59,115.06,0.0,1.88,7024.7,6851.92,-7023.88,-6851.92,2.136
TARABA_DG1_And_DG2_1695719700_OFFICE-00980AA1,2023-09-26 09:15:00,2023-09-26 09:30:00,1695719700,56.59,114.31,0.0,1.12,7024.84,6851.92,-7024.02,-6851.92,1.86
TARABA_DG1_And_DG2_1695720600_OFFICE-00980AA1,2023-09-26 09:30:00,2023-09-26 09:45:00,1695720600,56.59,114.31,0.0,0.0,7024.84,6851.92,-7024.02,-6851.92,2.223
TARABA_DG1_And_DG2_1695721500_OFFICE-00980AA1,2023-09-26 09:45:00,2023-09-26 10:00:00,1695721500,56.59,114.31,0.0,0.0,7024.84,6851.92,-7024.02,-6851.92,2.269
TARABA_DG1_And_DG2_1695722400_OFFICE-00980AA1,2023-09-26 10:00:00,2023-09-26 10:15:00,1695722400,56.59,114.31,0.0,0.0,7024.84,6851.92,-7024.02,-6851.92,2.433
TARABA_DG1_And_DG2_1695723300_OFFICE-00980AA1,2023-09-26 10:15:00,2023-09-26 10:30:00,1695723300,56.59,114.31,0.0,0.0,7024.84,6851.92,-7024.02,-6851.92,2.589
TARABA_DG1_And_DG2_1695724200_OFFICE-00980AA1,2023-09-26 10:30:00,2023-09-26 10:45:00,1695724200,56.59,114.31,0.0,0.0,7024.84,6851.92,-7024.02,-6851.92,2.328
TARABA_DG1_And_DG2_1695725100_OFFICE-00980AA1,2023-09-26 10:45:00,2023-09-26 11:00:00,1695725100,56.59,114.31,0.0,0.0,7024.84,6851.92,-7024.02,-6851.92,2.252
TARABA_DG1_And_DG2_1695726000_OFFICE-00980AA1,2023-09-26 11:00:00,2023-09-26 11:15:00,1695726000,56.59,114.31,0.0,0.0,7024.84,6851.92,-7024.02,-6851.92,2.208
TARABA_DG1_And_DG2_1695726900_OFFICE-00980AA1,2023-09-26 11:15:00,2023-09-26 11:30:00,1695726900,56.59,114.31,0.0,0.0,7024.84,6851.92,-7024.02,-6851.92,2.272
TARABA_DG1_And_DG2_1695727800_OFFICE-00980AA1,2023-09-26 11:30:00,2023-09-26 11:45:00,1695727800,56.59,114.31,0.0,0.0,7024.84,6851.92,-7024.02,-6851.92,2.0
TARABA_DG1_And_DG2_1695728700_OFFICE-00980AA1,2023-09-26 11:45:00,2023-09-26 12:00:00,1695728700,56.59,112.8,0.0,1.13,7025.09,6851.92,-7024.27,-6851.92,1.754
TARABA_DG1_And_DG2_1695729600_OFFICE-00980AA1,2023-09-26 12:00:00,2023-09-26 12:15:00,1695729600,56.59,111.67,0.0,1.13,7025.34,6851.92,-7024.52,-6851.92,2.3
TARABA_DG1_And_DG2_1695730500_OFFICE-00980AA1,2023-09-26 12:15:00,2023-09-26 12:30:00,1695730500,56.59,109.42,0.0,2.63,7025.59,6851.92,-7024.77,-6851.92,2.062
TARABA_DG1_And_DG2_1695731400_OFFICE-00980AA1,2023-09-26 12:30:00,2023-09-26 12:45:00,1695731400,56.59,108.29,0.0,1.13,7025.84,6851.92,-7025.02,-6851.92,2.411
TARABA_DG1_And_DG2_1695732300_OFFICE-00980AA1,2023-09-26 12:45:00,2023-09-26 13:00:00,1695732300,56.59,106.04,0.0,2.25,7026.09,6851.92,-7025.27,-6851.92,2.551
TARABA_DG1_And_DG2_1695733200_OFFICE-00980AA1,2023-09-26 13:00:00,2023-09-26 13:15:00,1695733200,56.59,105.28,0.0,0.38,7026.34,6851.92,-7025.52,-6851.92,2.377
TARABA_DG1_And_DG2_1695734100_OFFICE-00980AA1,2023-09-26 13:15:00,2023-09-26 13:30:00,1695734100,56.59,102.65,0.0,2.63,7026.6,6851.92,-7025.78,-6851.92,2.641
TARABA_DG1_And_DG2_1695735000_OFFICE-00980AA1,2023-09-26 13:30:00,2023-09-26 13:45:00,1695735000,56.59,100.02,0.0,2.63,7026.84,6851.92,-7026.02,-6851.92,2.509
TARABA_DG1_And_DG2_1695735900_OFFICE-00980AA1,2023-09-26 13:45:00,2023-09-26 14:00:00,1695735900,56.59,99.27,0.0,1.13,7027.1,6851.92,-7026.28,-6851.92,2.296
TARABA_DG1_And_DG2_1695736800_OFFICE-00980AA1,2023-09-26 14:00:00,2023-09-26 14:15:00,1695736800,56.59,99.27,0.0,0.0,7027.17,6851.92,-7026.35,-6851.92,1.98
TARABA_DG1_And_DG2_1695737700_OFFICE-00980AA1,2023-09-26 14:15:00,2023-09-26 14:30:00,1695737700,56.59,99.27,0.0,0.0,7027.17,6851.92,-7026.35,-6851.92,2.798
TARABA_DG1_And_DG2_1695738600_OFFICE-00980AA1,2023-09-26 14:30:00,2023-09-26 14:45:00,1695738600,56.59,99.27,0.0,0.0,7027.17,6851.92,-7026.35,-6851.92,2.709
TARABA_DG1_And_DG2_1695739500_OFFICE-00980AA1,2023-09-26 14:45:00,2023-09-26 15:00:00,1695739500,56.59,99.27,0.0,0.0,7027.17,6851.92,-7026.35,-6851.92,2.624
TARABA_DG1_And_DG2_1695740400_OFFICE-00980AA1,2023-09-26 15:00:00,2023-09-26 15:15:00,1695740400,56.59,99.27,0.0,0.0,7027.17,6851.92,-7026.35,-6851.92,2.617
TARABA_DG1_And_DG2_1695741300_OFFICE-00980AA1,2023-09-26 15:15:00,2023-09-26 15:30:00,1695741300,56.59,99.27,0.0,0.0,7027.17,6851.92,-7026.35,-6851.92,2.754
TARABA_DG1_And_DG2_1695742200_OFFICE-00980AA1,2023-09-26 15:30:00,2023-09-26 15:45:00,1695742200,56.59,99.27,0.0,0.0,7027.17,6851.92,-7026.35,-6851.92,2.864
TARABA_DG1_And_DG2_1695743100_OFFICE-00980AA1,2023-09-26 15:45:00,2023-09-26 16:00:00,1695743100,56.59,99.27,0.0,0.0,7027.17,6851.92,-7026.35,-6851.92,2.706
TARABA_DG1_And_DG2_1695744000_OFFICE-00980AA1,2023-09-26 16:00:00,2023-09-26 16:15:00,1695744000,56.59,99.27,0.0,0.0,7027.17,6851.92,-7026.35,-6851.92,2.13
TARABA_DG1_And_DG2_1695744900_OFFICE-00980AA1,2023-09-26 16:15:00,2023-09-26 16:30:00,1695744900,56.59,99.27,0.0,0.0,7027.17,6851.92,-7026.35,-6851.92,1.984
TARABA_DG1_And_DG2_1695745800_OFFICE-00980AA1,2023-09-26 16:30:00,2023-09-26 16:45:00,1695745800,56.59,99.27,0.0,0.0,7027.17,6851.92,-7026.35,-6851.92,1.856
TARABA_DG1_And_DG2_1695746700_OFFICE-00980AA1,2023-09-26 16:45:00,2023-09-26 17:00:00,1695746700,56.59,99.27,0.0,0.0,7027.17,6851.92,-7026.35,-6851.92,1.745
TARABA_DG1_And_DG2_1695747600_OFFICE-00980AA1,2023-09-26 17:00:00,2023-09-26 17:15:00,1695747600,56.59,99.27,0.0,0.0,7027.17,6851.92,-7026.35,-6851.92,1.767
TARABA_DG1_And_DG2_1695748500_OFFICE-00980AA1,2023-09-26 17:15:00,2023-09-26 17:30:00,1695748500,56.59,99.27,0.0,0.0,7027.17,6851.92,-7026.35,-6851.92,1.44
TARABA_DG1_And_DG2_1695749400_OFFICE-00980AA1,2023-09-26 17:30:00,2023-09-26 17:45:00,1695749400,56.59,99.27,0.0,0.0,7027.17,6851.92,-7026.35,-6851.92,1.313
TARABA_DG1_And_DG2_1695750300_OFFICE-00980AA1,2023-09-26 17:45:00,2023-09-26 18:00:00,1695750300,56.59,99.27,0.0,0.0,7027.17,6851.92,-7026.35,-6851.92,1.198
TARABA_DG1_And_DG2_1695751200_OFFICE-00980AA1,2023-09-26 18:00:00,2023-09-26 18:15:00,1695751200,56.59,99.27,0.0,0.0,7027.17,6851.92,-7026.35,-6851.92,1.157
TARABA_DG1_And_DG2_1695752100_OFFICE-00980AA1,2023-09-26 18:15:00,2023-09-26 18:30:00,1695752100,56.59,99.27,0.0,0.0,7027.17,6851.92,-7026.35,-6851.92,1.092
TARABA_DG1_And_DG2_1695753000_OFFICE-00980AA1,2023-09-26 18:30:00,2023-09-26 18:45:00,1695753000,56.59,99.27,0.0,0.0,7027.17,6851.92,-7026.35,-6851.92,1.303
TARABA_DG1_And_DG2_1695753900_OFFICE-00980AA1,2023-09-26 18:45:00,2023-09-26 19:00:00,1695753900,56.59,99.27,0.0,0.0,7027.17,6851.92,-7026.35,-6851.92,1.589
TARABA_DG1_And_DG2_1695754800_OFFICE-00980AA1,2023-09-26 19:00:00,2023-09-26 19:15:00,1695754800,56.59,99.27,0.0,0.0,7027.17,6851.92,-7026.35,-6851.92,1.498
TARABA_DG1_And_DG2_1695755700_OFFICE-00980AA1,2023-09-26 19:15:00,2023-09-26 19:30:00,1695755700,56.59,99.27,0.0,0.0,7027.21,6851.92,-7026.39,-6851.92,1.196
TARABA_DG1_And_DG2_1695756600_OFFICE-00980AA1,2023-09-26 19:30:00,2023-09-26 19:45:00,1695756600,56.59,98.89,0.0,0.0,7027.46,6851.92,-7026.64,-6851.92,1.125
TARABA_DG1_And_DG2_1695757500_OFFICE-00980AA1,2023-09-26 19:45:00,2023-09-26 20:00:00,1695757500,56.59,98.14,0.0,1.13,7027.71,6851.92,-7026.89,-6851.92,1.177
TARABA_DG1_And_DG2_1695758400_OFFICE-00980AA1,2023-09-26 20:00:00,2023-09-26 20:15:00,1695758400,56.59,97.01,0.0,1.13,7027.96,6851.92,-7027.14,-6851.92,1.042
TARABA_DG1_And_DG2_1695759300_OFFICE-00980AA1,2023-09-26 20:15:00,2023-09-26 20:30:00,1695759300,56.59,95.51,0.0,1.12,7028.21,6851.92,-7027.39,-6851.92,1.045
TARABA_DG1_And_DG2_1695760200_OFFICE-00980AA1,2023-09-26 20:30:00,2023-09-26 20:45:00,1695760200,56.59,95.13,0.0,0.76,7028.46,6851.92,-7027.64,-6851.92,1.058
TARABA_DG1_And_DG2_1695761100_OFFICE-00980AA1,2023-09-26 20:45:00,2023-09-26 21:00:00,1695761100,56.59,93.63,0.0,1.5,7028.71,6851.92,-7027.89,-6851.92,1.002
TARABA_DG1_And_DG2_1695762000_OFFICE-00980AA1,2023-09-26 21:00:00,2023-09-26 21:15:00,1695762000,56.59,92.13,0.0,1.5,7028.96,6851.92,-7028.14,-6851.92,1.09
TARABA_DG1_And_DG2_1695762900_OFFICE-00980AA1,2023-09-26 21:15:00,2023-09-26 21:30:00,1695762900,56.59,91,0.0,1.13,7029.21,6851.92,-7028.39,-6851.92,0.997
TARABA_DG1_And_DG2_1695763800_OFFICE-00980AA1,2023-09-26 21:30:00,2023-09-26 21:45:00,1695763800,56.59,89.87,0.0,1.13,7029.46,6851.92,-7028.64,-6851.92,1.002
TARABA_DG1_And_DG2_1695764700_OFFICE-00980AA1,2023-09-26 21:45:00,2023-09-26 22:00:00,1695764700,56.59,88.74,0.0,1.13,7029.71,6851.92,-7028.89,-6851.92,0.966
TARABA_DG1_And_DG2_1695765600_OFFICE-00980AA1,2023-09-26 22:00:00,2023-09-26 22:15:00,1695765600,56.59,87.61,0.0,0.75,7029.96,6851.92,-7029.14,-6851.92,1.064
TARABA_DG1_And_DG2_1695766500_OFFICE-00980AA1,2023-09-26 22:15:00,2023-09-26 22:30:00,1695766500,56.59,86.11,0.0,1.88,7030.21,6851.92,-7029.39,-6851.92,0.941
TARABA_DG1_And_DG2_1695767400_OFFICE-00980AA1,2023-09-26 22:30:00,2023-09-26 22:45:00,1695767400,56.59,85.74,0.0,0.37,7030.46,6851.92,-7029.64,-6851.92,1.026
TARABA_DG1_And_DG2_1695768300_OFFICE-00980AA1,2023-09-26 22:45:00,2023-09-26 23:00:00,1695768300,56.59,84.61,0.0,1.13,7030.71,6851.92,-7029.89,-6851.92,1.017
TARABA_DG1_And_DG2_1695769200_OFFICE-00980AA1,2023-09-26 23:00:00,2023-09-26 23:15:00,1695769200,56.59,82.73,0.0,1.50,7030.96,6851.92,-7030.14,-6851.92,0.947
TARABA_DG1_And_DG2_1695770100_OFFICE-00980AA1,2023-09-26 23:15:00,2023-09-26 23:30:00,1695770100,56.59,81.6,0.0,1.5,7031.21,6851.92,-7030.39,-6851.92,0.922
TARABA_DG1_And_DG2_1695771000_OFFICE-00980AA1,2023-09-26 23:30:00,2023-09-26 23:45:00,1695771000,56.59,80.85,0.0,0.75,7031.46,6851.92,-7030.64,-6851.92,0.973
TARABA_DG1_And_DG2_1695771900_OFFICE-00980AA1,2023-09-26 23:45:00,2023-09-27 00:00:00,1695771900,56.59,80.1,0.0,0.75,7031.71,6851.92,-7030.89,-6851.92,0.972
