key,start,end,epoch,tankl1,tankl2,deltal1,deltal2,hrs1,hrs2,deltahrs1,deltahrs2,GB1_kwh
ADIKPO_1704067200_OFFICE-00980AAF,2023-12-31 23:00:00,2023-12-31 23:15:00,1704067200,134.33,92.11,0.0,0.34,12,389.78,0,0.00,0.866
ADIKPO_1704068100_OFFICE-00980AAF,2023-12-31 23:15:00,2023-12-31 23:30:00,1704068100,134.33,92.11,0.0,0.0,12,389.78,0,0.00,0.891
ADIKPO_1704069000_OFFICE-00980AAF,2023-12-31 23:30:00,2023-12-31 23:45:00,1704069000,134.33,91.43,0.0,0.68,12,389.78,0,0.00,0.88
ADIKPO_1704069900_OFFICE-00980AAF,2023-12-31 23:45:00,2024-01-01 00:00:00,1704069900,134.33,89.73,0.0,1.70,12,389.78,0,0.00,0.847
ADIKPO_1704070800_OFFICE-00980AAF,2024-01-01 00:00:00,2024-01-01 00:15:00,1704070800,134.33,89.05,0.0,0.68,12,389.78,0,0.00,0.931
ADIKPO_1704071700_OFFICE-00980AAF,2024-01-01 00:15:00,2024-01-01 00:30:00,1704071700,134.33,89.05,0.0,0.0,12,389.78,0,0.00,0.827
ADIKPO_1704072600_OFFICE-00980AAF,2024-01-01 00:30:00,2024-01-01 00:45:00,1704072600,134.33,88.36,0.0,0.35,12,389.78,0,0.00,0.841
ADIKPO_1704073500_OFFICE-00980AAF,2024-01-01 00:45:00,2024-01-01 01:00:00,1704073500,134.33,88.02,0.0,0.68,12,389.78,0,0.00,0.832
ADIKPO_1704074400_OFFICE-00980AAF,2024-01-01 01:00:00,2024-01-01 01:15:00,1704074400,134.33,87,0.0,1.02,12,389.78,0,0.00,0.783
ADIKPO_1704075300_OFFICE-00980AAF,2024-01-01 01:15:00,2024-01-01 01:30:00,1704075300,134.33,86.66,0.0,0.34,12,389.78,0,0.00,0.83
ADIKPO_1704076200_OFFICE-00980AAF,2024-01-01 01:30:00,2024-01-01 01:45:00,1704076200,134.33,85.64,0.0,1.02,12,389.78,0,0.00,0.816
ADIKPO_1704077100_OFFICE-00980AAF,2024-01-01 01:45:00,2024-01-01 02:00:00,1704077100,134.33,84.95,0.0,0.69,12,389.78,0,0.00,0.83
ADIKPO_1704078000_OFFICE-00980AAF,2024-01-01 02:00:00,2024-01-01 02:15:00,1704078000,134.33,84.27,0.0,0.68,12,389.78,0,0.00,0.899
ADIKPO_1704078900_OFFICE-00980AAF,2024-01-01 02:15:00,2024-01-01 02:30:00,1704078900,134.33,83.93,0.0,0.34,12,389.78,0,0.00,0.838
ADIKPO_1704079800_OFFICE-00980AAF,2024-01-01 02:30:00,2024-01-01 02:45:00,1704079800,134.33,82.91,0.0,1.02,12,389.78,0,0.00,0.807
ADIKPO_1704080700_OFFICE-00980AAF,2024-01-01 02:45:00,2024-01-01 03:00:00,1704080700,134.33,82.91,0.0,0.0,12,389.78,0,0.00,0.809
ADIKPO_1704081600_OFFICE-00980AAF,2024-01-01 03:00:00,2024-01-01 03:15:00,1704081600,134.33,81.89,0.0,1.02,12,389.78,0,0.00,0.814
ADIKPO_1704082500_OFFICE-00980AAF,2024-01-01 03:15:00,2024-01-01 03:30:00,1704082500,134.33,81.2,0.0,0.69,12,389.78,0,0.00,0.797
ADIKPO_1704083400_OFFICE-00980AAF,2024-01-01 03:30:00,2024-01-01 03:45:00,1704083400,134.33,81.2,0.0,0.0,12,389.78,0,0.00,0.876
ADIKPO_1704084300_OFFICE-00980AAF,2024-01-01 03:45:00,2024-01-01 04:00:00,1704084300,134.33,80.18,0.0,1.02,12,389.78,0,0.00,0.864
ADIKPO_1704085200_OFFICE-00980AAF,2024-01-01 04:00:00,2024-01-01 04:15:00,1704085200,134.33,79.5,0.0,0.68,12,389.78,0,0.00,0.817
ADIKPO_1704086100_OFFICE-00980AAF,2024-01-01 04:15:00,2024-01-01 04:30:00,1704086100,134.33,78.82,0.0,0.68,12,389.78,0,0.00,0.87
ADIKPO_1704087000_OFFICE-00980AAF,2024-01-01 04:30:00,2024-01-01 04:45:00,1704087000,134.33,78.14,0.0,0.68,12,389.78,0,0.00,0.812
ADIKPO_1704087900_OFFICE-00980AAF,2024-01-01 04:45:00,2024-01-01 05:00:00,1704087900,134.33,77.45,0.0,0.69,12,389.78,0,0.00,0.745
ADIKPO_1704088800_OFFICE-00980AAF,2024-01-01 05:00:00,2024-01-01 05:15:00,1704088800,134.33,77.11,0.0,0.34,12,389.78,0,0.00,0.772
ADIKPO_1704089700_OFFICE-00980AAF,2024-01-01 05:15:00,2024-01-01 05:30:00,1704089700,134.33,75.75,0.0,1.36,12,389.78,0,0.00,0.782
ADIKPO_1704090600_OFFICE-00980AAF,2024-01-01 05:30:00,2024-01-01 05:45:00,1704090600,134.33,75.75,0.0,0.0,12,389.78,0,0.00,0.867
ADIKPO_1704091500_OFFICE-00980AAF,2024-01-01 05:45:00,2024-01-01 06:00:00,1704091500,134.33,74.39,0.0,1.36,12,389.78,0,0.00,0.899
ADIKPO_1704092400_OFFICE-00980AAF,2024-01-01 06:00:00,2024-01-01 06:15:00,1704092400,134.33,74.05,0.0,0.34,12,389.78,0,0.00,0.944
ADIKPO_1704093300_OFFICE-00980AAF,2024-01-01 06:15:00,2024-01-01 06:30:00,1704093300,134.33,73.36,0.0,0.69,12,389.78,0,0.00,0.962
ADIKPO_1704094200_OFFICE-00980AAF,2024-01-01 06:30:00,2024-01-01 06:45:00,1704094200,134.33,72.68,0.0,0.68,12,389.78,0,0.00,0.981
ADIKPO_1704095100_OFFICE-00980AAF,2024-01-01 06:45:00,2024-01-01 07:00:00,1704095100,134.33,71.66,0.0,1.02,12,389.78,0,0.00,0.951
ADIKPO_1704096000_OFFICE-00980AAF,2024-01-01 07:00:00,2024-01-01 07:15:00,1704096000,134.33,70.98,0.0,0.34,12,389.78,0,0.00,0.974
ADIKPO_1704096900_OFFICE-00980AAF,2024-01-01 07:15:00,2024-01-01 07:30:00,1704096900,134.33,70.3,0.0,1.02,12,389.78,0,0.00,0.988
ADIKPO_1704097800_OFFICE-00980AAF,2024-01-01 07:30:00,2024-01-01 07:45:00,1704097800,134.33,69.61,0.0,0.69,12,389.78,0,0.00,0.803
ADIKPO_1704098700_OFFICE-00980AAF,2024-01-01 07:45:00,2024-01-01 08:00:00,1704098700,134.33,68.25,0.0,1.02,12,389.78,0,0.00,0.826
ADIKPO_1704099600_OFFICE-00980AAF,2024-01-01 08:00:00,2024-01-01 08:15:00,1704099600,134.33,67.91,0.0,0.68,12,389.78,0,0.00,0.835
ADIKPO_1704100500_OFFICE-00980AAF,2024-01-01 08:15:00,2024-01-01 08:30:00,1704100500,134.33,67.23,0.0,0.68,12,389.78,0,0.00,0.822
ADIKPO_1704101400_OFFICE-00980AAF,2024-01-01 08:30:00,2024-01-01 08:45:00,1704101400,134.33,65.86,0.0,1.37,12,389.78,0,0.00,0.871
ADIKPO_1704102300_OFFICE-00980AAF,2024-01-01 08:45:00,2024-01-01 09:00:00,1704102300,134.33,65.52,0.0,0.34,12,389.78,0,0.00,0.894
ADIKPO_1704103200_OFFICE-00980AAF,2024-01-01 09:00:00,2024-01-01 09:15:00,1704103200,134.33,64.84,0.0,0.34,12,389.78,0,0.00,0.956
ADIKPO_1704104100_OFFICE-00980AAF,2024-01-01 09:15:00,2024-01-01 09:30:00,1704104100,134.33,63.48,0.0,1.02,12,389.78,0,0.00,1.021
ADIKPO_1704105000_OFFICE-00980AAF,2024-01-01 09:30:00,2024-01-01 09:45:00,1704105000,134.33,63.14,0.0,1.02,12,389.78,0,0.00,1.052
ADIKPO_1704105900_OFFICE-00980AAF,2024-01-01 09:45:00,2024-01-01 10:00:00,1704105900,134.33,61.77,0.0,1.37,12,389.78,0,0.00,1.061
ADIKPO_1704106800_OFFICE-00980AAF,2024-01-01 10:00:00,2024-01-01 10:15:00,1704106800,134.33,60.75,0.0,0.68,12,389.78,0,0.00,1.082
ADIKPO_1704107700_OFFICE-00980AAF,2024-01-01 10:15:00,2024-01-01 10:30:00,1704107700,134.33,60.07,0.0,1.02,12,389.78,0,0.00,1.14
ADIKPO_1704108600_OFFICE-00980AAF,2024-01-01 10:30:00,2024-01-01 10:45:00,1704108600,134.33,59.05,0.0,1.02,12,389.78,0,0.00,0.963
ADIKPO_1704109500_OFFICE-00980AAF,2024-01-01 10:45:00,2024-01-01 11:00:00,1704109500,134.33,58.7,0.0,0.35,12,389.78,0,0.00,0.949
ADIKPO_1704110400_OFFICE-00980AAF,2024-01-01 11:00:00,2024-01-01 11:15:00,1704110400,134.33,58.36,0.0,0.34,12,389.78,0,0.00,1.177
ADIKPO_1704111300_OFFICE-00980AAF,2024-01-01 11:15:00,2024-01-01 11:30:00,1704111300,134.33,57.34,0.0,1.02,12,389.78,0,0.00,1.267
ADIKPO_1704112200_OFFICE-00980AAF,2024-01-01 11:30:00,2024-01-01 11:45:00,1704112200,134.33,57,0.0,0.34,12,389.78,0,0.00,1.219
ADIKPO_1704113100_OFFICE-00980AAF,2024-01-01 11:45:00,2024-01-01 12:00:00,1704113100,134.33,55.64,0.0,1.36,12,389.78,0,0.00,1.323
ADIKPO_1704114000_OFFICE-00980AAF,2024-01-01 12:00:00,2024-01-01 12:15:00,1704114000,134.33,54.61,0.0,0.69,12,389.78,0,0.00,1.289
ADIKPO_1704114900_OFFICE-00980AAF,2024-01-01 12:15:00,2024-01-01 12:30:00,1704114900,134.33,53.59,0.0,0.68,12,389.78,0,0.00,1.29
ADIKPO_1704115800_OFFICE-00980AAF,2024-01-01 12:30:00,2024-01-01 12:45:00,1704115800,134.33,52.91,0.0,1.36,12,389.78,0,0.00,1.31
ADIKPO_1704116700_OFFICE-00980AAF,2024-01-01 12:45:00,2024-01-01 13:00:00,1704116700,134.33,52.23,0.0,0.68,12,389.78,0,0.00,1.347
ADIKPO_1704117600_OFFICE-00980AAF,2024-01-01 13:00:00,2024-01-01 13:15:00,1704117600,134.33,51.55,0.0,0.68,12,389.78,0,0.00,1.451
ADIKPO_1704118500_OFFICE-00980AAF,2024-01-01 13:15:00,2024-01-01 13:30:00,1704118500,134.33,50.86,0.0,0.35,12,389.78,0,0.00,1.378
ADIKPO_1704119400_OFFICE-00980AAF,2024-01-01 13:30:00,2024-01-01 13:45:00,1704119400,134.33,50.18,0.0,1.02,12,389.78,0,0.00,1.442
ADIKPO_1704120300_OFFICE-00980AAF,2024-01-01 13:45:00,2024-01-01 14:00:00,1704120300,134.33,49.16,0.0,1.02,12,389.78,0,0.00,1.496
ADIKPO_1704121200_OFFICE-00980AAF,2024-01-01 14:00:00,2024-01-01 14:15:00,1704121200,134.33,48.82,0.0,0.34,12,389.78,0,0.00,1.432
ADIKPO_1704122100_OFFICE-00980AAF,2024-01-01 14:15:00,2024-01-01 14:30:00,1704122100,134.33,48.14,0.0,0.68,12,389.78,0,0.00,1.434
ADIKPO_1704123000_OFFICE-00980AAF,2024-01-01 14:30:00,2024-01-01 14:45:00,1704123000,134.33,47.11,0.0,1.03,12,389.78,0,0.00,1.47
ADIKPO_1704123900_OFFICE-00980AAF,2024-01-01 14:45:00,2024-01-01 15:00:00,1704123900,134.33,46.43,0.0,0.68,12,389.78,0,0.00,1.456
ADIKPO_1704124800_OFFICE-00980AAF,2024-01-01 15:00:00,2024-01-01 15:15:00,1704124800,134.33,46.09,0.0,0.34,12,389.78,0,0.00,1.445
ADIKPO_1704125700_OFFICE-00980AAF,2024-01-01 15:15:00,2024-01-01 15:30:00,1704125700,134.33,45.41,0.0,0.68,12,389.78,0,0.00,1.395
ADIKPO_1704126600_OFFICE-00980AAF,2024-01-01 15:30:00,2024-01-01 15:45:00,1704126600,134.33,44.73,0.0,0.68,12,389.78,0,0.00,1.375
ADIKPO_1704127500_OFFICE-00980AAF,2024-01-01 15:45:00,2024-01-01 16:00:00,1704127500,134.33,43.7,0.0,1.03,12,389.78,0,0.00,1.364
ADIKPO_1704128400_OFFICE-00980AAF,2024-01-01 16:00:00,2024-01-01 16:15:00,1704128400,134.33,43.7,0.0,0.0,12,389.78,0,0.00,1.288
ADIKPO_1704129300_OFFICE-00980AAF,2024-01-01 16:15:00,2024-01-01 16:30:00,1704129300,134.33,42.68,0.0,1.02,12,389.78,0,0.00,1.218
ADIKPO_1704130200_OFFICE-00980AAF,2024-01-01 16:30:00,2024-01-01 16:45:00,1704130200,134.33,42,0.0,0.68,12,389.78,0,0.00,1.2
ADIKPO_1704131100_OFFICE-00980AAF,2024-01-01 16:45:00,2024-01-01 17:00:00,1704131100,134.33,42,0.0,0.0,12,389.78,0,0.00,1.193
ADIKPO_1704132000_OFFICE-00980AAF,2024-01-01 17:00:00,2024-01-01 17:15:00,1704132000,134.33,42,0.0,0.0,12,389.78,0,0.00,1.178
ADIKPO_1704132900_OFFICE-00980AAF,2024-01-01 17:15:00,2024-01-01 17:30:00,1704132900,134.33,42,0.0,0.0,12,389.78,0,0.00,1.204
ADIKPO_1704133800_OFFICE-00980AAF,2024-01-01 17:30:00,2024-01-01 17:45:00,1704133800,134.33,42,0.0,0.0,12,389.78,0,0.00,1.162
ADIKPO_1704134700_OFFICE-00980AAF,2024-01-01 17:45:00,2024-01-01 18:00:00,1704134700,134.33,42,0.0,0.0,12,389.78,0,0.00,1.184
ADIKPO_1704135600_OFFICE-00980AAF,2024-01-01 18:00:00,2024-01-01 18:15:00,1704135600,134.33,42,0.0,0.0,12,389.78,0,0.00,1.176
ADIKPO_1704136500_OFFICE-00980AAF,2024-01-01 18:15:00,2024-01-01 18:30:00,1704136500,134.33,42,0.0,0.0,12,389.78,0,0.00,1.085
ADIKPO_1704137400_OFFICE-00980AAF,2024-01-01 18:30:00,2024-01-01 18:45:00,1704137400,134.33,42,0.0,0.0,12,389.78,0,0.00,1.206
ADIKPO_1704138300_OFFICE-00980AAF,2024-01-01 18:45:00,2024-01-01 19:00:00,1704138300,134.33,42,0.0,0.0,12,389.78,0,0.00,1.128
ADIKPO_1704139200_OFFICE-00980AAF,2024-01-01 19:00:00,2024-01-01 19:15:00,1704139200,134.33,42,0.0,0.0,12,389.78,0,0.00,1.127
ADIKPO_1704140100_OFFICE-00980AAF,2024-01-01 19:15:00,2024-01-01 19:30:00,1704140100,134.33,42,0.0,0.0,12,389.78,0,0.00,1.129
ADIKPO_1704141000_OFFICE-00980AAF,2024-01-01 19:30:00,2024-01-01 19:45:00,1704141000,134.33,42,0.0,0.0,12,389.78,0,0.00,1.108
ADIKPO_1704141900_OFFICE-00980AAF,2024-01-01 19:45:00,2024-01-01 20:00:00,1704141900,134.33,42,0.0,0.0,12,389.78,0,0.00,1.071
ADIKPO_1704142800_OFFICE-00980AAF,2024-01-01 20:00:00,2024-01-01 20:15:00,1704142800,134.33,42,0.0,0.0,12,389.78,0,0.00,1.083
ADIKPO_1704143700_OFFICE-00980AAF,2024-01-01 20:15:00,2024-01-01 20:30:00,1704143700,134.33,42,0.0,0.0,12,389.78,0,0.00,0.948
ADIKPO_1704144600_OFFICE-00980AAF,2024-01-01 20:30:00,2024-01-01 20:45:00,1704144600,134.33,42,0.0,0.0,12,389.78,0,0.00,0.91
ADIKPO_1704145500_OFFICE-00980AAF,2024-01-01 20:45:00,2024-01-01 21:00:00,1704145500,134.33,42,0.0,0.0,12,389.78,0,0.00,0.918
ADIKPO_1704146400_OFFICE-00980AAF,2024-01-01 21:00:00,2024-01-01 21:15:00,1704146400,134.33,42,0.0,0.0,12,389.78,0,0.00,0.899
ADIKPO_1704147300_OFFICE-00980AAF,2024-01-01 21:15:00,2024-01-01 21:30:00,1704147300,134.33,42,0.0,0.0,12,389.78,0,0.00,0.89
ADIKPO_1704148200_OFFICE-00980AAF,2024-01-01 21:30:00,2024-01-01 21:45:00,1704148200,134.33,42,0.0,0.0,12,389.78,0,0.00,0.837
ADIKPO_1704149100_OFFICE-00980AAF,2024-01-01 21:45:00,2024-01-01 22:00:00,1704149100,134.33,42,0.0,0.0,12,389.78,0,0.00,0.86
ADIKPO_1704150000_OFFICE-00980AAF,2024-01-01 22:00:00,2024-01-01 22:15:00,1704150000,134.33,42,0.0,0.0,12,389.78,0,0.00,0.881
ADIKPO_1704150900_OFFICE-00980AAF,2024-01-01 22:15:00,2024-01-01 22:30:00,1704150900,134.33,42,0.0,0.0,12,389.78,0,0.00,0.895
ADIKPO_1704151800_OFFICE-00980AAF,2024-01-01 22:30:00,2024-01-01 22:45:00,1704151800,134.33,42,0.0,0.0,12,389.78,0,0.00,0.85
ADIKPO_1704152700_OFFICE-00980AAF,2024-01-01 22:45:00,2024-01-01 23:00:00,1704152700,134.33,42,0.0,0.0,12,389.78,0,0.00,0.888
